2.204182	-1339.5465	-1339.54893	-678.913195	-678.915626	
2.20899	-1339.54582	-1339.54893	-678.912514	-678.915626	
2.219091	-1339.54361	-1339.54893	-678.910309	-678.915626	
2.237261	-1339.53722	-1339.5402	-678.903919	-678.915626	
2.241853	-1339.53567	-1339.5402	-678.902367	-678.915626	
2.252031	-1339.53143	-1339.5402	-678.89813	-678.915626	
2.2622	-1339.52658	-1339.5402	-678.893279	-678.915626	
2.272336	-1339.52113	-1339.5402	-678.887826	-678.915626	
2.282526	-1339.51502	-1339.5402	-678.88172	-678.915626	
2.292644	-1339.50835	-1339.5402	-678.875044	-678.915626	
2.304357	-1339.49973	-1339.5402	-678.866431	-678.915626	
2.31302	-1339.49301	-1339.5402	-678.859704	-678.915626	
2.323148	-1339.48447	-1339.5402	-678.851166	-678.915626	
2.333278	-1339.47532	-1339.5402	-678.842014	-678.915626	
2.343426	-1339.46553	-1339.5402	-678.832225	-678.915626	
2.353633	-1339.45506	-1339.5402	-678.821757	-678.915626	
2.36384	-1339.44396	-1339.5402	-678.810659	-678.915626	
2.373897	-1339.43243	-1339.5402	-678.799125	-678.915626	
2.384086	-1339.42011	-1339.5402	-678.786809	-678.915626	
2.394293	-1339.40715	-1339.5402	-678.773847	-678.906899	
2.405971	-1339.39144	-1339.5402	-678.75814	-678.906899	
2.414562	-1339.37954	-1339.5402	-678.746236	-678.906899	
2.424684	-1339.36484	-1339.5402	-678.731538	-678.906899	
2.434849	-1339.34946	-1339.5402	-678.716161	-678.906899	
2.444956	-1339.33356	-1339.5402	-678.700259	-678.906899	
2.455136	-1339.31692	-1339.5402	-678.683615	-678.906899	
2.465345	-1339.29959	-1339.5402	-678.666293	-678.898172	
2.475451	-1339.28185	-1339.53147	-678.648549	-678.898172	
2.4856	-1339.26341	-1339.53147	-678.630105	-678.898172	
2.495757	-1339.24432	-1339.52275	-678.611014	-678.898172	
2.507659	-1339.22103	-1339.52275	-678.587729	-678.889446	
2.516083	-1339.20424	-1339.50529	-678.570941	-678.880719	
2.526203	-1339.18339	-1339.49657	-678.550088	-678.863266	
2.5364	-1339.16174	-1339.48784	-678.528443	-678.863266	
2.546857	-1339.13888	-1339.47039	-678.50558	-678.845813	
2.556654	-1339.11692	-1339.45293	-678.483614	-678.828359	
2.566782	-1339.09358	-1339.42675	-678.460276	-678.810906	
2.576998	-1339.0694	-1339.4093	-678.436096	-678.793453	
2.587075	-1339.04495	-1339.38312	-678.411651	-678.775999	
2.597231	-1339.01969	-1339.35694	-678.386387	-678.758546	
2.609226	-1338.9889	-1339.33076	-678.355603	-678.72364	
2.617528	-1338.96731	-1339.30458	-678.334009	-678.69746	
2.62775	-1338.94002	-1339.2784	-678.306716	-678.67128	
2.637875	-1338.91236	-1339.24349	-678.279061	-678.636373	
2.647959	-1338.8842	-1339.20859	-678.250903	-678.601466	
2.658507	-1338.85408	-1339.17368	-678.220776	-678.56656	
2.668253	-1338.8257	-1339.13878	-678.192399	-678.531653	
2.678446	-1338.79536	-1339.10387	-678.16206	-678.496747	
2.68852	-1338.76481	-1339.06896	-678.131508	-678.453113	
2.69872	-1338.73322	-1339.03406	-678.099916	-678.40948	
2.710552	-1338.69566	-1338.99042	-678.062361	-678.374574	
2.718998	-1338.66856	-1338.94679	-678.035255	-678.33094	
2.729187	-1338.63515	-1338.90316	-678.001844	-678.287307	
2.747144	-1338.5739	-1338.82462	-677.9406	-678.200041	
2.751681	-1338.5585	-1338.80716	-677.925194	-678.173861	
2.761885	-1338.52302	-1338.76353	-677.88972	-678.130228	
2.772049	-1338.48708	-1338.7199	-677.853781	-678.086594	
2.782217	-1338.4505	-1338.66754	-677.817197	-678.034234	
2.792374	-1338.41335	-1338.61518	-677.780044	-677.990601	
2.802533	-1338.37557	-1338.57154	-677.742265	-677.938241	
2.813541	-1338.33385	-1338.51918	-677.70055	-677.885881	
2.823344	-1338.29619	-1338.47555	-677.662885	-677.833522	
2.833492	-1338.25657	-1338.42319	-677.62327	-677.781162	
2.843662	-1338.21623	-1338.37083	-677.582933	-677.737528	
2.853759	-1338.17558	-1338.31847	-677.542279	-677.685169	
2.863951	-1338.1339	-1338.26611	-677.5006	-677.641535	
2.874123	-1338.09173	-1338.21375	-677.458428	-677.589176	
2.884286	-1338.04893	-1338.16139	-677.415624	-677.536816	
2.894403	-1338.00574	-1338.10903	-677.372439	-677.493182	
2.904519	-1337.96193	-1338.05667	-677.328632	-677.432096	
2.915126	-1337.91527	-1338.00431	-677.281967	-677.388463	
2.924904	-1337.87176	-1337.95195	-677.238455	-677.336103	
2.935041	-1337.826	-1337.89959	-677.192695	-677.29247	
2.945171	-1337.77935	-1337.84723	-677.146053	-677.231383	
2.955602	-1337.73089	-1337.79487	-677.09759	-677.18775	
2.965506	-1337.68477	-1337.74251	-677.051471	-677.13539	
2.975639	-1337.63656	-1337.69015	-677.003257	-677.08303	
2.985815	-1337.58749	-1337.63779	-676.95419	-677.03067	
2.996034	-1337.53765	-1337.58543	-676.904348	-676.97831	
3.006112	-1337.48783	-1337.53307	-676.854523	-676.92595	
3.016649	-1337.43509	-1337.48944	-676.801791	-676.873591	
3.026605	-1337.38471	-1337.43708	-676.751404	-676.812504	
3.036618	-1337.33341	-1337.39345	-676.70011	-676.768871	
3.046761	-1337.28083	-1337.33236	-676.647524	-676.707784	
3.057063	-1337.22677	-1337.28873	-676.593472	-676.655424	
3.067051	-1337.17379	-1337.23637	-676.540489	-676.594338	
3.07719	-1337.11936	-1337.18401	-676.486062	-676.541978	
3.08733	-1337.06435	-1337.12292	-676.431045	-676.489618	
3.097495	-1337.00852	-1337.07056	-676.375222	-676.428532	
3.107831	-1336.95114	-1337.00947	-676.317837	-676.376172	
3.117945	-1336.89437	-1336.95711	-676.261071	-676.315085	
3.128002	-1336.83734	-1336.90475	-676.204042	-676.253999	
3.138134	-1336.77927	-1336.84367	-676.14597	-676.201639	
3.14822	-1336.72085	-1336.78258	-676.087547	-676.140552	
3.158611	-1336.65998	-1336.73022	-676.026677	-676.079466	
3.168556	-1336.60118	-1336.66041	-675.967873	-676.018379	
3.17876	-1336.54018	-1336.60805	-675.906882	-675.966019	
3.188797	-1336.47962	-1336.54696	-675.846319	-675.896206	
3.198988	-1336.41744	-1336.48587	-675.784138	-675.83512	
3.209568	-1336.35225	-1336.41606	-675.718943	-675.774033	
3.219766	-1336.28875	-1336.34625	-675.655453	-675.712947	
3.229573	-1336.22721	-1336.28516	-675.593906	-675.65186	
3.239876	-1336.16163	-1336.22408	-675.528328	-675.582047	
3.249996	-1336.09704	-1336.15426	-675.463741	-675.512234	
3.26019	-1336.03114	-1336.09318	-675.397835	-675.451147	
3.270342	-1335.9649	-1336.02336	-675.331596	-675.381334	
3.280507	-1335.89793	-1335.96228	-675.264626	-675.320247	
3.2907	-1335.83016	-1335.89246	-675.19686	-675.250434	
3.300812	-1335.7623	-1335.82265	-675.129002	-675.180621	
3.310984	-1335.69345	-1335.75284	-675.060152	-675.119535	
3.321508	-1335.62149	-1335.68302	-674.988188	-675.049721	
3.33132	-1335.55393	-1335.61321	-674.920631	-674.979908	
3.341466	-1335.48339	-1335.5434	-674.850089	-674.901368	
3.351629	-1335.4121	-1335.47358	-674.778794	-674.831555	
3.361753	-1335.34049	-1335.40377	-674.707188	-674.753015	
3.371982	-1335.26749	-1335.33396	-674.634193	-674.683202	
3.382079	-1335.19483	-1335.26414	-674.561525	-674.604662	
3.392245	-1335.12105	-1335.19433	-674.487746	-674.534849	
3.402474	-1335.0462	-1335.12452	-674.412895	-674.465036	
3.412557	-1334.97177	-1335.0547	-674.33847	-674.386496	
3.423426	-1334.8908	-1334.97616	-674.257494	-674.307957	
3.432991	-1334.81912	-1334.89763	-674.185816	-674.238143	
3.443087	-1334.74275	-1334.81909	-674.109452	-674.159604	
3.453217	-1334.66554	-1334.74055	-674.032237	-674.081064	
3.4634	-1334.58727	-1334.67073	-673.953964	-674.011251	
3.473571	-1334.50849	-1334.59219	-673.875193	-673.941437	
3.483708	-1334.42937	-1334.51365	-673.79607	-673.862898	
3.493863	-1334.34949	-1334.43511	-673.716187	-673.793084	
3.50401	-1334.26904	-1334.35657	-673.635734	-673.705818	
3.514156	-1334.18794	-1334.26931	-673.554639	-673.627278	
3.524371	-1334.10574	-1334.19077	-673.472437	-673.557465	
3.534503	-1334.02357	-1334.11223	-673.390266	-673.470198	
3.545108	-1333.93685	-1334.02496	-673.303552	-673.382932	
3.555192	-1333.85342	-1333.93769	-673.22012	-673.313119	
3.565605	-1333.76679	-1333.86788	-673.133488	-673.225852	
3.575487	-1333.68484	-1333.78061	-673.051534	-673.138586	
3.585694	-1333.5989	-1333.69335	-672.965601	-673.060046	
3.59584	-1333.51288	-1333.60608	-672.879582	-672.97278	
3.605972	-1333.42637	-1333.51881	-672.793066	-672.885513	
3.616245	-1333.33796	-1333.43155	-672.704657	-672.798247	
3.626623	-1333.24803	-1333.34428	-672.614729	-672.71098	
3.636597	-1333.16108	-1333.25702	-672.527779	-672.623714	
3.64673	-1333.07207	-1333.16975	-672.438768	-672.536447	
3.65684	-1332.98263	-1333.08248	-672.349329	-672.449181	
3.667111	-1332.89114	-1332.99522	-672.257837	-672.353188	
3.677181	-1332.80086	-1332.89922	-672.167559	-672.265921	
3.687324	-1332.70927	-1332.80323	-672.075972	-672.169928	
3.69749	-1332.61689	-1332.71596	-671.983592	-672.082662	
3.70762	-1332.52422	-1332.61997	-671.890916	-671.986669	
3.726372	-1332.34996	-1332.52398	-671.716654	-671.899402	
3.730998	-1332.30714	-1332.4018	-671.673839	-671.777229	
3.741172	-1332.21198	-1332.30581	-671.578683	-671.672509	
3.751293	-1332.11675	-1332.20982	-671.483447	-671.576516	
3.761418	-1332.02084	-1332.11382	-671.387539	-671.480523	
3.771618	-1331.92358	-1332.01783	-671.290276	-671.375803	
3.781742	-1331.82646	-1331.91311	-671.193162	-671.288537	
3.791926	-1331.72783	-1331.80839	-671.094528	-671.183817	
3.802079	-1331.62945	-1331.70367	-670.99615	-671.079097	
3.812187	-1331.53062	-1331.59895	-670.897315	-670.974378	
3.822397	-1331.43017	-1331.50296	-670.796863	-670.878385	
3.83262	-1331.32898	-1331.39824	-670.695677	-670.773665	
3.842768	-1331.22791	-1331.29352	-670.594608	-670.668945	
3.852881	-1331.12657	-1331.1888	-670.493264	-670.564225	
3.862994	-1331.02463	-1331.08408	-670.391327	-670.459506	
3.873194	-1330.92112	-1330.98809	-670.287815	-670.354786	
3.883326	-1330.81774	-1330.88337	-670.18444	-670.250066	
3.893469	-1330.71366	-1330.77865	-670.080356	-670.13662	
3.903609	-1330.60896	-1330.67393	-669.975655	-670.0319	
3.913778	-1330.50331	-1330.56921	-669.870012	-669.918453	
3.923989	-1330.39664	-1330.45576	-669.763338	-669.805007	
3.934174	-1330.28958	-1330.35104	-669.656282	-669.691561	
3.944258	-1330.18301	-1330.2376	-669.549712	-669.578114	
3.954523	-1330.0739	-1330.13288	-669.440602	-669.473394	
3.964758	-1329.96447	-1330.01943	-669.331172	-669.351221	
3.974692	-1329.85767	-1329.90598	-669.224368	-669.237775	
3.984891	-1329.74735	-1329.79254	-669.114049	-669.124329	
3.995014	-1329.63731	-1329.67909	-669.004005	-669.019609	
4.005168	-1329.52572	-1329.57437	-668.892421	-668.897436	
4.015461	-1329.41304	-1329.46092	-668.779734	-668.783989	
4.025607	-1329.30005	-1329.34748	-668.666753	-668.670543	
4.0358	-1329.1875	-1329.22531	-668.554198	-668.557097	
4.045813	-1329.07562	-1329.12059	-668.442314	-668.44365	
4.055969	-1328.96113	-1329.00714	-668.327823	-668.321477	
4.066122	-1328.84673	-1328.88497	-668.213428	-668.216757	
4.076209	-1328.73207	-1328.77152	-668.098772	-668.094584	
4.086433	-1328.61536	-1328.65807	-667.982055	-667.972411	
4.096529	-1328.49942	-1328.5359	-667.866123	-667.867692	
4.106718	-1328.38179	-1328.42245	-667.748486	-667.745519	
4.116791	-1328.26493	-1328.30028	-667.63163	-667.632072	
4.127083	-1328.14476	-1328.17811	-667.511461	-667.518626	
4.137246	-1328.02562	-1328.06466	-667.392322	-667.396453	
4.147301	-1327.90712	-1327.94249	-667.273823	-667.27428	
4.157432	-1327.78708	-1327.82904	-667.153774	-667.16956	
4.168847	-1327.64905	-1327.70687	-667.01575	-667.047387	
4.186055	-1327.44377	-1327.5847	-666.810464	-666.925214	
4.190816	-1327.38669	-1327.43634	-666.753392	-666.776861	
4.200799	-1327.26686	-1327.31417	-666.63356	-666.654688	
4.211425	-1327.13934	-1327.18327	-666.506036	-666.523788	
4.221513	-1327.01831	-1327.0611	-666.385004	-666.401615	
4.233331	-1326.87637	-1326.93892	-666.243068	-666.279442	
4.24183	-1326.7745	-1326.81675	-666.1412	-666.157269	
4.252067	-1326.65166	-1326.69458	-666.018356	-666.035096	
4.262139	-1326.53081	-1326.5724	-665.897504	-665.912923	
4.27229	-1326.40899	-1326.45023	-665.775692	-665.79075	
4.282529	-1326.2861	-1326.32806	-665.6528	-665.668577	
4.292598	-1326.16531	-1326.20589	-665.532008	-665.537677	
4.302746	-1326.0435	-1326.08371	-665.410196	-665.424231	
4.312902	-1325.92163	-1325.95281	-665.288324	-665.293331	
4.323161	-1325.79855	-1325.83064	-665.165252	-665.171158	
4.334619	-1325.66089	-1325.69974	-665.027588	-665.040258	
4.343424	-1325.55528	-1325.56884	-664.921976	-664.918085	
4.353544	-1325.43396	-1325.44667	-664.800656	-664.795912	
4.363697	-1325.31211	-1325.31577	-664.678808	-664.665012	
4.373824	-1325.19059	-1325.18487	-664.557284	-664.542839	
4.383996	-1325.06811	-1325.06269	-664.434812	-664.41194	
4.394164	-1324.94649	-1324.9318	-664.313192	-664.289767	
4.404291	-1324.82497	-1324.80962	-664.191668	-664.167594	
4.414455	-1324.70303	-1324.67872	-664.069724	-664.036694	
4.424671	-1324.5804	-1324.55655	-663.947096	-663.914521	
4.43666	-1324.43645	-1324.43438	-663.803144	-663.783621	
4.444862	-1324.33814	-1324.30348	-663.70484	-663.661448	
4.455052	-1324.21584	-1324.1813	-663.582536	-663.539275	
4.465267	-1324.09322	-1324.05913	-663.45992	-663.408375	
4.475441	-1323.96836	-1323.93696	-663.33506	-663.294929	
4.485508	-1323.85035	-1323.81478	-663.217052	-663.155303	
4.495631	-1323.72885	-1323.68388	-663.095552	-663.03313	
4.505787	-1323.60703	-1323.56171	-662.973728	-662.910956	
4.515968	-1323.48485	-1323.43081	-662.851544	-662.788783	
4.526029	-1323.36404	-1323.31737	-662.73074	-662.66661	
4.537599	-1323.22521	-1323.18647	-662.591912	-662.535711	
4.546466	-1323.11885	-1323.06429	-662.485544	-662.413538	
4.556624	-1322.99697	-1322.94212	-662.363672	-662.282638	
4.566689	-1322.87619	-1322.81995	-662.242892	-662.160465	
4.577091	-1322.75135	-1322.69777	-662.118044	-662.038292	
4.586995	-1322.63252	-1322.5756	-661.99922	-661.916119	
4.597119	-1322.51103	-1322.45343	-661.877732	-661.793946	
4.607266	-1322.38925	-1322.33125	-661.755944	-661.671773	
4.617423	-1322.26739	-1322.20908	-661.634084	-661.5496	
4.636546	-1322.03784	-1322.09564	-661.404536	-661.436153	
4.641226	-1321.98175	-1321.92983	-661.348448	-661.270347	
4.651497	-1321.85849	-1321.80766	-661.225184	-661.156901	
4.661504	-1321.73843	-1321.68548	-661.105124	-661.026001	
4.671791	-1321.61498	-1321.56331	-660.98168	-660.912554	
4.681816	-1321.49463	-1321.44114	-660.861332	-660.790381	
4.691956	-1321.373	-1321.31896	-660.7397	-660.676935	
4.702133	-1321.25089	-1321.19679	-660.617588	-660.554762	
4.712317	-1321.12863	-1321.08334	-660.495332	-660.432589	
4.722531	-1321.00608	-1320.96117	-660.372776	-660.319143	
4.732564	-1320.88571	-1320.839	-660.252404	-660.19697	
4.742837	-1320.76235	-1320.72555	-660.129044	-660.083523	
4.752941	-1320.64117	-1320.60338	-660.007868	-659.970077	
4.763139	-1320.51877	-1320.48121	-659.885468	-659.847904	
4.773238	-1320.39761	-1320.35903	-659.764304	-659.734457	
4.783494	-1320.27451	-1320.24559	-659.641208	-659.612284	
4.79358	-1320.15348	-1320.12341	-659.520176	-659.490111	
4.803731	-1320.03169	-1320.00124	-659.398388	-659.376665	
4.813892	-1319.90976	-1319.88779	-659.276456	-659.254492	
4.824024	-1319.78817	-1319.76562	-659.154872	-659.141045	
4.83426	-1319.66533	-1319.64345	-659.032028	-659.018872	
4.844663	-1319.54039	-1319.52127	-658.907084	-658.896699	
4.854479	-1319.42271	-1319.3991	-658.789412	-658.774526	
4.864639	-1319.30077	-1319.27693	-658.667468	-658.652353	
4.874867	-1319.17805	-1319.15476	-658.544744	-658.538907	
4.884988	-1319.05662	-1319.03258	-658.423316	-658.408007	
4.895183	-1318.93359	-1318.91041	-658.300292	-658.294561	
4.905373	-1318.81197	-1318.78824	-658.178672	-658.172388	
4.915494	-1318.69053	-1318.66606	-658.057232	-658.050215	
4.925629	-1318.56891	-1318.54389	-657.935612	-657.919315	
4.93574	-1318.44755	-1318.42172	-657.814244	-657.805868	
4.945973	-1318.32471	-1318.29954	-657.691412	-657.674969	
4.956366	-1318.20005	-1318.1861	-657.566744	-657.552796	
4.966236	-1318.08164	-1318.06392	-657.44834	-657.430623	
4.97643	-1317.95924	-1317.94175	-657.32594	-657.299723	
4.986994	-1317.83247	-1317.81958	-657.199172	-657.17755	
4.996735	-1317.71563	-1317.70613	-657.082328	-657.055377	
5.006834	-1317.59449	-1317.57523	-656.961188	-656.933204	
5.016982	-1317.47265	-1317.45306	-656.839352	-656.802304	
5.027297	-1317.3489	-1317.33089	-656.715596	-656.680131	
5.037278	-1317.22914	-1317.20871	-656.595836	-656.557958	
5.047871	-1317.10195	-1317.07781	-656.468648	-656.427058	
5.057622	-1316.98501	-1316.95564	-656.351708	-656.304885	
5.075786	-1316.76701	-1316.83347	-656.133704	-656.173986	
5.080517	-1316.71026	-1316.67639	-656.076956	-656.025633	
5.090616	-1316.58907	-1316.55421	-655.955768	-655.894733	
5.100675	-1316.46839	-1316.43204	-655.835084	-655.77256	
5.11084	-1316.34636	-1316.30987	-655.713056	-655.650387	
5.121035	-1316.22403	-1316.17897	-655.590728	-655.528214	
5.131184	-1316.10224	-1316.0568	-655.46894	-655.406041	
5.141312	-1315.98071	-1315.9259	-655.347404	-655.275141	
5.151537	-1315.85799	-1315.80372	-655.224692	-655.161695	
5.161686	-1315.73624	-1315.68155	-655.10294	-655.030795	
5.171839	-1315.61438	-1315.55938	-654.98108	-654.917349	
5.181966	-1315.49282	-1315.4372	-654.85952	-654.786449	
5.192087	-1315.37103	-1315.31503	-654.737732	-654.673002	
5.202261	-1315.24931	-1315.19286	-654.616004	-654.550829	
5.221702	-1315.01595	-1314.95724	-654.382652	-654.323937	
5.226289	-1314.96099	-1314.91361	-654.327692	-654.271577	
5.236883	-1314.83384	-1314.79143	-654.20054	-654.149404	
5.247258	-1314.70929	-1314.66926	-654.075992	-654.027231	
5.256785	-1314.59503	-1314.54709	-653.961728	-653.905058	
5.266993	-1314.47253	-1314.42491	-653.839232	-653.791611	
5.277052	-1314.35185	-1314.30274	-653.718548	-653.669438	
5.287206	-1314.22993	-1314.18057	-653.596628	-653.555992	
5.297557	-1314.10574	-1314.06712	-653.47244	-653.425092	
5.307506	-1313.98639	-1313.94495	-653.353088	-653.311646	
5.31771	-1313.86391	-1313.8315	-653.230604	-653.189473	
5.327839	-1313.74235	-1313.70933	-653.109044	-653.0673	
5.337932	-1313.62129	-1313.58715	-652.987988	-652.945126	
5.349943	-1313.47706	-1313.46498	-652.84376	-652.822953	
5.358295	-1313.3769	-1313.34281	-652.743596	-652.709507	
5.36836	-1313.25613	-1313.22064	-652.622828	-652.587334	
5.378617	-1313.13302	-1313.09846	-652.49972	-652.473888	
5.388838	-1313.01036	-1312.97629	-652.377056	-652.342988	
5.398853	-1312.89017	-1312.85412	-652.256864	-652.229541	
5.408984	-1312.76864	-1312.73194	-652.13534	-652.107368	
5.419117	-1312.64705	-1312.60977	-652.013744	-651.985195	
5.429341	-1312.52437	-1312.4876	-651.891068	-651.863022	
5.439381	-1312.40391	-1312.36542	-651.770612	-651.740849	
5.459311	-1312.16463	-1312.23452	-651.531332	-651.618676	
5.463942	-1312.10916	-1312.06872	-651.475856	-651.444143	
5.47409	-1311.98741	-1311.94655	-651.354104	-651.32197	
5.484337	-1311.86439	-1311.82437	-651.231092	-651.199797	
5.49456	-1311.74172	-1311.7022	-651.108416	-651.077624	
5.504594	-1311.62133	-1311.58003	-650.988032	-650.946724	
5.514787	-1311.49902	-1311.45785	-650.865716	-650.833278	
5.525076	-1311.37553	-1311.33568	-650.742224	-650.702378	
5.535187	-1311.25359	-1311.21351	-650.620292	-650.580205	
5.5456	-1311.12836	-1311.09133	-650.49506	-650.449306	
5.555556	-1311.00975	-1310.96916	-650.376452	-650.327133	
5.565703	-1310.88803	-1310.83826	-650.254724	-650.20496	
5.57584	-1310.76638	-1310.72481	-650.13308	-650.082786	
5.585997	-1310.64446	-1310.59392	-650.01116	-649.960613	
5.596183	-1310.52223	-1310.47174	-649.888928	-649.829714	
5.606297	-1310.4009	-1310.34084	-649.767596	-649.707541	
5.61647	-1310.2788	-1310.21867	-649.645496	-649.576641	
5.626665	-1310.15647	-1310.0965	-649.523168	-649.463195	
5.636699	-1310.03607	-1309.97432	-649.402772	-649.332295	
5.647009	-1309.91228	-1309.85215	-649.27898	-649.210122	
5.657052	-1309.79181	-1309.72998	-649.158512	-649.087949	
5.667247	-1309.66944	-1309.6078	-649.036136	-648.965776	
5.677353	-1309.54821	-1309.48563	-648.914912	-648.843603	
5.687514	-1309.42628	-1309.36346	-648.79298	-648.72143	
5.697651	-1309.30458	-1309.24129	-648.671276	-648.599257	
5.707892	-1309.18172	-1309.11911	-648.54842	-648.477084	
5.717968	-1309.06087	-1308.99694	-648.427568	-648.354911	
5.728129	-1308.93851	-1308.87477	-648.305204	-648.250191	
5.738248	-1308.81749	-1308.76132	-648.184184	-648.128018	
5.748596	-1308.69327	-1308.63915	-648.059972	-648.005845	
5.758602	-1308.5732	-1308.5257	-647.9399	-647.883672	
5.768752	-1308.45139	-1308.3948	-647.818088	-647.770225	
5.778923	-1308.32936	-1308.28135	-647.69606	-647.656779	
5.789	-1308.20847	-1308.15918	-647.575172	-647.534606	
5.799338	-1308.08437	-1308.03701	-647.451068	-647.412433	
5.817412	-1307.86745	-1307.82757	-647.234144	-647.202993	
5.821992	-1307.81257	-1307.77521	-647.179268	-647.141907	
5.832155	-1307.69022	-1307.65304	-647.056916	-647.02846	
5.84242	-1307.56737	-1307.53086	-646.934072	-646.906287	
5.852489	-1307.44657	-1307.41742	-646.813268	-646.784114	
5.862731	-1307.32362	-1307.29524	-646.690316	-646.670668	
5.873018	-1307.2002	-1307.17307	-646.566896	-646.548495	
5.883039	-1307.07996	-1307.05962	-646.446656	-646.435048	
5.893083	-1306.95945	-1306.93745	-646.326152	-646.312875	
5.903289	-1306.83696	-1306.81528	-646.203656	-646.190702	
5.91349	-1306.71453	-1306.6931	-646.081232	-646.068529	
5.923602	-1306.59321	-1306.57093	-645.959912	-645.946356	
5.933755	-1306.47143	-1306.44003	-645.838124	-645.83291	
5.943871	-1306.35001	-1306.32659	-645.716708	-645.710737	
5.954073	-1306.22756	-1306.19569	-645.59426	-645.588564	
5.964345	-1306.1043	-1306.07351	-645.470996	-645.457664	
5.974542	-1305.98195	-1305.95134	-645.348644	-645.344218	
5.984554	-1305.86178	-1305.83789	-645.228476	-645.213318	
5.994807	-1305.73875	-1305.70699	-645.105452	-645.091145	
6.004808	-1305.61877	-1305.59355	-644.985464	-644.968972	
6.015055	-1305.49577	-1305.47137	-644.862464	-644.846799	
6.025278	-1305.37308	-1305.3492	-644.739776	-644.724626	
6.035364	-1305.25212	-1305.22703	-644.618816	-644.593726	
6.045626	-1305.12895	-1305.10485	-644.495648	-644.471553	
6.055733	-1305.00762	-1304.98268	-644.374316	-644.340653	
6.066035	-1304.88399	-1304.86051	-644.250692	-644.21848	
6.07619	-1304.76215	-1304.72961	-644.128844	-644.096307	
6.086295	-1304.6409	-1304.60744	-644.007596	-643.965407	
6.096457	-1304.51898	-1304.47654	-643.885676	-643.843234	
6.106947	-1304.39306	-1304.35436	-643.75976	-643.712335	
6.116739	-1304.27561	-1304.23219	-643.642304	-643.590162	
6.12688	-1304.15391	-1304.11002	-643.520612	-643.467989	
6.137039	-1304.03201	-1303.98784	-643.398704	-643.337089	
6.147164	-1303.91051	-1303.86567	-643.277204	-643.223643	
6.157416	-1303.78746	-1303.7435	-643.154156	-643.092743	
6.169156	-1303.64345	-1303.6126	-643.010144	-642.97057	
6.177923	-1303.54137	-1303.49043	-642.908072	-642.848397	
6.187985	-1303.42065	-1303.35953	-642.787352	-642.726224	
6.198177	-1303.2983	-1303.24608	-642.665	-642.604051	
6.208578	-1303.17348	-1303.11518	-642.540176	-642.481878	
6.218455	-1303.05495	-1303.00173	-642.421652	-642.359705	
6.228565	-1302.93363	-1302.87083	-642.300332	-642.246258	
6.238711	-1302.81194	-1302.75739	-642.17864	-642.115358	
6.248838	-1302.69039	-1302.63521	-642.057092	-642.001912	
6.259049	-1302.56785	-1302.51304	-641.934548	-641.879739	
6.269248	-1302.44547	-1302.39087	-641.812172	-641.757566	
6.279411	-1302.32353	-1302.27742	-641.690228	-641.635393	
6.289521	-1302.20221	-1302.14652	-641.568908	-641.521947	
6.299613	-1302.08111	-1302.03308	-641.447804	-641.4085	
6.309897	-1301.9577	-1301.9109	-641.324396	-641.2776	
6.320033	-1301.83608	-1301.78873	-641.202776	-641.164154	
6.330513	-1301.71026	-1301.66656	-641.076956	-641.041981	
6.340415	-1301.59147	-1301.54438	-640.958168	-640.919808	
6.350626	-1301.46895	-1301.43094	-640.835648	-640.806362	
6.360806	-1301.34678	-1301.30876	-640.713476	-640.684188	
6.370906	-1301.22558	-1301.19532	-640.592276	-640.570742	
6.38105	-1301.10384	-1301.07314	-640.470536	-640.439842	
6.391182	-1300.98228	-1300.95097	-640.348976	-640.326396	
6.401376	-1300.85996	-1300.83752	-640.22666	-640.204223	
6.411522	-1300.73819	-1300.71535	-640.104884	-640.08205	
6.421645	-1300.61672	-1300.60191	-639.98342	-639.959877	
6.431818	-1300.49467	-1300.47101	-639.861368	-639.84643	
6.441958	-1300.37293	-1300.34883	-639.739628	-639.724257	
6.452117	-1300.25106	-1300.22666	-639.617756	-639.602084	
6.462261	-1300.12933	-1300.11321	-639.496028	-639.488638	
6.47275	-1300.00341	-1299.98231	-639.370112	-639.357738	
6.482741	-1299.88356	-1299.86014	-639.250256	-639.235565	
6.492827	-1299.76256	-1299.73797	-639.12926	-639.113392	
6.502918	-1299.64146	-1299.61579	-639.008156	-638.999946	
6.513275	-1299.51715	-1299.49362	-638.883848	-638.869046	
6.523279	-1299.3971	-1299.38017	-638.7638	-638.746873	
6.53341	-1299.27555	-1299.258	-638.642252	-638.6247	
6.543595	-1299.15329	-1299.13583	-638.519984	-638.502527	
6.553697	-1299.03211	-1299.01366	-638.398808	-638.371627	
6.563862	-1298.91008	-1298.89148	-638.27678	-638.249454	
6.574391	-1298.78373	-1298.76931	-638.150432	-638.127281	
6.584219	-1298.66544	-1298.64714	-638.032136	-638.005108	
6.594372	-1298.54399	-1298.52496	-637.910684	-637.882935	
6.604477	-1298.42273	-1298.40279	-637.789424	-637.760762	
6.614662	-1298.30052	-1298.27189	-637.667216	-637.638589	
6.624807	-1298.17878	-1298.14972	-637.545476	-637.507689	
6.635033	-1298.05607	-1298.02754	-637.422764	-637.385516	
6.645315	-1297.93268	-1297.89664	-637.29938	-637.254616	
6.65561	-1297.80817	-1297.77447	-637.174868	-637.132443	
6.667083	-1297.67133	-1297.6523	-637.038032	-637.01027	
6.675845	-1297.56631	-1297.53013	-636.933008	-636.879371	
6.685982	-1297.44464	-1297.40795	-636.81134	-636.757198	
6.696048	-1297.32386	-1297.28578	-636.69056	-636.626298	
6.706246	-1297.20149	-1297.16361	-636.568184	-636.512852	
6.716857	-1297.07412	-1297.04143	-636.440816	-636.381952	
6.726555	-1296.95779	-1296.91926	-636.324488	-636.259779	
6.736686	-1296.83622	-1296.79709	-636.202916	-636.137606	
6.747084	-1296.71141	-1296.67491	-636.078104	-636.024159	
6.756969	-1296.59283	-1296.55274	-635.959532	-635.901986	
6.768577	-1296.45343	-1296.43057	-635.820128	-635.78854	
6.777367	-1296.348	-1296.3084	-635.714696	-635.666367	
6.787467	-1296.22686	-1296.18622	-635.593556	-635.544194	
6.797583	-1296.10548	-1296.06405	-635.472176	-635.422021	
6.815649	-1295.88774	-1295.94188	-635.254436	-635.299848	
6.820418	-1295.83143	-1295.7848	-635.198132	-635.160221	
6.830524	-1295.71019	-1295.67135	-635.076884	-635.038048	
6.840849	-1295.58625	-1295.54918	-634.952948	-634.915875	
6.851113	-1295.46303	-1295.427	-634.829732	-634.793702	
6.860994	-1295.34452	-1295.30483	-634.71122	-634.671529	
6.872672	-1295.20425	-1295.19138	-634.570952	-634.558083	
6.881438	-1295.09919	-1295.06921	-634.465892	-634.43591	
6.89151	-1294.97832	-1294.94704	-634.345016	-634.322463	
6.901646	-1294.85669	-1294.82487	-634.223384	-634.20029	
6.911765	-1294.73526	-1294.70269	-634.101956	-634.078117	
6.922165	-1294.61047	-1294.58925	-633.977168	-633.955944	
6.932169	-1294.49043	-1294.46707	-633.857132	-633.833771	
6.942249	-1294.36947	-1294.3449	-633.736172	-633.720325	
6.952563	-1294.24571	-1294.22273	-633.612404	-633.598152	
6.962578	-1294.1255	-1294.10928	-633.4922	-633.484705	
6.974215	-1293.98576	-1293.97838	-633.35246	-633.362532	
6.982904	-1293.88159	-1293.86493	-633.248288	-633.240359	
6.993226	-1293.75773	-1293.73403	-633.124424	-633.118186	
7.003241	-1293.63757	-1293.61186	-633.004268	-632.996013	
7.013456	-1293.51499	-1293.48969	-632.881688	-632.87384	
7.023516	-1293.39423	-1293.37624	-632.760932	-632.751667	
7.033706	-1293.27199	-1293.24534	-632.638688	-632.629494	
7.043922	-1293.1494	-1293.1319	-632.516096	-632.507321	
7.053967	-1293.02888	-1293.00972	-632.39558	-632.385148	
7.064088	-1292.90739	-1292.88755	-632.274092	-632.262975	
7.076661	-1292.75642	-1292.76538	-632.12312	-632.140802	
7.08448	-1292.66269	-1292.6432	-632.029388	-632.018629	
7.094585	-1292.54144	-1292.52103	-631.90814	-631.896456	
7.104725	-1292.41976	-1292.39886	-631.78646	-631.774283	
7.115057	-1292.29579	-1292.27668	-631.662488	-631.643383	
7.125049	-1292.17585	-1292.15451	-631.542548	-631.52121	
7.13524	-1292.05359	-1292.03234	-631.420292	-631.399037	
7.145387	-1291.93182	-1291.91017	-631.298516	-631.276864	
7.155524	-1291.81014	-1291.78799	-631.176836	-631.145964	
7.175103	-1291.57513	-1291.66582	-630.941828	-631.023791	
7.180087	-1291.51538	-1291.49129	-630.88208	-630.849258	
7.189964	-1291.39691	-1291.36911	-630.763604	-630.727085	
7.200146	-1291.27472	-1291.24694	-630.64142	-630.604912	
7.210284	-1291.15303	-1291.11604	-630.519728	-630.482739	
7.220493	-1291.03052	-1290.99387	-630.39722	-630.360566	
7.230605	-1290.90923	-1290.87169	-630.275924	-630.238393	
7.240902	-1290.78565	-1290.74952	-630.152348	-630.11622	
7.250976	-1290.66475	-1290.61862	-630.031448	-629.994047	
7.261055	-1290.54379	-1290.50518	-629.910488	-629.871874	
7.271217	-1290.42183	-1290.37428	-629.788532	-629.749701	
7.281727	-1290.29568	-1290.26083	-629.662376	-629.627528	
7.291559	-1290.17774	-1290.12993	-629.54444	-629.505355	
7.301719	-1290.05585	-1290.01648	-629.422544	-629.391908	
7.311852	-1289.93424	-1289.89431	-629.300936	-629.261009	
7.321988	-1289.81264	-1289.78086	-629.17934	-629.147562	
7.332195	-1289.6901	-1289.64996	-629.056796	-629.025389	
7.342492	-1289.56653	-1289.53652	-628.933232	-628.911943	
7.352475	-1289.44676	-1289.41434	-628.81346	-628.781043	
7.362621	-1289.32502	-1289.29217	-628.69172	-628.667597	
7.372771	-1289.20316	-1289.17	-628.56986	-628.545424	
7.383058	-1289.07968	-1289.04783	-628.44638	-628.42325	
7.39312	-1288.959	-1288.92565	-628.325696	-628.301077	
7.403305	-1288.83677	-1288.80348	-628.203464	-628.178904	
7.41346	-1288.71494	-1288.69003	-628.08164	-628.065458	
7.423572	-1288.59357	-1288.56786	-627.960272	-627.943285	
7.433766	-1288.47126	-1288.45441	-627.837956	-627.821112	
7.443867	-1288.35006	-1288.33224	-627.716756	-627.698939	
7.454049	-1288.22789	-1288.21007	-627.594584	-627.585492	
7.464147	-1288.10671	-1288.08789	-627.473408	-627.454593	
7.483424	-1287.87525	-1287.96572	-627.241952	-627.341146	
7.488126	-1287.81891	-1287.79119	-627.185612	-627.17534	
7.498304	-1287.69681	-1287.66902	-627.063512	-627.053167	
7.508387	-1287.57583	-1287.54684	-626.942528	-626.930994	
7.518453	-1287.45499	-1287.42467	-626.821688	-626.808821	
7.528642	-1287.33271	-1287.3025	-626.699408	-626.677921	
7.538855	-1287.21021	-1287.1716	-626.576912	-626.564475	
7.548919	-1287.08946	-1287.05815	-626.456156	-626.433575	
7.559074	-1286.96756	-1286.92725	-626.33426	-626.311402	
7.569232	-1286.84568	-1286.8138	-626.212376	-626.189229	
7.581321	-1286.70049	-1286.6829	-626.067188	-626.058329	
7.589943	-1286.59707	-1286.56073	-625.963772	-625.936156	
7.600096	-1286.47529	-1286.43856	-625.841984	-625.813983	
7.610268	-1286.35326	-1286.32511	-625.719956	-625.683084	
7.620442	-1286.23117	-1286.19421	-625.597868	-625.56091	
7.630794	-1286.10692	-1286.07204	-625.47362	-625.438737	
7.640932	-1285.98528	-1285.94987	-625.351976	-625.316564	
7.6511	-1285.86323	-1285.82769	-625.229924	-625.185665	
7.661243	-1285.74153	-1285.69679	-625.108232	-625.063492	
7.671186	-1285.62225	-1285.57462	-624.988952	-624.932592	
7.682822	-1285.48247	-1285.45245	-624.849164	-624.810419	
7.691535	-1285.37803	-1285.33027	-624.744728	-624.688246	
7.701704	-1285.25599	-1285.2081	-624.622688	-624.566073	
7.711866	-1285.13407	-1285.0772	-624.500768	-624.4439	
7.722153	-1285.01064	-1284.96376	-624.377336	-624.313	
7.732179	-1284.89029	-1284.83286	-624.256988	-624.199554	
7.742494	-1284.76651	-1284.71068	-624.133208	-624.068654	
7.752485	-1284.64659	-1284.58851	-624.013292	-623.955208	
7.762809	-1284.52274	-1284.46634	-623.88944	-623.824308	
7.772753	-1284.40343	-1284.33544	-623.770124	-623.710861	
7.784365	-1284.26359	-1284.22199	-623.630288	-623.579962	
7.793203	-1284.15797	-1284.09109	-623.524664	-623.466515	
7.803321	-1284.03656	-1283.97764	-623.40326	-623.344342	
7.813427	-1283.91533	-1283.84674	-623.282024	-623.222169	
7.823674	-1283.79236	-1283.7333	-623.15906	-623.099996	
7.833792	-1283.67092	-1283.6024	-623.03762	-622.977823	
7.844243	-1283.54547	-1283.48895	-622.912172	-622.864377	
7.854106	-1283.42712	-1283.36678	-622.793816	-622.742204	
7.864212	-1283.30592	-1283.25333	-622.672616	-622.628757	
7.874515	-1283.18228	-1283.12243	-622.54898	-622.506584	
7.88595	-1283.04495	-1283.00899	-622.411652	-622.384411	
7.894747	-1282.93944	-1282.88681	-622.306136	-622.270965	
7.904849	-1282.81823	-1282.76464	-622.184924	-622.148792	
7.915043	-1282.69595	-1282.64247	-622.062644	-622.035345	
7.925135	-1282.57484	-1282.52029	-621.94154	-621.913172	
7.935575	-1282.44842	-1282.40685	-621.81512	-621.790999	
7.945549	-1282.32985	-1282.28467	-621.696548	-621.677553	
7.955596	-1282.20931	-1282.17123	-621.576008	-621.55538	
7.965737	-1282.08757	-1282.04033	-621.454268	-621.441933	
7.975879	-1281.96588	-1281.92688	-621.332576	-621.31976	
7.987371	-1281.82788	-1281.80471	-621.194576	-621.197587	
7.996261	-1281.72127	-1281.68254	-621.087968	-621.075414	
8.006424	-1281.59936	-1281.55164	-620.96606	-620.953241	
8.016623	-1281.47695	-1281.43819	-620.843648	-620.839795	
8.026658	-1281.35657	-1281.30729	-620.723264	-620.708895	
8.037049	-1281.23185	-1281.18512	-620.598548	-620.604175	
8.047071	-1281.1116	-1281.05422	-620.478296	-620.473276	
8.057372	-1280.98795	-1280.94077	-620.354648	-620.351103	
8.067343	-1280.86838	-1280.80987	-620.23508	-620.22893	
8.077467	-1280.74687	-1280.69643	-620.113568	-620.115483	
8.096058	-1280.52367	-1280.57425	-619.890368	-619.984584	
8.100795	-1280.46696	-1280.41717	-619.833656	-619.827504	
8.110971	-1280.34482	-1280.295	-619.71152	-619.696604	
8.121121	-1280.22297	-1280.17283	-619.589672	-619.574431	
8.13129	-1280.10099	-1280.05065	-619.467692	-619.452258	
8.141438	-1279.97923	-1279.92848	-619.345928	-619.330085	
8.151575	-1279.85757	-1279.79758	-619.224272	-619.207912	
8.16188	-1279.7339	-1279.68413	-619.1006	-619.077012	
8.181779	-1279.49505	-1279.43979	-618.861752	-618.832666	
8.186844	-1279.43431	-1279.3787	-618.801008	-618.77158	
8.196698	-1279.31605	-1279.25653	-618.682748	-618.649407	
8.20671	-1279.19594	-1279.13436	-618.56264	-618.527234	
8.218716	-1279.05177	-1279.01218	-618.418472	-618.405061	
8.22705	-1278.95186	-1278.89001	-618.31856	-618.282888	
8.237163	-1278.83045	-1278.76784	-618.197144	-618.160714	
8.247243	-1278.70956	-1278.64566	-618.076256	-618.029815	
8.257448	-1278.5871	-1278.52349	-617.953796	-617.916368	
8.267586	-1278.46544	-1278.40132	-617.83214	-617.785469	
8.277763	-1278.34328	-1278.27914	-617.70998	-617.672022	
8.288369	-1278.21601	-1278.15697	-617.582708	-617.541123	
8.298368	-1278.09602	-1278.0348	-617.46272	-617.41895	
8.308546	-1277.9739	-1277.91263	-617.340596	-617.296776	
8.318688	-1277.85221	-1277.79045	-617.218904	-617.174603	
8.328783	-1277.73103	-1277.66828	-617.097728	-617.05243	
8.339022	-1277.60814	-1277.55483	-616.974836	-616.938984	
8.34912	-1277.48703	-1277.42393	-616.853732	-616.816811	
8.35931	-1277.36473	-1277.31049	-616.731428	-616.694638	
8.369527	-1277.24209	-1277.18831	-616.608788	-616.572465	
8.379549	-1277.12185	-1277.07487	-616.488548	-616.450292	
8.38991	-1276.99752	-1276.95269	-616.364216	-616.336845	
8.400121	-1276.87494	-1276.83052	-616.241636	-616.205946	
8.410244	-1276.75355	-1276.70835	-616.120244	-616.092499	
8.428326	-1276.5365	-1276.49891	-615.9032	-615.88306	
8.432897	-1276.48171	-1276.44655	-615.848408	-615.8307	
8.44309	-1276.35937	-1276.32438	-615.726068	-615.708527	
8.453201	-1276.23805	-1276.2022	-615.604748	-615.59508	
8.46335	-1276.11626	-1276.08003	-615.48296	-615.472907	
8.473542	-1275.99392	-1275.95786	-615.36062	-615.359461	
8.483814	-1275.87067	-1275.84441	-615.237368	-615.237288	
8.495066	-1275.73549	-1275.72224	-615.102188	-615.123842	
8.504033	-1275.62808	-1275.60879	-614.994776	-615.001669	
8.514178	-1275.50631	-1275.47789	-614.873012	-614.879495	
8.52437	-1275.38401	-1275.36444	-614.750708	-614.757322	
8.534434	-1275.26324	-1275.23354	-614.62994	-614.635149	
8.545037	-1275.13599	-1275.11137	-614.502692	-614.521703	
8.554832	-1275.01848	-1274.9892	-614.385176	-614.390803	
8.565049	-1274.89587	-1274.86703	-614.262572	-614.277357	
8.57506	-1274.77574	-1274.73613	-614.14244	-614.146457	
8.585587	-1274.64853	-1274.62268	-614.015228	-614.033011	
8.596653	-1274.51653	-1274.50051	-613.883228	-613.910838	
8.605711	-1274.40791	-1274.37833	-613.774604	-613.788665	
8.615708	-1274.28797	-1274.25616	-613.654664	-613.657765	
8.62588	-1274.16587	-1274.14271	-613.532564	-613.535592	
8.636012	-1274.04434	-1274.02054	-613.41104	-613.413419	
8.646105	-1273.92315	-1273.89837	-613.289852	-613.291246	
8.656251	-1273.80146	-1273.77619	-613.16816	-613.169073	
8.666435	-1273.67923	-1273.65402	-613.045928	-613.038173	
8.676641	-1273.55677	-1273.53185	-612.923468	-612.916	
8.686742	-1273.43556	-1273.40968	-612.802256	-612.7851	
8.698181	-1273.29813	-1273.2875	-612.664832	-612.662927	
8.707136	-1273.19081	-1273.16533	-612.557504	-612.540754	
8.717255	-1273.06941	-1273.03443	-612.436112	-612.401128	
8.727375	-1272.94797	-1272.91226	-612.314672	-612.278955	
8.73756	-1272.82569	-1272.78136	-612.192392	-612.156782	
8.755974	-1272.60474	-1272.65918	-611.971436	-612.025882	
8.760568	-1272.54962	-1272.5021	-611.91632	-611.877529	
8.770745	-1272.42751	-1272.37993	-611.794208	-611.746629	
8.780869	-1272.30605	-1272.25776	-611.672744	-611.61573	
8.791005	-1272.18441	-1272.13559	-611.551112	-611.493557	
8.802894	-1272.04159	-1272.01341	-611.408288	-611.371384	
8.81143	-1271.93929	-1271.88251	-611.305988	-611.249211	
8.821525	-1271.81816	-1271.76907	-611.18486	-611.118311	
8.83169	-1271.69618	-1271.63817	-611.06288	-611.004865	
8.841875	-1271.57396	-1271.51599	-610.94066	-610.873965	
8.852042	-1271.45192	-1271.39382	-610.81862	-610.760518	
8.86218	-1271.33029	-1271.27165	-610.696988	-610.638345	
8.872345	-1271.20793	-1271.14947	-610.574624	-610.516172	
8.882531	-1271.08609	-1271.0273	-610.452788	-610.402726	
8.892656	-1270.96459	-1270.90513	-610.331288	-610.280553	
8.904221	-1270.8257	-1270.79168	-610.1924	-610.167106	
8.91302	-1270.72022	-1270.66078	-610.08692	-610.044933	
8.923188	-1270.59819	-1270.54734	-609.964892	-609.92276	
8.933326	-1270.47657	-1270.42516	-609.843272	-609.809314	
8.943456	-1270.35498	-1270.30299	-609.721676	-609.687141	
8.953674	-1270.23235	-1270.18082	-609.599048	-609.573695	
8.963797	-1270.11089	-1270.05864	-609.477584	-609.451522	
8.973974	-1269.98875	-1269.9452	-609.355448	-609.338075	
8.984081	-1269.86747	-1269.82302	-609.234164	-609.224629	
8.994197	-1269.74606	-1269.70958	-609.11276	-609.093729	
9.006099	-1269.60314	-1269.5874	-608.96984	-608.980283	
9.014524	-1269.50219	-1269.46523	-608.868884	-608.85811	
9.024666	-1269.38046	-1269.35179	-608.747156	-608.735937	
9.034855	-1269.25819	-1269.22089	-608.624888	-608.613763	
9.045094	-1269.13526	-1269.10744	-608.50196	-608.49159	
9.05513	-1269.0149	-1268.97654	-608.3816	-608.378144	
9.065313	-1268.89269	-1268.86309	-608.259392	-608.255971	
9.075462	-1268.77093	-1268.73219	-608.137628	-608.133798	
9.085591	-1268.64938	-1268.61002	-608.01608	-608.011625	
9.095732	-1268.52759	-1268.48785	-607.894292	-607.898178	
9.107383	-1268.38775	-1268.36567	-607.754444	-607.767279	
9.11606	-1268.28373	-1268.2435	-607.650428	-607.653832	
9.126178	-1268.16235	-1268.12133	-607.529048	-607.531659	
9.136297	-1268.04092	-1267.99915	-607.40762	-607.409486	
9.146876	-1267.91389	-1267.88571	-607.280588	-607.287313	
9.156705	-1267.79601	-1267.76354	-607.162712	-607.16514	
9.1668	-1267.67487	-1267.64136	-607.041572	-607.03424	
9.177104	-1267.5512	-1267.51919	-606.9179	-606.920794	
9.187144	-1267.43075	-1267.40574	-606.797444	-606.789894	
9.197216	-1267.30985	-1267.27484	-606.676544	-606.676448	
9.208895	-1267.1696	-1267.1614	-606.5363	-606.536822	
9.21829	-1267.05344	-1267.0305	-606.42014	-606.423375	
9.227753	-1266.94339	-1266.90832	-606.310088	-606.292476	
9.237908	-1266.82155	-1266.77742	-606.188252	-606.170303	
9.248116	-1266.69906	-1266.66398	-606.065756	-606.048129	
9.25848	-1266.57468	-1266.53308	-605.941376	-605.925956	
9.268282	-1266.45708	-1266.41091	-605.823776	-605.803783	
9.278408	-1266.33559	-1266.28873	-605.702288	-605.664157	
9.28859	-1266.21341	-1266.16656	-605.580104	-605.550711	
9.298673	-1266.0924	-1266.04439	-605.459096	-605.419811	
9.310595	-1265.94924	-1265.92221	-605.315936	-605.297638	
9.319007	-1265.84835	-1265.80004	-605.215052	-605.175465	
9.329169	-1265.72642	-1265.67787	-605.09312	-605.044565	
9.347392	-1265.5077	-1265.45097	-604.874396	-604.826399	
9.351958	-1265.45299	-1265.39861	-604.819688	-604.774039	
9.362187	-1265.33019	-1265.27644	-604.696892	-604.651866	
9.372294	-1265.20893	-1265.15427	-604.575632	-604.529693	
9.382466	-1265.08688	-1265.0321	-604.45358	-604.40752	
9.392799	-1264.96287	-1264.90992	-604.329572	-604.294074	
9.402755	-1264.84343	-1264.78775	-604.210124	-604.171901	
9.413237	-1264.71756	-1264.66558	-604.084256	-604.049727	
9.423324	-1264.59659	-1264.5434	-603.963284	-603.927554	
9.433478	-1264.47475	-1264.42996	-603.841448	-603.814108	
9.443651	-1264.35241	-1264.30778	-603.719108	-603.691935	
9.453758	-1264.23135	-1264.19434	-603.598052	-603.569762	
9.464127	-1264.10689	-1264.06344	-603.473588	-603.465042	
9.474091	-1263.98739	-1263.94999	-603.354092	-603.342869	
9.484258	-1263.86534	-1263.82782	-603.23204	-603.220696	
9.494392	-1263.74376	-1263.70564	-603.110456	-603.098523	
9.504639	-1263.62081	-1263.58347	-602.987504	-602.985077	
9.515128	-1263.49485	-1263.4613	-602.861552	-602.87163	
9.524919	-1263.37742	-1263.34785	-602.74412	-602.749457	
9.535058	-1263.25578	-1263.22568	-602.622476	-602.627284	
9.545371	-1263.13197	-1263.10351	-602.498672	-602.513838	
9.555556	-1263.00823	-1262.98133	-602.374928	-602.391665	
9.565508	-1262.88828	-1262.85916	-602.254976	-602.269492	
9.57565	-1262.76861	-1262.73699	-602.135312	-602.147319	
9.585835	-1262.64647	-1262.61481	-602.013164	-602.033872	
9.595933	-1262.52528	-1262.48391	-601.891976	-601.911699	
9.606013	-1262.40427	-1262.37047	-601.770968	-601.789526	
9.61665	-1262.27657	-1262.23957	-601.643264	-601.667353	
9.626446	-1262.15911	-1262.1174	-601.525808	-601.54518	
9.63662	-1262.03702	-1261.99522	-601.40372	-601.423007	
9.646704	-1261.91603	-1261.88178	-601.282724	-601.300834	
9.657087	-1261.79141	-1261.75088	-601.158104	-601.178661	
9.667066	-1261.67168	-1261.63743	-601.03838	-601.056488	
9.677147	-1261.55069	-1261.51526	-600.917384	-600.925588	
9.687261	-1261.42932	-1261.39308	-600.796016	-600.812142	
9.697383	-1261.30785	-1261.27091	-600.674552	-600.672515	
9.707566	-1261.18562	-1261.15746	-600.55232	-600.559069	
9.71786	-1261.06212	-1261.02656	-600.428816	-600.428169	
9.727979	-1260.9407	-1260.91312	-600.3074	-600.305996	
9.738182	-1260.81823	-1260.78222	-600.184928	-600.183823	
9.748218	-1260.69785	-1260.66005	-600.064544	-600.052923	
9.758627	-1260.57289	-1260.52915	-599.939588	-599.922024	
9.768539	-1260.45399	-1260.4157	-599.820692	-599.799851	
9.778866	-1260.33005	-1260.2848	-599.696744	-599.677678	
9.788998	-1260.20849	-1260.16263	-599.575184	-599.546778	
9.799094	-1260.08731	-1260.04045	-599.454008	-599.415878	
9.818145	-1259.85864	-1259.81356	-599.225336	-599.197712	
9.822792	-1259.80291	-1259.75247	-599.169608	-599.136626	
9.832942	-1259.68111	-1259.62157	-599.047808	-599.005726	
9.843157	-1259.55858	-1259.50813	-598.925276	-598.883553	
9.85323	-1259.43769	-1259.37723	-598.804388	-598.76138	
9.863433	-1259.31521	-1259.26378	-598.681904	-598.647933	
9.873748	-1259.1915	-1259.13288	-598.558196	-598.517034	
9.883738	-1259.07159	-1259.01944	-598.438292	-598.403587	
9.893852	-1258.95024	-1258.88854	-598.316936	-598.281414	
9.903954	-1258.82899	-1258.77509	-598.195688	-598.159241	
9.91417	-1258.7064	-1258.65292	-598.073096	-598.037068	
9.924405	-1258.58352	-1258.53074	-597.950216	-597.914895	
9.934501	-1258.46245	-1258.40857	-597.829148	-597.801449	
9.94477	-1258.3392	-1258.29512	-597.705896	-597.679276	
9.954771	-1258.2192	-1258.17295	-597.585896	-597.565829	
9.964874	-1258.09796	-1258.05078	-597.46466	-597.443656	
9.975474	-1257.97075	-1257.92861	-597.337448	-597.321483	
9.985678	-1257.84828	-1257.80643	-597.214976	-597.19931	
9.995755	-1257.7274	-1257.68426	-597.0941	-597.077137	
10.0059	-1257.60563	-1257.57081	-596.972324	-596.963691	
10.01617	-1257.48243	-1257.44864	-596.849132	-596.841518	
10.02623	-1257.36158	-1257.33519	-596.72828	-596.719345	
10.03643	-1257.23927	-1257.21302	-596.605964	-596.597172	
10.04664	-1257.11672	-1257.09085	-596.48342	-596.483725	
10.05668	-1256.99635	-1256.96867	-596.363048	-596.352825	
10.06699	-1256.87259	-1256.85523	-596.239292	-596.239379	
10.07695	-1256.75303	-1256.73305	-596.119724	-596.117206	
10.08709	-1256.63143	-1256.61961	-595.998128	-595.995033	
10.09726	-1256.50931	-1256.48871	-595.876004	-595.87286	
10.10742	-1256.38748	-1256.37526	-595.75418	-595.750687	
10.12693	-1256.15318	-1256.24436	-595.51988	-595.628514	
10.13158	-1256.09754	-1256.07856	-595.464236	-595.471434	
10.14171	-1255.97595	-1255.95638	-595.342652	-595.340535	
10.15186	-1255.85412	-1255.83421	-595.220816	-595.227088	
10.16202	-1255.7322	-1255.71204	-595.098896	-595.096188	
10.18419	-1255.46612	-1255.44151	-594.83282	-594.834389	
10.18886	-1255.41015	-1255.38915	-594.776852	-594.773302	
10.19907	-1255.28766	-1255.25825	-594.654356	-594.651129	
10.20916	-1255.16657	-1255.1448	-594.533264	-594.528956	
10.22818	-1254.93822	-1254.91791	-594.304916	-594.302064	
10.23278	-1254.88314	-1254.85683	-594.249836	-594.240977	
10.2429	-1254.76167	-1254.73465	-594.128372	-594.110077	
10.25306	-1254.63975	-1254.61248	-594.006452	-593.987904	
10.26318	-1254.5183	-1254.49031	-593.885	-593.865731	
10.27339	-1254.39581	-1254.36813	-593.762504	-593.743558	
10.28358	-1254.27355	-1254.24596	-593.640248	-593.621385	
10.29367	-1254.15236	-1254.12379	-593.51906	-593.490485	
10.30384	-1254.03038	-1254.00161	-593.39708	-593.368312	
10.314	-1253.90847	-1253.87944	-593.275172	-593.237413	
10.32508	-1253.77543	-1253.75727	-593.142128	-593.11524	
10.33433	-1253.66455	-1253.6351	-593.031248	-592.993067	
10.34478	-1253.53901	-1253.5042	-592.905704	-592.870894	
10.35493	-1253.41735	-1253.3733	-592.784048	-592.748721	
10.36518	-1253.29166	-1253.25985	-592.65836	-592.617821	
10.37516	-1253.17452	-1253.12895	-592.541216	-592.504374	
10.38535	-1253.05225	-1253.00678	-592.418948	-592.373475	
10.39554	-1252.92992	-1252.8846	-592.29662	-592.251302	
10.40568	-1252.80833	-1252.76243	-592.175024	-592.129129	
10.41575	-1252.68738	-1252.64026	-592.054076	-592.015682	
10.42666	-1252.55647	-1252.51808	-591.923168	-591.884783	
10.43616	-1252.44254	-1252.39591	-591.80924	-591.771336	
10.4466	-1252.31721	-1252.28246	-591.683912	-591.649163	
10.45644	-1252.19925	-1252.15157	-591.565952	-591.52699	
10.46663	-1252.07688	-1252.03812	-591.443576	-591.413544	
10.47712	-1251.95096	-1251.91595	-591.31766	-591.291371	
10.48688	-1251.83384	-1251.8025	-591.20054	-591.177924	
10.49703	-1251.71208	-1251.6716	-591.078776	-591.055751	
10.50728	-1251.58909	-1251.55815	-590.955788	-590.933578	
10.51731	-1251.46968	-1251.43598	-590.836378	-590.828858	
10.52817	-1251.3409	-1251.31381	-590.707602	-590.706685	
10.53784	-1251.22705	-1251.19163	-590.59375	-590.584512	
10.5479	-1251.1091	-1251.06946	-590.475799	-590.462339	
10.558	-1250.99129	-1250.95601	-590.35799	-590.340166	
10.56812	-1250.8738	-1250.83384	-590.240502	-590.22672	
10.57852	-1250.75369	-1250.7204	-590.120387	-590.104547	
10.58844	-1250.63979	-1250.59822	-590.006489	-589.982374	
10.59855	-1250.52426	-1250.47605	-589.890957	-589.860201	
10.60874	-1250.4085	-1250.3626	-589.775203	-589.746754	
10.619	-1250.29253	-1250.24043	-589.659227	-589.624581	
10.62969	-1250.17231	-1250.12698	-589.539012	-589.502408	
10.63929	-1250.06505	-1249.99608	-589.431752	-589.388962	
10.64939	-1249.95278	-1249.88264	-589.319482	-589.266789	
10.65953	-1249.84061	-1249.76046	-589.207304	-589.153342	
10.6698	-1249.72775	-1249.64702	-589.094444	-589.031169	
10.67994	-1249.61678	-1249.53357	-588.983481	-588.917723	
10.69006	-1249.50675	-1249.42012	-588.873447	-588.804276	
10.70022	-1249.39679	-1249.30668	-588.763487	-588.69083	
10.71036	-1249.28777	-1249.18451	-588.654464	-588.568657	
10.72049	-1249.17937	-1249.07979	-588.546066	-588.455211	
10.73122	-1249.06524	-1248.97507	-588.431937	-588.341764	
10.74117	-1248.96005	-1248.85289	-588.326752	-588.228318	
10.75104	-1248.8563	-1248.74817	-588.223002	-588.114871	
10.76119	-1248.7503	-1248.64345	-588.116994	-588.001425	
10.77136	-1248.64461	-1248.53873	-588.011312	-587.896705	
10.78152	-1248.53965	-1248.43401	-587.90635	-587.783259	
10.79168	-1248.4353	-1248.32057	-587.801993	-587.669812	
10.80187	-1248.33128	-1248.21585	-587.69798	-587.565093	
10.81218	-1248.22656	-1248.11113	-587.593259	-587.460373	
10.82214	-1248.12614	-1247.99768	-587.492843	-587.355653	
10.83281	-1248.01915	-1247.89296	-587.385845	-587.250933	
10.84286	-1247.91906	-1247.78824	-587.285756	-587.146214	
10.85297	-1247.81886	-1247.68352	-587.185561	-587.041494	
10.86312	-1247.71904	-1247.5788	-587.085734	-586.936774	
10.87325	-1247.61993	-1247.47408	-586.986626	-586.840781	
10.88348	-1247.52045	-1247.36936	-586.887149	-586.744788	
10.89358	-1247.42283	-1247.27337	-586.78953	-586.640068	
10.90371	-1247.32554	-1247.17738	-586.692235	-586.535348	
10.91392	-1247.22817	-1247.08138	-586.594863	-586.439355	
10.92402	-1247.13238	-1246.98539	-586.499079	-586.343362	
10.93562	-1247.02327	-1246.88067	-586.389966	-586.256096	
10.94442	-1246.94091	-1246.7934	-586.307609	-586.151376	
10.9546	-1246.84627	-1246.69741	-586.212963	-586.06411	
10.96483	-1246.75176	-1246.60142	-586.118459	-585.976843	
10.97489	-1246.65941	-1246.51415	-586.026106	-585.88085	
10.98509	-1246.56638	-1246.41816	-585.933083	-585.793583	
10.99531	-1246.47388	-1246.32217	-585.840573	-585.69759	
11.0054	-1246.38315	-1246.2349	-585.749852	-585.610324	
11.01554	-1246.29256	-1246.14763	-585.65926	-585.523057	
11.02573	-1246.20202	-1246.06037	-585.568718	-585.444518	
11.03721	-1246.10098	-1245.9731	-585.467681	-585.357251	
11.04644	-1246.02022	-1245.88583	-585.38692	-585.269985	
11.05644	-1245.93332	-1245.80729	-585.30002	-585.182718	
11.06654	-1245.84619	-1245.72875	-585.212887	-585.104178	
11.08452	-1245.69332	-1245.57167	-585.060019	-584.955825	
11.08917	-1245.65366	-1245.53677	-585.020358	-584.920919	
11.10737	-1245.50151	-1245.38841	-584.868208	-584.772566	
11.11198	-1245.46293	-1245.35351	-584.829631	-584.728933	
11.12215	-1245.37847	-1245.27497	-584.745171	-584.650393	
11.13225	-1245.29383	-1245.1877	-584.660529	-584.571853	
11.14253	-1245.21115	-1245.10916	-584.577849	-584.493313	
11.15267	-1245.1289	-1245.03062	-584.4956	-584.406047	
11.1628	-1245.04722	-1244.96081	-584.413915	-584.336234	
11.17296	-1244.96594	-1244.87354	-584.332643	-584.257694	
11.18308	-1244.88566	-1244.80373	-584.252362	-584.179154	
11.19325	-1244.80554	-1244.71646	-584.172237	-584.100614	
11.20344	-1244.72585	-1244.64665	-584.092551	-584.022074	
11.21356	-1244.64744	-1244.56811	-584.014141	-583.952261	
11.2257	-1244.55415	-1244.48957	-583.920845	-583.873721	
11.23388	-1244.49168	-1244.41976	-583.858377	-583.795181	
11.24406	-1244.41452	-1244.34122	-583.78122	-583.716642	
11.25414	-1244.33886	-1244.26268	-583.705556	-583.638102	
11.26432	-1244.26292	-1244.19286	-583.629618	-583.568289	
11.27452	-1244.18754	-1244.11432	-583.554238	-583.489749	
11.28471	-1244.11278	-1244.03578	-583.479483	-583.411209	
11.29484	-1244.0391	-1243.95724	-583.405797	-583.341396	
11.30502	-1243.96567	-1243.8787	-583.332365	-583.271583	
11.31526	-1243.89245	-1243.80889	-583.259153	-583.193043	
11.32535	-1243.82085	-1243.73035	-583.18755	-583.114503	
11.33561	-1243.7482	-1243.66054	-583.114901	-583.04469	
11.34589	-1243.67704	-1243.582	-583.043739	-582.974877	
11.35583	-1243.60844	-1243.51219	-582.975139	-582.905064	
11.36597	-1243.53892	-1243.44237	-582.905615	-582.83525	
11.37611	-1243.4701	-1243.37256	-582.836797	-582.765437	
11.3862	-1243.40211	-1243.30275	-582.768806	-582.695624	
11.39645	-1243.3338	-1243.23293	-582.700494	-582.634538	
11.40654	-1243.2671	-1243.16312	-582.6338	-582.564724	
11.41672	-1243.20022	-1243.10203	-582.566916	-582.494911	
11.42681	-1243.13495	-1243.03222	-582.501648	-582.433825	
11.43708	-1243.06887	-1242.97113	-582.435572	-582.364012	
11.4472	-1243.00443	-1242.90132	-582.371127	-582.294198	
11.45728	-1242.94087	-1242.84023	-582.307568	-582.224385	
11.46747	-1242.87715	-1242.77915	-582.243853	-582.163299	
11.47756	-1242.81473	-1242.70933	-582.18143	-582.102212	
11.49604	-1242.7028	-1242.64825	-582.069498	-582.032399	
11.50067	-1242.67471	-1242.56971	-582.04141	-581.953859	
11.5108	-1242.61398	-1242.50862	-581.98068	-581.892773	
11.52096	-1242.55375	-1242.44753	-581.920447	-581.822959	
11.53116	-1242.49385	-1242.37772	-581.860552	-581.761873	
11.54126	-1242.43512	-1242.32536	-581.801815	-581.700786	
11.55154	-1242.37599	-1242.26428	-581.742686	-581.6397	
11.56163	-1242.31853	-1242.20319	-581.685229	-581.578613	
11.57179	-1242.26133	-1242.1421	-581.628026	-581.517527	
11.58192	-1242.20488	-1242.08974	-581.571574	-581.465167	
11.59212	-1242.14868	-1242.02866	-581.515381	-581.40408	
11.60228	-1242.09327	-1241.9763	-581.459969	-581.351721	
11.61242	-1242.0386	-1241.92394	-581.405294	-581.299361	
11.62257	-1241.98452	-1241.86285	-581.351215	-581.238274	
11.63272	-1241.93096	-1241.81049	-581.297661	-581.185914	
11.64288	-1241.87803	-1241.7494	-581.24473	-581.133554	
11.65309	-1241.82538	-1241.70577	-581.192074	-581.081195	
11.66321	-1241.77389	-1241.64468	-581.14059	-581.028835	
11.67337	-1241.72274	-1241.60105	-581.08944	-580.976475	
11.68355	-1241.67212	-1241.54869	-581.038817	-580.924115	
11.69364	-1241.62256	-1241.50506	-580.989258	-580.880482	
11.70381	-1241.57323	-1241.4527	-580.939926	-580.828122	
11.71399	-1241.52442	-1241.40034	-580.891114	-580.775762	
11.72414	-1241.47636	-1241.3567	-580.843056	-580.732129	
11.73424	-1241.42918	-1241.31307	-580.79588	-580.679769	
11.74443	-1241.38213	-1241.26071	-580.748828	-580.636136	
11.76283	-1241.29965	-1241.2258	-580.666347	-580.583776	
11.76747	-1241.27884	-1241.17344	-580.64554	-580.531416	
11.77761	-1241.23402	-1241.12108	-580.600718	-580.487783	
11.78781	-1241.18956	-1241.08618	-580.556261	-580.444149	
11.79834	-1241.14432	-1241.05127	-580.511014	-580.400516	
11.8081	-1241.10293	-1241.00764	-580.469632	-580.356883	
11.81822	-1241.06062	-1240.964	-580.427318	-580.321976	
11.82835	-1241.01888	-1240.92037	-580.385581	-580.278343	
11.83846	-1240.97781	-1240.88546	-580.344504	-580.243436	
11.84944	-1240.93389	-1240.84183	-580.300593	-580.199803	
11.85882	-1240.89693	-1240.80693	-580.263627	-580.164897	
11.86898	-1240.85747	-1240.77202	-580.224169	-580.12999	
11.87909	-1240.81881	-1240.73711	-580.185508	-580.095083	
11.88928	-1240.78045	-1240.69348	-580.147144	-580.060177	
11.89985	-1240.74133	-1240.65857	-580.108028	-580.02527	
11.90992	-1240.70463	-1240.62367	-580.071326	-579.99909	
11.92006	-1240.66826	-1240.58876	-580.034961	-579.97291	
11.93024	-1240.6324	-1240.55385	-579.999094	-579.938004	
11.94036	-1240.59729	-1240.51895	-579.963988	-579.903097	
11.95994	-1240.53218	-1240.49277	-579.898881	-579.876917	
11.96457	-1240.51672	-1240.44041	-579.88342	-579.842011	
11.97474	-1240.48349	-1240.41423	-579.850192	-579.807104	
11.98489	-1240.45096	-1240.38805	-579.817659	-579.780924	
11.99499	-1240.41915	-1240.35314	-579.785852	-579.754744	
12.00517	-1240.38755	-1240.31823	-579.754253	-579.728564	
12.01534	-1240.35688	-1240.29205	-579.723578	-579.693658	
12.02552	-1240.32662	-1240.26587	-579.693315	-579.667478	
12.03572	-1240.29692	-1240.23969	-579.663621	-579.641298	
12.04589	-1240.26787	-1240.21351	-579.63457	-579.623845	
12.05602	-1240.23958	-1240.18733	-579.606277	-579.588938	
12.06623	-1240.21164	-1240.16115	-579.578335	-579.571485	
12.07638	-1240.18446	-1240.1437	-579.551155	-579.554031	
12.08647	-1240.15804	-1240.11752	-579.524738	-579.519125	
12.09693	-1240.13125	-1240.09134	-579.497951	-579.501672	
12.10675	-1240.10667	-1240.07389	-579.473367	-579.484218	
12.11696	-1240.08173	-1240.05643	-579.448424	-579.449312	
12.12708	-1240.05757	-1240.03898	-579.424265	-579.431858	
12.1372	-1240.034	-1240.0128	-579.4007	-579.414405	
12.14742	-1240.0108	-1239.99535	-579.377496	-579.388225	
12.15758	-1239.98833	-1239.96917	-579.355026	-579.370772	
12.16916	-1239.96326	-1239.96044	-579.329959	-579.344592	
12.17814	-1239.9447	-1239.93426	-579.311397	-579.327139	
12.18799	-1239.92463	-1239.92553	-579.291331	-579.309685	
12.19844	-1239.90395	-1239.90808	-579.270646	-579.292232	
12.20825	-1239.88508	-1239.89063	-579.251779	-579.274779	
12.21841	-1239.86612	-1239.87317	-579.232823	-579.257325	
12.2386	-1239.83132	-1239.84699	-579.198022	-579.239872	
12.24324	-1239.82326	-1239.83827	-579.189958	-579.222419	
12.25404	-1239.80527	-1239.82954	-579.17197	-579.213692	
12.2635	-1239.79002	-1239.81209	-579.156716	-579.204966	
12.2737	-1239.77415	-1239.80336	-579.140849	-579.187512	
12.28405	-1239.75866	-1239.79463	-579.125355	-579.178786	
12.29397	-1239.74433	-1239.77718	-579.111033	-579.170059	
12.30414	-1239.73023	-1239.76845	-579.096928	-579.161332	
12.3143	-1239.71671	-1239.75973	-579.08341	-579.152606	
12.32447	-1239.70375	-1239.75973	-579.07045	-579.143879	
12.3346	-1239.69139	-1239.751	-579.058092	-579.135152	
12.34475	-1239.67958	-1239.74227	-579.046274	-579.135152	
12.35563	-1239.66757	-1239.73355	-579.034266	-579.126426	
12.36519	-1239.65744	-1239.72482	-579.024137	-579.117699	
12.37532	-1239.64737	-1239.72482	-579.014066	-579.117699	
12.38547	-1239.63778	-1239.72482	-579.004478	-579.108972	
12.39572	-1239.62865	-1239.72482	-578.995346	-579.108972	
12.40577	-1239.62023	-1239.71609	-578.986925	-579.100246	
12.41592	-1239.61227	-1239.71609	-578.978966	-579.100246	
12.42609	-1239.60482	-1239.70737	-578.971514	-579.100246	
12.43621	-1239.59793	-1239.70737	-578.964628	-579.100246	
12.44674	-1239.59134	-1239.70737	-578.958039	-579.100246	
12.4572	-1239.58533	-1239.70737	-578.952031	-579.100246	
12.46676	-1239.58028	-1239.70737	-578.946975	-579.100246	
12.47688	-1239.57543	-1239.70737	-578.942129	-579.100246	
12.48698	-1239.57108	-1239.70737	-578.937775	-579.100246	
12.49712	-1239.56718	-1239.70737	-578.933879	-579.100246	
12.50732	-1239.56373	-1239.70737	-578.930431	-579.100246	
12.51743	-1239.56076	-1239.70737	-578.927453	-579.100246	
12.52757	-1239.5582	-1239.70737	-578.924895	-579.100246	
12.53779	-1239.55603	-1239.70737	-578.922732	-579.100246	
12.54791	-1239.55427	-1239.70737	-578.920963	-579.100246	
12.55878	-1239.54893	-1239.70737	-578.915626	-579.100246	
12.5682	-1239.54893	-1239.70737	-578.915626	-579.100246	
12.57835	-1239.54893	-1239.70737	-578.915626	-579.100246	
12.58848	-1239.54893	-1239.70737	-578.915626	-579.100246	
12.59873	-1239.54893	-1239.70737	-578.915626	-579.100246	
12.6088	-1239.54893	-1239.70737	-578.915626	-579.100246	
12.61891	-1239.54893	-1239.70737	-578.915626	-579.100246	
12.62908	-1239.54893	-1239.70737	-578.915626	-579.100246	
12.63928	-1239.54893	-1239.70737	-578.915626	-579.100246	
12.64939	-1239.54893	-1239.70737	-578.915626	-579.100246	
12.6613	-1239.54893	-1239.70737	-578.915626	-579.100246	
12.66997	-1239.54893	-1239.70737	-578.915626	-579.100246	
12.68014	-1239.54893	-1239.70737	-578.915626	-579.100246	
12.69027	-1239.54893	-1239.70737	-578.915626	-579.100246	
12.70056	-1239.54893	-1239.70737	-578.915626	-579.100246	
12.71056	-1239.54893	-1239.70737	-578.915626	-579.100246	
12.72073	-1239.54893	-1239.70737	-578.915626	-579.100246	
12.7309	-1239.54893	-1239.70737	-578.915626	-579.100246	
12.74107	-1239.54893	-1239.70737	-578.915626	-579.100246	
12.75119	-1239.54893	-1239.70737	-578.915626	-579.100246	
12.76339	-1239.54893	-1239.70737	-578.915626	-579.100246	
12.7716	-1239.54893	-1239.70737	-578.915626	-579.100246	
12.78169	-1239.54893	-1239.70737	-578.915626	-579.100246	
12.79186	-1239.54893	-1239.70737	-578.915626	-579.100246	
12.80204	-1239.54893	-1239.70737	-578.915626	-579.100246	
12.81219	-1239.54893	-1239.70737	-578.915626	-579.100246	
12.82231	-1239.54893	-1239.70737	-578.915626	-579.100246	
12.83247	-1239.54893	-1239.70737	-578.915626	-579.100246	
12.84266	-1239.54893	-1239.70737	-578.915626	-579.100246	
12.85281	-1239.54893	-1239.70737	-578.915626	-579.100246	
12.86369	-1239.54893	-1239.70737	-578.915626	-579.100246	
12.87332	-1239.54893	-1239.70737	-578.915626	-579.100246	
12.88338	-1239.54893	-1239.70737	-578.915626	-579.100246	
12.89344	-1239.54893	-1239.70737	-578.915626	-579.100246	
12.90356	-1239.54893	-1239.70737	-578.915626	-579.100246	
12.91379	-1239.54893	-1239.70737	-578.915626	-579.100246	
12.92394	-1239.54893	-1239.70737	-578.915626	-579.100246	
12.93408	-1239.54893	-1239.70737	-578.915626	-579.100246	
12.94419	-1239.54893	-1239.70737	-578.915626	-579.100246	
12.95434	-1239.54893	-1239.70737	-578.915626	-579.100246	
12.96528	-1239.54893	-1239.70737	-578.915626	-579.100246	
12.97474	-1239.54893	-1239.70737	-578.915626	-579.100246	
12.98487	-1239.54893	-1239.70737	-578.915626	-579.100246	
12.99498	-1239.54893	-1239.70737	-578.915626	-579.100246	
13.00511	-1239.54893	-1239.70737	-578.915626	-579.100246	
13.01553	-1239.54893	-1239.70737	-578.915626	-579.100246	
13.02547	-1239.54893	-1239.70737	-578.915626	-579.100246	
13.03564	-1239.54893	-1239.70737	-578.915626	-579.100246	
13.04574	-1239.54893	-1239.70737	-578.915626	-579.100246	
13.05586	-1239.54893	-1239.70737	-578.915626	-579.100246	
13.06674	-1239.54893	-1239.70737	-578.915626	-579.100246	
13.07624	-1239.54893	-1239.70737	-578.915626	-579.100246	
13.0864	-1239.54893	-1239.70737	-578.915626	-579.100246	
13.09651	-1239.54893	-1239.70737	-578.915626	-579.100246	
13.10665	-1239.54893	-1239.70737	-578.915626	-579.100246	
13.11708	-1239.54893	-1239.70737	-578.915626	-579.100246	
13.12695	-1239.54893	-1239.70737	-578.915626	-579.100246	
13.13707	-1239.54893	-1239.70737	-578.915626	-579.100246	
13.14723	-1239.54893	-1239.70737	-578.915626	-579.100246	
13.15734	-1239.54893	-1239.70737	-578.915626	-579.100246	
13.16826	-1239.54893	-1239.70737	-578.915626	-579.100246	
13.1778	-1239.54893	-1239.70737	-578.915626	-579.100246	
13.18789	-1239.54893	-1239.70737	-578.915626	-579.100246	
13.19798	-1239.54893	-1239.70737	-578.915626	-579.100246	
13.20812	-1239.54893	-1239.70737	-578.915626	-579.100246	
13.21854	-1239.54893	-1239.70737	-578.915626	-579.100246	
13.23045	-1239.54893	-1239.70737	-578.915626	-579.100246	
13.23867	-1239.54893	-1239.70737	-578.915626	-579.100246	
13.24867	-1239.54893	-1239.70737	-578.915626	-579.100246	
13.25882	-1239.54893	-1239.70737	-578.915626	-579.100246	
13.26978	-1239.54893	-1239.70737	-578.915626	-579.100246	
13.27928	-1239.54893	-1239.70737	-578.915626	-579.100246	
13.2894	-1239.54893	-1239.70737	-578.915626	-579.100246	
13.29961	-1239.54893	-1239.70737	-578.915626	-579.100246	
13.30968	-1239.54893	-1239.70737	-578.915626	-579.100246	
13.31989	-1239.54893	-1239.70737	-578.915626	-579.100246	
13.33019	-1239.54893	-1239.70737	-578.915626	-579.100246	
13.34031	-1239.54893	-1239.70737	-578.915626	-579.100246	
13.35068	-1239.54893	-1239.70737	-578.915626	-579.100246	
13.36061	-1239.54893	-1239.70737	-578.915626	-579.100246	
13.3713	-1239.54893	-1239.70737	-578.915626	-579.100246	
13.3811	-1239.54893	-1239.70737	-578.915626	-579.100246	
13.39119	-1239.54893	-1239.70737	-578.915626	-579.100246	
13.40133	-1239.54893	-1239.70737	-578.915626	-579.100246	
13.41152	-1239.54893	-1239.70737	-578.915626	-579.100246	
13.42165	-1239.54893	-1239.70737	-578.915626	-579.100246	
13.43186	-1239.54893	-1239.70737	-578.915626	-579.100246	
13.44201	-1239.54893	-1239.70737	-578.915626	-579.100246	
13.45212	-1239.54893	-1239.70737	-578.915626	-579.100246	
13.46224	-1239.54893	-1239.70737	-578.915626	-579.100246	
13.47428	-1239.54893	-1239.70737	-578.915626	-579.100246	
13.48276	-1239.54893	-1239.70737	-578.915626	-579.100246	
13.49278	-1239.54893	-1239.70737	-578.915626	-579.100246	
13.50292	-1239.54893	-1239.70737	-578.915626	-579.100246	
13.51304	-1239.54893	-1239.70737	-578.915626	-579.100246	
13.52325	-1239.54893	-1239.70737	-578.915626	-579.100246	
13.53338	-1239.54893	-1239.70737	-578.915626	-579.100246	
13.54393	-1239.54893	-1239.70737	-578.915626	-579.100246	
13.55372	-1239.54893	-1239.70737	-578.915626	-579.100246	
13.56387	-1239.54893	-1239.70737	-578.915626	-579.100246	
13.57546	-1239.54893	-1239.70737	-578.915626	-579.100246	
13.5842	-1239.54893	-1239.70737	-578.915626	-579.100246	
13.59438	-1239.54893	-1239.70737	-578.915626	-579.100246	
13.60451	-1239.54893	-1239.70737	-578.915626	-579.100246	
13.6146	-1239.54893	-1239.70737	-578.915626	-579.100246	
13.62481	-1239.54893	-1239.70737	-578.915626	-579.100246	
13.63496	-1239.54893	-1239.70737	-578.915626	-579.100246	
13.64514	-1239.54893	-1239.70737	-578.915626	-579.100246	
13.65526	-1239.54893	-1239.70737	-578.915626	-579.100246	
13.66559	-1239.54893	-1239.70737	-578.915626	-579.100246	
13.67715	-1239.54893	-1239.70737	-578.915626	-579.100246	
13.68576	-1239.54893	-1239.70737	-578.915626	-579.100246	
13.69583	-1239.54893	-1239.70737	-578.915626	-579.100246	
13.70605	-1239.54893	-1239.70737	-578.915626	-579.100246	
13.71615	-1239.54893	-1239.70737	-578.915626	-579.100246	
13.72628	-1239.54893	-1239.70737	-578.915626	-579.100246	
13.73647	-1239.54893	-1239.70737	-578.915626	-579.100246	
13.74672	-1239.54893	-1239.70737	-578.915626	-579.100246	
13.75676	-1239.54893	-1239.70737	-578.915626	-579.100246	
13.76687	-1239.54893	-1239.70737	-578.915626	-579.100246	
13.77854	-1239.54893	-1239.70737	-578.915626	-579.100246	
13.78722	-1239.54893	-1239.70737	-578.915626	-579.100246	
13.79733	-1239.54893	-1239.70737	-578.915626	-579.100246	
13.80747	-1239.54893	-1239.70737	-578.915626	-579.100246	
13.8176	-1239.54893	-1239.70737	-578.915626	-579.100246	
13.83609	-1239.54893	-1239.70737	-578.915626	-579.100246	
13.8407	-1239.54893	-1239.70737	-578.915626	-579.100246	
13.85131	-1239.54893	-1239.70737	-578.915626	-579.100246	
13.86114	-1239.54893	-1239.70737	-578.915626	-579.100246	
13.8712	-1239.54893	-1239.70737	-578.915626	-579.100246	
13.89106	-1239.54893	-1239.70737	-578.915626	-579.100246	
13.89614	-1239.54893	-1239.70737	-578.915626	-579.100246	
13.90629	-1239.54893	-1239.70737	-578.915626	-579.100246	
13.91641	-1239.54893	-1239.70737	-578.915626	-579.100246	
13.92687	-1239.54893	-1239.70737	-578.915626	-579.100246	
13.93668	-1239.54893	-1239.70737	-578.915626	-579.100246	
13.94682	-1239.54893	-1239.70737	-578.915626	-579.100246	
13.95704	-1239.54893	-1239.70737	-578.915626	-579.100246	
13.96712	-1239.54893	-1239.70737	-578.915626	-579.100246	
13.97728	-1239.54893	-1239.70737	-578.915626	-579.100246	
13.98758	-1239.54893	-1239.70737	-578.915626	-579.100246	
13.99764	-1239.54893	-1239.70737	-578.915626	-579.100246	
14.00781	-1239.54893	-1239.70737	-578.915626	-579.100246	
14.0179	-1239.54893	-1239.70737	-578.915626	-579.100246	
14.02836	-1239.54893	-1239.70737	-578.915626	-579.100246	
14.03818	-1239.54893	-1239.70737	-578.915626	-579.100246	
14.04845	-1239.54893	-1239.70737	-578.915626	-579.100246	
14.05854	-1239.54893	-1239.70737	-578.915626	-579.100246	
14.06861	-1239.54893	-1239.70737	-578.915626	-579.100246	
14.07879	-1239.54893	-1239.70737	-578.915626	-579.100246	
14.08898	-1239.54893	-1239.70737	-578.915626	-579.100246	
14.09913	-1239.54893	-1239.70737	-578.915626	-579.100246	
14.10939	-1239.54893	-1239.70737	-578.915626	-579.100246	
14.11943	-1239.54893	-1239.70737	-578.915626	-579.100246	
14.12988	-1239.54893	-1239.70737	-578.915626	-579.100246	
14.14002	-1239.54893	-1239.70737	-578.915626	-579.100246	
14.15019	-1239.54893	-1239.70737	-578.915626	-579.100246	
14.1603	-1239.54893	-1239.70737	-578.915626	-579.100246	
14.18088	-1239.54893	-1239.70737	-578.915626	-579.100246	
14.1869	-1239.54893	-1239.70737	-578.915626	-579.100246	
14.19568	-1239.54893	-1239.70737	-578.915626	-579.100246	
14.20582	-1239.54893	-1239.70737	-578.915626	-579.100246	
14.21595	-1239.54893	-1239.70737	-578.915626	-579.100246	
14.22607	-1239.54893	-1239.70737	-578.915626	-579.100246	
14.23626	-1239.54893	-1239.70737	-578.915626	-579.100246	
14.24649	-1239.54893	-1239.70737	-578.915626	-579.100246	
14.25652	-1239.54893	-1239.70737	-578.915626	-579.100246	
14.26668	-1239.54893	-1239.70737	-578.915626	-579.100246	
14.27707	-1239.54893	-1239.70737	-578.915626	-579.100246	
14.28849	-1239.54893	-1239.70737	-578.915626	-579.100246	
14.29718	-1239.54893	-1239.70737	-578.915626	-579.100246	
14.30732	-1239.54893	-1239.70737	-578.915626	-579.100246	
14.31744	-1239.54893	-1239.70737	-578.915626	-579.100246	
14.32759	-1239.54893	-1239.70737	-578.915626	-579.100246	
14.33778	-1239.54893	-1239.70737	-578.915626	-579.100246	
14.34788	-1239.54893	-1239.70737	-578.915626	-579.100246	
14.3581	-1239.54893	-1239.70737	-578.915626	-579.100246	
14.36814	-1239.54893	-1239.70737	-578.915626	-579.100246	
14.37859	-1239.54893	-1239.70737	-578.915626	-579.100246	
14.39014	-1239.54893	-1239.70737	-578.915626	-579.100246	
14.39862	-1239.54893	-1239.70737	-578.915626	-579.100246	
14.40877	-1239.54893	-1239.70737	-578.915626	-579.100246	
14.41893	-1239.54893	-1239.70737	-578.915626	-579.100246	
14.42913	-1239.54893	-1239.70737	-578.915626	-579.100246	
14.44743	-1239.54893	-1239.70737	-578.915626	-579.100246	
14.45206	-1239.54893	-1239.70737	-578.915626	-579.100246	
14.46215	-1239.54893	-1239.70737	-578.915626	-579.100246	
14.47234	-1239.54893	-1239.70737	-578.915626	-579.100246	
14.48249	-1239.54893	-1239.70737	-578.915626	-579.100246	
14.49304	-1239.54893	-1239.70737	-578.915626	-579.100246	
14.50285	-1239.54893	-1239.70737	-578.915626	-579.100246	
14.51304	-1239.54893	-1239.70737	-578.915626	-579.100246	
14.52319	-1239.54893	-1239.70737	-578.915626	-579.100246	
14.53329	-1239.54893	-1239.70737	-578.915626	-579.100246	
14.54349	-1239.54893	-1239.70737	-578.915626	-579.100246	
14.55363	-1239.54893	-1239.70737	-578.915626	-579.100246	
14.56384	-1239.54893	-1239.70737	-578.915626	-579.100246	
14.57395	-1239.54893	-1239.70737	-578.915626	-579.100246	
14.58408	-1239.54893	-1239.70737	-578.915626	-579.100246	
14.59463	-1239.54893	-1239.70737	-578.915626	-579.100246	
14.60446	-1239.54893	-1239.70737	-578.915626	-579.100246	
14.61461	-1239.54893	-1239.70737	-578.915626	-579.100246	
14.62475	-1239.54893	-1239.70737	-578.915626	-579.100246	
14.63491	-1239.54893	-1239.70737	-578.915626	-579.100246	
14.64518	-1239.54893	-1239.70737	-578.915626	-579.100246	
14.6553	-1239.54893	-1239.70737	-578.915626	-579.100246	
14.66544	-1239.54893	-1239.70737	-578.915626	-579.100246	
14.67566	-1239.54893	-1239.70737	-578.915626	-579.100246	
14.68573	-1239.54893	-1239.70737	-578.915626	-579.100246	
14.69617	-1239.54893	-1239.70737	-578.915626	-579.100246	
14.70607	-1239.54893	-1239.70737	-578.915626	-579.100246	
14.7162	-1239.54893	-1239.70737	-578.915626	-579.100246	
14.7264	-1239.54893	-1239.70737	-578.915626	-579.100246	
14.73687	-1239.54893	-1239.70737	-578.915626	-579.100246	
14.74667	-1239.54893	-1239.70737	-578.915626	-579.100246	
14.7568	-1239.54893	-1239.70737	-578.915626	-579.100246	
14.76693	-1239.54893	-1239.70737	-578.915626	-579.100246	
14.77706	-1239.54893	-1239.70737	-578.915626	-579.100246	
14.78723	-1239.54893	-1239.70737	-578.915626	-579.100246	
14.79743	-1239.54893	-1239.70737	-578.915626	-579.100246	
14.80761	-1239.54893	-1239.70737	-578.915626	-579.100246	
14.81779	-1239.54893	-1239.70737	-578.915626	-579.100246	
14.82793	-1239.54893	-1239.70737	-578.915626	-579.100246	
14.83836	-1239.54893	-1239.70737	-578.915626	-579.100246	
14.84818	-1239.54893	-1239.70737	-578.915626	-579.100246	
14.85838	-1239.54893	-1239.70737	-578.915626	-579.100246	
14.86848	-1239.54893	-1239.70737	-578.915626	-579.100246	
14.87858	-1239.54893	-1239.70737	-578.915626	-579.100246	
14.88876	-1239.54893	-1239.70737	-578.915626	-579.100246	
14.89897	-1239.54893	-1239.70737	-578.915626	-579.100246	
14.91712	-1239.54893	-1239.70737	-578.915626	-579.100246	
14.92174	-1239.54893	-1239.70737	-578.915626	-579.100246	
14.9319	-1239.54893	-1239.70737	-578.915626	-579.100246	
14.94202	-1239.54893	-1239.70737	-578.915626	-579.100246	
14.95219	-1239.54893	-1239.70737	-578.915626	-579.100246	
14.96238	-1239.54893	-1239.70737	-578.915626	-579.100246	
14.97252	-1239.54893	-1239.70737	-578.915626	-579.100246	
14.98262	-1239.54893	-1239.70737	-578.915626	-579.100246	
14.99281	-1239.54893	-1239.70737	-578.915626	-579.100246	
15.00307	-1239.54893	-1239.70737	-578.915626	-579.100246	
15.01326	-1239.54893	-1239.70737	-578.915626	-579.100246	
15.02335	-1239.54893	-1239.70737	-578.915626	-579.100246	
15.03347	-1239.54893	-1239.70737	-578.915626	-579.100246	
15.0438	-1239.54893	-1239.70737	-578.915626	-579.100246	
15.05388	-1239.54893	-1239.70737	-578.915626	-579.100246	
15.064	-1239.54893	-1239.70737	-578.915626	-579.100246	
15.07417	-1239.54893	-1239.70737	-578.915626	-579.100246	
15.08434	-1239.54893	-1239.70737	-578.915626	-579.100246	
15.09442	-1239.54893	-1239.70737	-578.915626	-579.100246	
15.10469	-1239.54893	-1239.70737	-578.915626	-579.100246	
15.1148	-1239.54893	-1239.70737	-578.915626	-579.100246	
15.12495	-1239.54893	-1239.70737	-578.915626	-579.100246	
15.1351	-1239.54893	-1239.70737	-578.915626	-579.100246	
15.14539	-1239.54893	-1239.70737	-578.915626	-579.100246	
15.15544	-1239.54893	-1239.70737	-578.915626	-579.100246	
15.16557	-1239.54893	-1239.70737	-578.915626	-579.100246	
15.17572	-1239.54893	-1239.70737	-578.915626	-579.100246	
15.18586	-1239.54893	-1239.70737	-578.915626	-579.100246	
15.196	-1239.54893	-1239.70737	-578.915626	-579.100246	
15.20655	-1239.54893	-1239.70737	-578.915626	-579.100246	
15.21637	-1239.54893	-1239.70737	-578.915626	-579.100246	
15.22651	-1239.54893	-1239.70737	-578.915626	-579.100246	
15.24685	-1239.54893	-1239.70737	-578.915626	-579.100246	
15.25144	-1239.54893	-1239.70737	-578.915626	-579.100246	
15.26157	-1239.54893	-1239.70737	-578.915626	-579.100246	
15.27177	-1239.54893	-1239.70737	-578.915626	-579.100246	
15.28193	-1239.54893	-1239.70737	-578.915626	-579.100246	
15.29206	-1239.54893	-1239.70737	-578.915626	-579.100246	
15.30366	-1239.54893	-1239.70737	-578.915626	-579.100246	
15.31243	-1239.54893	-1239.70737	-578.915626	-579.100246	
15.32258	-1239.54893	-1239.70737	-578.915626	-579.100246	
15.33274	-1239.54893	-1239.70737	-578.915626	-579.100246	
15.34284	-1239.54893	-1239.70737	-578.915626	-579.100246	
15.35324	-1239.54893	-1239.70737	-578.915626	-579.100246	
15.36321	-1239.54893	-1239.70737	-578.915626	-579.100246	
15.37338	-1239.54893	-1239.70737	-578.915626	-579.100246	
15.38353	-1239.54893	-1239.70737	-578.915626	-579.100246	
15.39366	-1239.54893	-1239.70737	-578.915626	-579.100246	
15.40534	-1239.54893	-1239.70737	-578.915626	-579.100246	
15.41415	-1239.54893	-1239.70737	-578.915626	-579.100246	
15.42416	-1239.54893	-1239.70737	-578.915626	-579.100246	
15.43435	-1239.54893	-1239.70737	-578.915626	-579.100246	
15.44444	-1239.54893	-1239.70737	-578.915626	-579.100246	
15.45464	-1239.54893	-1239.70737	-578.915626	-579.100246	
15.46473	-1239.54893	-1239.70737	-578.915626	-579.100246	
15.47494	-1239.54893	-1239.70737	-578.915626	-579.100246	
15.48508	-1239.54893	-1239.70737	-578.915626	-579.100246	
15.49519	-1239.54893	-1239.70737	-578.915626	-579.100246	
15.50684	-1239.54893	-1239.70737	-578.915626	-579.100246	
15.51562	-1239.54893	-1239.70737	-578.915626	-579.100246	
15.52574	-1239.54893	-1239.70737	-578.915626	-579.100246	
15.53586	-1239.54893	-1239.70737	-578.915626	-579.100246	
15.54596	-1239.54893	-1239.70737	-578.915626	-579.100246	
15.55617	-1239.54893	-1239.70737	-578.915626	-579.100246	
15.56636	-1239.54893	-1239.70737	-578.915626	-579.100246	
15.57645	-1239.54893	-1239.70737	-578.915626	-579.100246	
15.58661	-1239.54893	-1239.70737	-578.915626	-579.100246	
15.59695	-1239.54893	-1239.70737	-578.915626	-579.100246	
15.60842	-1239.54893	-1239.70737	-578.915626	-579.100246	
15.61713	-1239.54893	-1239.70737	-578.915626	-579.100246	
15.62725	-1239.54893	-1239.70737	-578.915626	-579.100246	
15.63738	-1239.54893	-1239.70737	-578.915626	-579.100246	
15.64754	-1239.54893	-1239.70737	-578.915626	-579.100246	
15.65774	-1239.54893	-1239.70737	-578.915626	-579.100246	
15.66792	-1239.54893	-1239.70737	-578.915626	-579.100246	
15.67798	-1239.54893	-1239.70737	-578.915626	-579.100246	
15.6881	-1239.54893	-1239.70737	-578.915626	-579.100246	
15.69862	-1239.54893	-1239.70737	-578.915626	-579.100246	
15.70988	-1239.54893	-1239.70737	-578.915626	-579.100246	
15.71858	-1239.54893	-1239.70737	-578.915626	-579.100246	
15.72873	-1239.54893	-1239.70737	-578.915626	-579.100246	
15.73887	-1239.54893	-1239.70737	-578.915626	-579.100246	
15.74899	-1239.54893	-1239.70737	-578.915626	-579.100246	
15.75938	-1239.54893	-1239.70737	-578.915626	-579.100246	
15.76936	-1239.54893	-1239.70737	-578.915626	-579.100246	
15.77949	-1239.54893	-1239.70737	-578.915626	-579.100246	
15.78962	-1239.54893	-1239.70737	-578.915626	-579.100246	
15.79975	-1239.54893	-1239.70737	-578.915626	-579.100246	
15.81139	-1239.54893	-1239.70737	-578.915626	-579.100246	
15.82016	-1239.54893	-1239.70737	-578.915626	-579.100246	
15.83026	-1239.54893	-1239.70737	-578.915626	-579.100246	
15.84044	-1239.54893	-1239.70737	-578.915626	-579.100246	
15.85076	-1239.54893	-1239.70737	-578.915626	-579.100246	
15.86076	-1239.54893	-1239.70737	-578.915626	-579.100246	
15.8709	-1239.54893	-1239.70737	-578.915626	-579.100246	
15.88106	-1239.54893	-1239.70737	-578.915626	-579.100246	
15.89123	-1239.54893	-1239.70737	-578.915626	-579.100246	
15.90135	-1239.54893	-1239.70737	-578.915626	-579.100246	
15.91297	-1239.54893	-1239.70737	-578.915626	-579.100246	
15.92173	-1239.54893	-1239.70737	-578.915626	-579.100246	
15.93192	-1239.54893	-1239.70737	-578.915626	-579.100246	
15.94202	-1239.54893	-1239.70737	-578.915626	-579.100246	
15.95215	-1239.54893	-1239.70737	-578.915626	-579.100246	
15.96239	-1239.54893	-1239.70737	-578.915626	-579.100246	
15.97251	-1239.54893	-1239.70737	-578.915626	-579.100246	
15.98265	-1239.54893	-1239.70737	-578.915626	-579.100246	
15.9928	-1239.54893	-1239.70737	-578.915626	-579.100246	
16.00293	-1239.54893	-1239.70737	-578.915626	-579.100246	
16.01454	-1239.54893	-1239.70737	-578.915626	-579.100246	
16.02331	-1239.54893	-1239.70737	-578.915626	-579.100246	
16.03344	-1239.54893	-1239.70737	-578.915626	-579.100246	
16.04367	-1239.54893	-1239.70737	-578.915626	-579.100246	
16.05372	-1239.54893	-1239.70737	-578.915626	-579.100246	
16.0639	-1239.54893	-1239.70737	-578.915626	-579.100246	
16.07403	-1239.54893	-1239.70737	-578.915626	-579.100246	
16.08423	-1239.54893	-1239.70737	-578.915626	-579.100246	
16.09434	-1239.54893	-1239.70737	-578.915626	-579.100246	
16.10446	-1239.54893	-1239.70737	-578.915626	-579.100246	
16.11621	-1239.54893	-1239.70737	-578.915626	-579.100246	
16.12484	-1239.54893	-1239.70737	-578.915626	-579.100246	
16.13504	-1239.54893	-1239.70737	-578.915626	-579.100246	
16.14528	-1239.54893	-1239.70737	-578.915626	-579.100246	
16.1556	-1239.54893	-1239.70737	-578.915626	-579.100246	
16.16564	-1239.54893	-1239.70737	-578.915626	-579.100246	
16.17593	-1239.54893	-1239.70737	-578.915626	-579.100246	
16.18613	-1239.54893	-1239.70737	-578.915626	-579.100246	
16.19617	-1239.54893	-1239.70737	-578.915626	-579.100246	
16.2067	-1239.54893	-1239.70737	-578.915626	-579.100246	
16.21787	-1239.54893	-1239.70737	-578.915626	-579.100246	
16.2267	-1239.54893	-1239.70737	-578.915626	-579.100246	
16.2389	-1239.54893	-1239.70737	-578.915626	-579.100246	
16.24694	-1239.54893	-1239.70737	-578.915626	-579.100246	
16.25717	-1239.54893	-1239.70737	-578.915626	-579.100246	
16.26723	-1239.54893	-1239.70737	-578.915626	-579.100246	
16.27741	-1239.54893	-1239.70737	-578.915626	-579.100246	
16.28754	-1239.54893	-1239.70737	-578.915626	-579.100246	
16.29775	-1239.54893	-1239.70737	-578.915626	-579.100246	
16.30834	-1239.54893	-1239.70737	-578.915626	-579.100246	
16.31947	-1239.54893	-1239.70737	-578.915626	-579.100246	
16.3282	-1239.54893	-1239.70737	-578.915626	-579.100246	
16.33835	-1239.54893	-1239.70737	-578.915626	-579.100246	
16.34845	-1239.54893	-1239.70737	-578.915626	-579.100246	
16.3586	-1239.54893	-1239.70737	-578.915626	-579.100246	
16.36877	-1239.54893	-1239.70737	-578.915626	-579.100246	
16.3789	-1239.54893	-1239.70737	-578.915626	-579.100246	
16.38904	-1239.54893	-1239.70737	-578.915626	-579.100246	
16.3992	-1239.54893	-1239.70737	-578.915626	-579.100246	
16.40935	-1239.54893	-1239.70737	-578.915626	-579.100246	
16.42119	-1239.54893	-1239.70737	-578.915626	-579.100246	
16.42997	-1239.54893	-1239.70737	-578.915626	-579.100246	
16.44005	-1239.54893	-1239.70737	-578.915626	-579.100246	
16.45024	-1239.54893	-1239.70737	-578.915626	-579.100246	
16.46054	-1239.54893	-1239.70737	-578.915626	-579.100246	
16.47056	-1239.54893	-1239.70737	-578.915626	-579.100246	
16.48071	-1239.54893	-1239.70737	-578.915626	-579.100246	
16.49087	-1239.54893	-1239.70737	-578.915626	-579.100246	
16.50103	-1239.54893	-1239.70737	-578.915626	-579.100246	
16.51113	-1239.54893	-1239.70737	-578.915626	-579.100246	
16.52274	-1239.54893	-1239.70737	-578.915626	-579.100246	
16.53152	-1239.54893	-1239.70737	-578.915626	-579.100246	
16.54163	-1239.54893	-1239.70737	-578.915626	-579.100246	
16.55179	-1239.54893	-1239.70737	-578.915626	-579.100246	
16.5619	-1239.54893	-1239.70737	-578.915626	-579.100246	
16.57216	-1239.54893	-1239.70737	-578.915626	-579.100246	
16.58224	-1239.54893	-1239.70737	-578.915626	-579.100246	
16.59237	-1239.54893	-1239.70737	-578.915626	-579.100246	
16.60258	-1239.54893	-1239.70737	-578.915626	-579.100246	
16.61266	-1239.54893	-1239.70737	-578.915626	-579.100246	
16.62427	-1239.54893	-1239.70737	-578.915626	-579.100246	
16.63305	-1239.54893	-1239.70737	-578.915626	-579.100246	
16.6432	-1239.54893	-1239.70737	-578.915626	-579.100246	
16.65342	-1239.54893	-1239.70737	-578.915626	-579.100246	
16.66349	-1239.54893	-1239.70737	-578.915626	-579.100246	
16.6737	-1239.54893	-1239.70737	-578.915626	-579.100246	
16.68395	-1239.54893	-1239.70737	-578.915626	-579.100246	
16.69397	-1239.54893	-1239.70737	-578.915626	-579.100246	
16.70415	-1239.54893	-1239.70737	-578.915626	-579.100246	
16.71426	-1239.54893	-1239.70737	-578.915626	-579.100246	
16.72586	-1239.54893	-1239.70737	-578.915626	-579.100246	
16.73463	-1239.54893	-1239.70737	-578.915626	-579.100246	
16.74475	-1239.54893	-1239.70737	-578.915626	-579.100246	
16.75491	-1239.54893	-1239.70737	-578.915626	-579.100246	
16.765	-1239.54893	-1239.70737	-578.915626	-579.100246	
16.77543	-1239.54893	-1239.70737	-578.915626	-579.100246	
16.78541	-1239.54893	-1239.70737	-578.915626	-579.100246	
16.79553	-1239.54893	-1239.70737	-578.915626	-579.100246	
16.80568	-1239.54893	-1239.70737	-578.915626	-579.100246	
16.81577	-1239.54893	-1239.70737	-578.915626	-579.100246	
16.8274	-1239.54893	-1239.70737	-578.915626	-579.100246	
16.83618	-1239.54893	-1239.70737	-578.915626	-579.100246	
16.84625	-1239.54893	-1239.70737	-578.915626	-579.100246	
16.85645	-1239.54893	-1239.70737	-578.915626	-579.100246	
16.86694	-1239.54893	-1239.70737	-578.915626	-579.100246	
16.87675	-1239.54893	-1239.70737	-578.915626	-579.100246	
16.88687	-1239.54893	-1239.70737	-578.915626	-579.100246	
16.89702	-1239.54893	-1239.70737	-578.915626	-579.100246	
16.90716	-1239.54893	-1239.70737	-578.915626	-579.100246	
16.91735	-1239.54893	-1239.70737	-578.915626	-579.100246	
16.929	-1239.54893	-1239.70737	-578.915626	-579.100246	
16.93769	-1239.54893	-1239.70737	-578.915626	-579.100246	
16.95577	-1239.54893	-1239.70737	-578.915626	-579.100246	
16.96037	-1239.54893	-1239.70737	-578.915626	-579.100246	
16.97053	-1239.54893	-1239.70737	-578.915626	-579.100246	
16.98069	-1239.54893	-1239.70737	-578.915626	-579.100246	
16.99086	-1239.54893	-1239.70737	-578.915626	-579.100246	
17.001	-1239.54893	-1239.70737	-578.915626	-579.100246	
17.01115	-1239.54893	-1239.70737	-578.915626	-579.100246	
17.02131	-1239.54893	-1239.70737	-578.915626	-579.100246	
17.03181	-1239.54893	-1239.70737	-578.915626	-579.100246	
17.04199	-1239.54893	-1239.70737	-578.915626	-579.100246	
17.05233	-1239.54893	-1239.70737	-578.915626	-579.100246	
17.06226	-1239.54893	-1239.70737	-578.915626	-579.100246	
17.07237	-1239.54893	-1239.70737	-578.915626	-579.100246	
17.08262	-1239.54893	-1239.70737	-578.915626	-579.100246	
