142.358	330.003994	330.006855	330.003994	330.006855	
142.3681	330.00618	330.006855	330.00618	330.006855	
142.3784	330.00907	330.006855	330.00907	330.006855	
142.3885	330.012499	330.006855	330.012499	330.006855	
142.3987	330.016574	330.006855	330.016574	330.006855	
142.4088	330.021237	330.006855	330.021237	330.006855	
142.419	330.026529	330.006855	330.026529	330.006855	
142.4291	330.03244	330.006855	330.03244	330.015582	
142.4392	330.038974	330.006855	330.038974	330.024308	
142.4494	330.046146	330.015582	330.046146	330.024308	
142.4595	330.053904	330.015582	330.053904	330.033035	
142.4697	330.06227	330.024308	330.06227	330.041762	
142.4798	330.07125	330.033035	330.07125	330.041762	
142.4899	330.080852	330.041762	330.080852	330.050488	
142.5001	330.091154	330.041762	330.091154	330.059215	
142.5102	330.101935	330.050488	330.101935	330.076668	
142.5204	330.113433	330.059215	330.113433	330.076668	
142.5305	330.125565	330.067941	330.125565	330.094121	
142.5406	330.138171	330.076668	330.138171	330.111575	
142.5507	330.151471	330.076668	330.151471	330.120301	
142.5609	330.165502	330.094121	330.165502	330.137755	
142.571	330.179962	330.102848	330.179962	330.146481	
142.5812	330.195114	330.111575	330.195114	330.155208	
142.5913	330.210922	330.129028	330.210922	330.172661	
142.6014	330.227297	330.146481	330.227297	330.181388	
142.6116	330.2443	330.155208	330.2443	330.198841	
142.6217	330.261905	330.172661	330.261905	330.216294	
142.6318	330.280143	330.181388	330.280143	330.225021	
142.642	330.299017	330.198841	330.299017	330.242474	
142.6521	330.318529	330.216294	330.318529	330.259928	
142.6623	330.338647	330.242474	330.338647	330.286108	
142.6724	330.359356	330.259928	330.359356	330.303561	
142.6826	330.380841	330.286108	330.380841	330.321014	
142.6927	330.402631	330.303561	330.402631	330.347194	
142.7028	330.42514	330.329741	330.42514	330.373374	
142.713	330.448347	330.355921	330.448347	330.390827	
142.7231	330.472203	330.390827	330.472203	330.425734	
142.7332	330.496562	330.417007	330.496562	330.451914	
142.7434	330.52158	330.451914	330.52158	330.478094	
142.7535	330.547262	330.478094	330.547262	330.504274	
142.7637	330.573504	330.513	330.573504	330.530454	
142.7739	330.600596	330.547907	330.600596	330.56536	
142.784	330.628046	330.574087	330.628046	330.600267	
142.7941	330.656177	330.600267	330.656177	330.626447	
142.8042	330.684801	330.635173	330.684801	330.661353	
142.8144	330.714149	330.67008	330.714149	330.687533	
142.8245	330.744119	330.69626	330.744119	330.72244	
142.8347	330.774843	330.72244	330.774843	330.74862	
142.8448	330.806068	330.74862	330.806068	330.7748	
142.855	330.838015	330.7748	330.838015	330.809706	
142.8651	330.87034	330.809706	330.87034	330.844613	
142.8755	330.904018	330.844613	330.904018	330.87952	
142.8854	330.937008	330.870793	330.937008	330.9057	
142.8955	330.971281	330.9057	330.971281	330.940606	
142.9057	331.006185	330.931879	331.006185	330.966786	
142.9158	331.041648	330.966786	331.041648	331.001693	
142.9259	331.077803	331.001693	331.077803	331.036599	
142.9361	331.114686	331.036599	331.114686	331.062779	
142.9463	331.152209	331.071506	331.152209	331.097686	
142.9564	331.190174	331.115139	331.190174	331.132592	
142.9665	331.228583	331.150046	331.228583	331.167499	
142.9767	331.267991	331.193679	331.267991	331.202406	
142.9868	331.307897	331.228585	331.307897	331.246039	
142.9969	331.348196	331.263492	331.348196	331.289672	
143.0071	331.389195	331.307125	331.389195	331.333305	
143.0173	331.431078	331.350758	331.431078	331.368212	
143.0274	331.473323	331.394392	331.473323	331.420572	
143.0375	331.516238	331.438025	331.516238	331.464205	
143.0476	331.55967	331.481658	331.55967	331.507838	
143.0657	331.639542	331.568925	331.639542	331.595105	
143.0702	331.65939	331.586378	331.65939	331.612558	
143.0803	331.705111	331.638738	331.705111	331.664918	
143.0906	331.751564	331.682371	331.751564	331.708551	
143.1006	331.797886	331.734731	331.797886	331.752184	
143.1107	331.845236	331.787091	331.845236	331.804544	
143.1209	331.893227	331.839451	331.893227	331.856904	
143.131	331.941937	331.891811	331.941937	331.900537	
143.1412	331.991113	331.935444	331.991113	331.952897	
143.1513	332.040904	331.987804	332.040904	331.99653	
143.1614	332.091316	332.031437	332.091316	332.04889	
143.1715	332.142323	332.083797	332.142323	332.10125	
143.1817	332.194023	332.136157	332.194023	332.15361	
143.1918	332.246476	332.17979	332.246476	332.20597	
143.202	332.299428	332.240876	332.299428	332.25833	
143.2122	332.353233	332.28451	332.353233	332.31069	
143.2223	332.407204	332.33687	332.407204	332.363049	
143.2324	332.461914	332.389229	332.461914	332.415409	
143.2426	332.517767	332.441589	332.517767	332.476496	
143.2527	332.573342	332.502676	332.573342	332.528856	
143.2628	332.629911	332.555036	332.629911	332.589942	
143.273	332.687227	332.616122	332.687227	332.642302	
143.2831	332.745057	332.677209	332.745057	332.694662	
143.2934	332.804394	332.729569	332.804394	332.755749	
143.3034	332.862607	332.799382	332.862607	332.808108	
143.3136	332.922674	332.860468	332.922674	332.869195	
143.3237	332.9831	332.921555	332.9831	332.930281	
143.3339	333.044504	332.991368	333.044504	332.991368	
143.344	333.105708	333.052455	333.105708	333.052455	
143.3541	333.167802	333.113541	333.167802	333.113541	
143.3643	333.230504	333.183354	333.230504	333.183354	
143.3744	333.293999	333.253167	333.293999	333.244441	
143.3845	333.35801	333.322981	333.35801	333.305527	
143.3948	333.42373	333.384067	333.42373	333.37534	
143.4049	333.488154	333.445154	333.488154	333.445154	
143.415	333.55424	333.514967	333.55424	333.514967	
143.4252	333.620967	333.576053	333.620967	333.58478	
143.4353	333.687596	333.63714	333.687596	333.645866	
143.4454	333.755253	333.706953	333.755253	333.71568	
143.4555	333.823614	333.776766	333.823614	333.785493	
143.4658	333.893137	333.846579	333.893137	333.855306	
143.4758	333.962285	333.916392	333.962285	333.925119	
143.4859	334.032336	333.986206	334.032336	333.994932	
143.4961	334.103447	334.047292	334.103447	334.064745	
143.5063	334.17553	334.117105	334.17553	334.134559	
143.5168	334.25015	334.186919	334.25015	334.213098	
143.5265	334.319585	334.256732	334.319585	334.282912	
143.5367	334.39341	334.335272	334.39341	334.352725	
143.5472	334.469337	334.405085	334.469337	334.422538	
143.5569	334.541122	334.474898	334.541122	334.492351	
143.5671	334.616329	334.544711	334.616329	334.562164	
143.5773	334.692502	334.623251	334.692502	334.640704	
143.5874	334.768558	334.701791	334.768558	334.719244	
143.5975	334.845649	334.78033	334.845649	334.789057	
143.6156	334.985311	334.85887	334.985311	334.85887	
143.6202	335.020907	334.96359	335.020907	334.954863	
143.6303	335.099628	335.04213	335.099628	335.033403	
143.6404	335.179058	335.129396	335.179058	335.12067	
143.6507	335.259941	335.216663	335.259941	335.207936	
143.6607	335.340129	335.303929	335.340129	335.286476	
143.6708	335.421517	335.382469	335.421517	335.373742	
143.681	335.503611	335.478462	335.503611	335.452282	
143.6911	335.586281	335.557002	335.586281	335.548275	
143.7014	335.67103	335.644268	335.67103	335.635542	
143.7128	335.765444	335.731535	335.765444	335.722808	
143.7294	335.90495	335.810075	335.90495	335.810075	
143.734	335.942998	335.914794	335.942998	335.923521	
143.7441	336.028881	336.010788	336.028881	336.010788	
143.7542	336.115441	336.089327	336.115441	336.098054	
143.7644	336.202679	336.185321	336.202679	336.185321	
143.7745	336.29036	336.26386	336.29036	336.281314	
143.7846	336.378657	336.351127	336.378657	336.359853	
143.7948	336.468031	336.438393	336.468031	336.455847	
143.805	336.557821	336.52566	336.557821	336.534386	
143.8151	336.647619	336.6042	336.647619	336.621653	
143.8252	336.73859	336.691466	336.73859	336.708919	
143.8353	336.829623	336.778732	336.829623	336.796186	
143.8461	336.927949	336.865999	336.927949	336.883452	
143.8557	337.014866	336.953265	337.014866	336.970719	
143.8658	337.108057	337.031805	337.108057	337.057985	
143.8759	337.201985	337.119072	337.201985	337.145252	
143.8861	337.296699	337.206338	337.296699	337.232518	
143.8962	337.391843	337.302331	337.391843	337.337238	
143.9064	337.488204	337.389598	337.488204	337.424504	
143.9165	337.584067	337.476864	337.584067	337.520497	
143.9267	337.681573	337.581584	337.681573	337.616491	
143.9368	337.779031	337.66885	337.779031	337.72121	
143.9469	337.877201	337.77357	337.877201	337.808477	
143.957	337.975643	337.860837	337.975643	337.913196	
143.9672	338.075093	337.965556	338.075093	338.000463	
143.9773	338.175528	338.070276	338.175528	338.105183	
143.9875	338.275962	338.174996	338.275962	338.209902	
143.9976	338.377201	338.279716	338.377201	338.314622	
144.0078	338.479614	338.384435	338.479614	338.410615	
144.0179	338.582373	338.489155	338.582373	338.515335	
144.028	338.685321	338.602602	338.685321	338.620055	
144.0382	338.788934	338.707321	338.788934	338.733501	
144.0483	338.893151	338.812041	338.893151	338.838221	
144.0584	338.998244	338.925487	338.998244	338.951667	
144.0686	339.103776	339.030207	339.103776	339.065114	
144.0787	339.209966	339.134927	339.209966	339.169834	
144.0889	339.317123	339.248373	339.317123	339.28328	
144.099	339.424963	339.36182	339.424963	339.396726	
144.1091	339.532349	339.46654	339.532349	339.501446	
144.1277	339.733505	339.675979	339.733505	339.693432	
144.1323	339.783141	339.719612	339.783141	339.745792	
144.1425	339.893196	339.833059	339.893196	339.850512	
144.1526	340.004	339.946505	340.004	339.955232	
144.1628	340.116196	340.051225	340.116196	340.068678	
144.1729	340.227246	340.164671	340.227246	340.182125	
144.183	340.340046	340.278118	340.340046	340.304298	
144.1931	340.453126	340.391564	340.453126	340.409017	
144.2033	340.567218	340.50501	340.567218	340.522464	
144.2134	340.681554	340.618457	340.681554	340.63591	
144.2236	340.796449	340.74063	340.796449	340.758083	
144.2338	340.913648	340.854076	340.913648	340.862803	
144.2439	341.028856	340.967523	341.028856	340.967523	
144.254	341.145646	341.080969	341.145646	341.089696	
144.2642	341.263412	341.194415	341.263412	341.203142	
144.2743	341.381352	341.316589	341.381352	341.316589	
144.2844	341.500402	341.430035	341.500402	341.438762	
144.2946	341.619644	341.552208	341.619644	341.552208	
144.3047	341.739657	341.665654	341.739657	341.665654	
144.3149	341.860706	341.796554	341.860706	341.787827	
144.325	341.982027	341.91	341.982027	341.91	
144.3353	342.10514	342.032174	342.10514	342.032174	
144.3454	342.226244	342.154347	342.226244	342.154347	
144.3554	342.347324	342.285246	342.347324	342.285246	
144.3656	342.46868	342.407419	342.46868	342.407419	
144.3757	342.590156	342.538319	342.590156	342.538319	
144.3859	342.71234	342.660492	342.71234	342.660492	
144.396	342.83372	342.782665	342.83372	342.782665	
144.4061	342.955796	342.913565	342.955796	342.904838	
144.4163	343.077872	343.027011	343.077872	343.027011	
144.4265	343.199636	343.166638	343.199636	343.166638	
144.4369	343.325012	343.280084	343.325012	343.288811	
144.4467	343.442672	343.410984	343.442672	343.410984	
144.4568	343.56398	343.533157	343.56398	343.541883	
144.467	343.685888	343.65533	343.685888	343.664056	
144.4771	343.8071	343.777503	343.8071	343.794956	
144.4873	343.929164	343.899676	343.929164	343.917129	
144.4974	344.050952	344.013122	344.050952	344.039302	
144.5075	344.1722	344.135295	344.1722	344.161475	
144.5176	344.293676	344.248742	344.293676	344.283648	
144.5278	344.416112	344.370915	344.416112	344.405821	
144.538	344.538536	344.493088	344.538536	344.519268	
144.5483	344.661932	344.597808	344.661932	344.632714	
144.5583	344.781716	344.719981	344.781716	344.754887	
144.5685	344.903576	344.842154	344.903576	344.868334	
144.5786	345.025388	344.9556	345.025388	344.98178	
144.5887	345.146744	345.069046	345.146744	345.103953	
144.5988	345.2681	345.191219	345.2681	345.226126	
144.609	345.389804	345.313393	345.389804	345.339572	
144.6191	345.511484	345.435566	345.511484	345.461745	
144.6293	345.633068	345.549012	345.633068	345.575192	
144.6394	345.754664	345.679912	345.754664	345.697365	
144.6495	345.876284	345.802085	345.876284	345.819538	
144.6597	345.998228	345.924258	345.998228	345.941711	
144.6698	346.119836	346.046431	346.119836	346.063884	
144.6799	346.241288	346.168604	346.241288	346.186057	
144.6901	346.362776	346.299504	346.362776	346.30823	
144.7003	346.485284	346.421677	346.485284	346.430403	
144.7107	346.614428	346.552576	346.614428	346.561303	
144.7205	346.728452	346.674749	346.728452	346.692203	
144.7307	346.850924	346.796922	346.850924	346.814376	
144.7408	346.971596	346.936549	346.971596	346.936549	
144.751	347.093528	347.058722	347.093528	347.067448	
144.7611	347.215424	347.180895	347.215424	347.189621	
144.7712	347.336888	347.311795	347.336888	347.320521	
144.7814	347.458316	347.442694	347.458316	347.442694	
144.7915	347.579972	347.564867	347.579972	347.564867	
144.8016	347.701784	347.68704	347.701784	347.678314	
144.8118	347.823056	347.809213	347.823056	347.809213	
144.8219	347.944952	347.931386	347.944952	347.913933	
144.832	348.065628	348.053559	348.065628	348.044833	
144.8422	348.185855	348.167006	348.185855	348.158279	
144.8524	348.306333	348.297906	348.306333	348.280452	
144.8705	348.517566	348.507345	348.517566	348.498618	
144.8752	348.572485	348.550978	348.572485	348.542252	
144.8853	348.6886	348.673151	348.6886	348.664425	
144.8953	348.804905	348.786598	348.804905	348.786598	
144.9057	348.923676	348.900044	348.923676	348.908771	
144.9158	349.039113	349.022217	349.039113	349.022217	
144.9259	349.153871	349.135664	349.153871	349.135664	
144.9362	349.269284	349.240383	349.269284	349.24911	
144.9463	349.383149	349.35383	349.383149	349.362556	
144.9564	349.496422	349.467276	349.496422	349.484729	
144.9666	349.608949	349.580723	349.608949	349.589449	
144.9767	349.720776	349.685442	349.720776	349.694169	
144.9869	349.83259	349.798889	349.83259	349.816342	
144.9969	349.942324	349.903608	349.942324	349.929788	
145.0071	350.05249	350.008328	350.05249	350.043235	
145.0172	350.16216	350.113048	350.16216	350.147955	
145.0273	350.271045	350.217768	350.271045	350.252674	
145.0375	350.37935	350.322487	350.37935	350.366121	
145.0476	350.486946	350.427207	350.486946	350.47084	
145.0657	350.676201	350.619193	350.676201	350.662827	
145.0703	350.725242	350.662827	350.725242	350.70646	
145.0803	350.829573	350.776273	350.829573	350.81118	
145.0905	350.934684	350.880993	350.934684	350.915899	
145.1006	351.03905	350.985713	351.03905	351.020619	
145.1108	351.143139	351.090432	351.143139	351.116612	
145.1209	351.24629	351.195152	351.24629	351.221332	
145.131	351.349101	351.299872	351.349101	351.317325	
145.1412	351.451018	351.395865	351.451018	351.422045	
145.1513	351.552364	351.500585	351.552364	351.526765	
145.1615	351.653551	351.605304	351.653551	351.631484	
145.1716	351.753269	351.701298	351.753269	351.727478	
145.1817	351.853139	351.806017	351.853139	351.823471	
145.1918	351.951853	351.910737	351.951853	351.92819	
145.202	352.050111	352.015457	352.050111	352.03291	
145.2121	352.148245	352.11145	352.148245	352.13763	
145.2222	352.245012	352.207443	352.245012	352.233623	
145.2324	352.341737	352.312163	352.341737	352.329616	
145.2425	352.437276	352.416883	352.437276	352.425609	
145.2526	352.532739	352.512876	352.532739	352.521602	
145.2628	352.627523	352.608869	352.627523	352.626322	
145.2729	352.721629	352.704862	352.721629	352.722315	
145.2831	352.81567	352.800855	352.81567	352.818308	
145.2932	352.907995	352.905575	352.907995	352.905575	
145.3034	353.000211	352.992841	353.000211	353.010295	
145.3135	353.092217	353.080108	353.092217	353.097561	
145.3236	353.182958	353.176101	353.182958	353.184827	
145.3338	353.274415	353.263367	353.274415	353.280821	
145.3439	353.363143	353.35936	353.363143	353.35936	
145.3541	353.452814	353.4379	353.452814	353.446627	
145.3643	353.541651	353.533893	353.541651	353.533893	
145.3744	353.629099	353.62116	353.629099	353.62116	
145.3845	353.716762	353.708426	353.716762	353.6997	
145.3948	353.804758	353.786966	353.804758	353.778239	
145.405	353.891611	353.874232	353.891611	353.865506	
145.415	353.975514	353.961499	353.975514	353.944046	
145.4251	354.060105	354.048765	354.060105	354.022585	
145.4356	354.14746	354.127305	354.14746	354.109852	
145.4454	354.227948	354.214572	354.227948	354.197118	
145.4555	354.311105	354.301838	354.311105	354.275658	
145.4657	354.393874	354.371651	354.393874	354.362925	
145.4758	354.475398	354.458918	354.475398	354.441464	
145.4859	354.556854	354.546184	354.556854	354.537458	
145.4961	354.637555	354.615997	354.637555	354.615997	
145.5063	354.717925	354.703264	354.717925	354.703264	
145.5164	354.797354	354.781804	354.797354	354.79053	
145.5265	354.875672	354.860344	354.875672	354.86907	
145.5367	354.954577	354.930157	354.954577	354.94761	
145.5468	355.031997	355.008697	355.031997	355.02615	
145.5569	355.108187	355.087236	355.108187	355.10469	
145.5671	355.184769	355.165776	355.184769	355.174503	
145.5772	355.260279	355.244316	355.260279	355.253043	
145.5873	355.335549	355.314129	355.335549	355.331582	
145.5975	355.4102	355.392669	355.4102	355.401396	
145.6076	355.484073	355.462482	355.484073	355.479935	
145.6178	355.557565	355.532295	355.557565	355.549749	
145.6279	355.630303	355.610835	355.630303	355.628288	
145.638	355.701953	355.680648	355.701953	355.698102	
145.6481	355.773418	355.759188	355.773418	355.767915	
145.6583	355.84424	355.829001	355.84424	355.837728	
145.6684	355.914767	355.890088	355.914767	355.907541	
145.6785	355.984064	355.959901	355.984064	355.977354	
145.6887	356.053221	356.020987	356.053221	356.047167	
145.6989	356.122146	356.082074	356.122146	356.116981	
145.709	356.189457	356.151887	356.189457	356.186794	
145.7191	356.256927	356.212974	356.256927	356.24788	
145.7293	356.323434	356.27406	356.323434	356.317693	
145.7394	356.389346	356.335147	356.389346	356.37878	
145.7495	356.454746	356.396233	356.454746	356.439866	
145.7597	356.519488	356.466046	356.519488	356.500953	
145.7699	356.584139	356.53586	356.584139	356.570766	
145.78	356.647327	356.596946	356.647327	356.623126	
145.7901	356.710176	356.666759	356.710176	356.684213	
145.8002	356.772577	356.727846	356.772577	356.745299	
145.8103	356.834183	356.788932	356.834183	356.815112	
145.8205	356.895439	356.850019	356.895439	356.867472	
145.8306	356.955943	356.919832	356.955943	356.928559	
145.8408	357.015881	356.980919	357.015881	356.989645	
145.8517	357.079796	357.042005	357.079796	357.059458	
145.8611	357.133931	357.094365	357.133931	357.120545	
145.8712	357.191978	357.155451	357.191978	357.172905	
145.8814	357.249748	357.216538	357.249748	357.233991	
145.8915	357.306297	357.268898	357.306297	357.295078	
145.9016	357.36259	357.329984	357.36259	357.356164	
145.9118	357.418449	357.382344	357.418449	357.408524	
145.9219	357.473244	357.443431	357.473244	357.469611	
145.932	357.527596	357.495791	357.527596	357.530697	
145.9422	357.581532	357.548151	357.581532	357.583057	
145.9523	357.634767	357.60051	357.634767	357.635417	
145.9624	357.687366	357.65287	357.687366	357.687777	
145.9726	357.73943	357.70523	357.73943	357.740137	
145.9827	357.790743	357.75759	357.790743	357.792497	
145.9928	357.84164	357.80995	357.84164	357.83613	
146.003	357.891936	357.86231	357.891936	357.879763	
146.0131	357.94147	357.91467	357.94147	357.932123	
146.0233	357.990576	357.96703	357.990576	357.975756	
146.0334	358.038935	358.019389	358.038935	358.019389	
146.0435	358.086616	358.063023	358.086616	358.071749	
146.0537	358.133755	358.106656	358.133755	358.106656	
146.0638	358.18057	358.159016	358.18057	358.159016	
146.0739	358.226393	358.202649	358.226393	358.211376	
146.0841	358.271717	358.246282	358.271717	358.246282	
146.0942	358.316483	358.289915	358.316483	358.298642	
146.1044	358.360777	358.333549	358.360777	358.342275	
146.115	358.407636	358.377182	358.407636	358.385909	
146.1246	358.447232	358.420815	358.447232	358.438268	
146.1348	358.489606	358.455722	358.489606	358.481902	
146.145	358.531618	358.499355	358.531618	358.525535	
146.1551	358.572712	358.542988	358.572712	358.569168	
146.1652	358.61308	358.586621	358.61308	358.612801	
146.1753	358.653056	358.630255	358.653056	358.656435	
146.1855	358.692502	358.665161	358.692502	358.700068	
146.1956	358.731146	358.700068	358.731146	358.734974	
146.2058	358.769307	358.743701	358.769307	358.778608	
146.2159	358.806834	358.778608	358.806834	358.813514	
146.2261	358.844082	358.813514	358.844082	358.857148	
146.2364	358.88079	358.848421	358.88079	358.892054	
146.2464	358.916267	358.892054	358.916267	358.926961	
146.2565	358.951195	358.926961	358.951195	358.961867	
146.2669	358.986484	358.961867	358.986484	358.988047	
146.2768	359.019668	358.996774	359.019668	359.022954	
146.2869	359.05304	359.03168	359.05304	359.049134	
146.2971	359.085829	359.066587	359.085829	359.08404	
146.3072	359.118093	359.101494	359.118093	359.118947	
146.3173	359.149509	359.127674	359.149509	359.153853	
146.3275	359.180627	359.16258	359.180627	359.180033	
146.3377	359.210986	359.18876	359.210986	359.206213	
146.3478	359.240892	359.223667	359.240892	359.232393	
146.358	359.26998	359.249847	359.26998	359.258573	
146.3684	359.299382	359.276027	359.299382	359.29348	
146.3785	359.327226	359.302206	359.327226	359.328386	
146.3886	359.354578	359.328386	359.354578	359.34584	
146.3988	359.381477	359.363293	359.381477	359.37202	
146.4089	359.407593	359.380746	359.407593	359.3982	
146.4191	359.433325	359.406926	359.433325	359.42438	
146.4292	359.458177	359.433106	359.458177	359.450559	
146.4393	359.482589	359.459286	359.482589	359.468013	
146.4495	359.506455	359.485466	359.506455	359.494193	
146.4596	359.529635	359.502919	359.529635	359.520373	
146.4697	359.552283	359.529099	359.552283	359.537826	
146.4799	359.574353	359.555279	359.574353	359.555279	
146.49	359.595827	359.572732	359.595827	359.572732	
146.5001	359.616705	359.590186	359.616705	359.598912	
146.5103	359.636972	359.607639	359.636972	359.616366	
146.5204	359.65676	359.633819	359.65676	359.633819	
146.5306	359.67588	359.651272	359.67588	359.651272	
146.5407	359.694416	359.668726	359.694416	359.668726	
146.5508	359.712347	359.686179	359.712347	359.677452	
146.561	359.729763	359.703632	359.729763	359.703632	
146.5711	359.746619	359.712359	359.746619	359.712359	
146.5812	359.762795	359.738539	359.762795	359.729812	
146.5914	359.77847	359.747265	359.77847	359.747265	
146.6015	359.79362	359.764719	359.79362	359.764719	
146.6116	359.808081	359.782172	359.808081	359.782172	
146.6218	359.822025	359.799625	359.822025	359.790899	
146.6319	359.835416	359.808352	359.835416	359.808352	
146.6421	359.84826	359.817079	359.84826	359.817079	
146.6522	359.860522	359.834532	359.860522	359.834532	
146.6623	359.872177	359.851985	359.872177	359.851985	
146.6725	359.883315	359.851985	359.883315	359.860712	
146.6826	359.893876	359.869438	359.893876	359.869438	
146.6927	359.90389	359.878165	359.90389	359.886892	
146.7029	359.913352	359.886892	359.913352	359.886892	
146.713	359.922284	359.895618	359.922284	359.895618	
146.7232	359.93071	359.904345	359.93071	359.904345	
146.7333	359.938517	359.913072	359.938517	359.913072	
146.7435	359.945856	359.921798	359.945856	359.921798	
146.7536	359.952645	359.921798	359.952645	359.921798	
146.7637	359.958887	359.921798	359.958887	359.921798	
146.7739	359.964636	359.930525	359.964636	359.921798	
146.784	359.96987	359.930525	359.96987	359.921798	
146.7942	359.974633	359.939252	359.974633	359.921798	
146.8043	359.978894	359.939252	359.978894	359.921798	
146.8144	359.982653	359.939252	359.982653	359.921798	
146.8246	359.985981	359.939252	359.985981	359.921798	
146.8347	359.988861	359.939252	359.988861	359.921798	
146.845	359.991347	359.939252	359.991347	359.921798	
146.8551	359.993385	359.939252	359.993385	359.921798	
146.8652	359.99507	359.939252	359.99507	359.921798	
146.8753	360	359.939252	360	359.930525	
146.8857	360	359.939252	360	359.930525	
146.8956	360	359.939252	360	359.930525	
146.9057	360	359.939252	360	359.939252	
146.9159	360	359.939252	360	359.939252	
146.926	360	359.939252	360	359.939252	
146.9362	360	359.939252	360	359.947978	
146.9464	360	359.939252	360	359.947978	
146.9565	360	359.939252	360	359.947978	
146.9667	360	359.939252	360	359.947978	
146.9768	360	359.939252	360	359.947978	
146.987	360	359.939252	360	359.947978	
146.997	360	359.939252	360	359.947978	
147.0072	360	359.939252	360	359.947978	
147.0173	360	359.939252	360	359.947978	
147.0274	360	359.939252	360	359.947978	
147.0376	360	359.939252	360	359.947978	
147.0478	360	359.939252	360	359.947978	
147.0579	360	359.939252	360	359.947978	
147.0681	360	359.939252	360	359.947978	
147.0782	360	359.939252	360	359.947978	
147.0883	360	359.939252	360	359.947978	
147.0985	360	359.939252	360	359.947978	
147.1086	360	359.939252	360	359.947978	
147.1187	360	359.939252	360	359.947978	
147.1289	360	359.939252	360	359.947978	
147.1391	360	359.939252	360	359.947978	
147.1492	360	359.939252	360	359.947978	
147.1596	360	359.939252	360	359.947978	
147.1695	360	359.939252	360	359.947978	
147.1796	360	359.939252	360	359.947978	
147.1897	360	359.939252	360	359.947978	
147.1999	360	359.939252	360	359.947978	
147.21	360	359.939252	360	359.947978	
147.2201	360	359.947978	360	359.947978	
147.2303	360	359.947978	360	359.947978	
147.2404	360	359.947978	360	359.947978	
147.2505	360	359.956705	360	359.947978	
147.2607	360	359.956705	360	359.947978	
147.2708	360	359.956705	360	359.947978	
147.281	360	359.965432	360	359.956705	
147.2911	360	359.974158	360	359.956705	
147.3012	360	359.974158	360	359.956705	
147.3114	360	359.991612	360	359.965432	
147.3215	360	359.991612	360	359.974158	
147.3316	360	360.000338	360	359.982885	
147.3418	360	360.009065	360	359.991612	
147.3519	360	360.017791	360	360.000338	
147.3621	360	360.026518	360	360.009065	
147.3722	360	360.026518	360	360.026518	
147.3823	360	360.026518	360	360.026518	
147.3925	360	360.026518	360	360.026518	
147.4026	360	360.026518	360	360.026518	
147.4128	360	360.026518	360	360.026518	
147.4229	360	360.017791	360	360.026518	
147.4331	360	360.017791	360	360.026518	
147.4432	360	360.009065	360	360.026518	
147.4533	360	360.009065	360	360.017791	
147.4635	360	360.000338	360	360.017791	
147.4741	360	359.991612	360	360.009065	
147.4842	360	359.991612	360	360.000338	
147.4943	360	359.991612	360	360.000338	
147.5045	360	359.991612	360	359.991612	
147.5146	360	359.991612	360	359.991612	
147.5247	360	360.000338	360	359.991612	
147.535	360	360.000338	360	359.991612	
147.545	360	360.000338	360	359.991612	
147.5552	360	360.000338	360	359.982885	
147.5653	360	360.009065	360	359.982885	
147.5756	360	360.009065	360	359.982885	
147.5857	360	360.000338	360	359.982885	
147.5957	360	360.000338	360	359.982885	
147.6059	360	360.000338	360	359.982885	
147.616	360	360.000338	360	359.991612	
147.6261	360	360.000338	360	359.991612	
147.6441	360	360.000338	360	359.991612	
147.6486	360	360.000338	360	359.991612	
147.6588	360	360.000338	360	359.991612	
147.6689	360	360.000338	360	359.991612	
147.6791	360	360.000338	360	359.991612	
147.6892	360	360.000338	360	359.991612	
147.6994	360	360.000338	360	359.991612	
147.7095	360	360.000338	360	359.991612	
147.7211	360	360.000338	360	359.991612	
147.7298	360	360.000338	360	359.991612	
147.7399	360	360.000338	360	359.991612	
147.75	360	360.000338	360	359.991612	
147.7601	360	360.000338	360	359.991612	
147.7703	360	360.000338	360	359.991612	
147.7805	360	360.000338	360	359.991612	
147.7906	360	360.000338	360	359.991612	
147.8007	360	360.000338	360	359.991612	
147.8109	360	360.000338	360	359.991612	
147.821	360	360.000338	360	359.991612	
147.8311	360	360.000338	360	359.991612	
147.8413	360	360.000338	360	359.991612	
147.8521	360	360.000338	360	359.991612	
147.862	360	360.000338	360	359.991612	
147.8717	360	360.000338	360	359.991612	
147.8819	360	360.000338	360	359.991612	
147.892	360	360.000338	360	359.991612	
147.9022	360	360.000338	360	359.991612	
147.9123	360	360.000338	360	359.991612	
147.9224	360	360.000338	360	359.991612	
147.9326	360	360.000338	360	359.991612	
147.9427	360	360.000338	360	359.991612	
147.9528	360	360.000338	360	359.991612	
147.963	360	360.000338	360	359.991612	
147.9731	360	360.000338	360	359.991612	
147.9832	360	360.000338	360	359.991612	
147.9937	360	360.000338	360	359.991612	
148.0035	360	360.000338	360	359.991612	
148.0137	360	360.000338	360	359.991612	
148.0239	360	360.000338	360	359.991612	
148.034	360	360.000338	360	359.991612	
148.0441	360	360.000338	360	359.991612	
148.0542	360	360.000338	360	359.991612	
148.0644	360	360.000338	360	359.991612	
148.0745	360	360.000338	360	359.991612	
148.0847	360	360.000338	360	359.991612	
148.0948	360	360.000338	360	359.991612	
148.105	360	360.000338	360	359.991612	
148.1167	360	360.000338	360	359.991612	
148.1253	360	360.000338	360	359.991612	
148.1354	360	360.000338	360	359.991612	
148.1456	360	360.000338	360	359.991612	
148.1557	360	360.000338	360	359.991612	
148.1658	360	360.000338	360	359.991612	
148.176	360	360.000338	360	359.991612	
148.1861	360	360.000338	360	359.991612	
148.1963	360	360.000338	360	359.991612	
148.2065	360	360.000338	360	359.991612	
148.2166	360	360.000338	360	359.991612	
148.2268	360	360.000338	360	359.991612	
148.2368	360	360.000338	360	359.991612	
148.247	360	360.000338	360	359.991612	
148.2571	360	360.000338	360	359.991612	
148.2673	360	360.000338	360	359.991612	
148.2774	360	360.000338	360	359.991612	
148.2875	360	360.000338	360	359.991612	
148.2977	360	360.000338	360	359.991612	
148.3158	360	360.000338	360	359.991612	
148.3203	360	360.000338	360	359.991612	
148.3305	360	360.000338	360	359.991612	
148.3407	360	360.000338	360	359.991612	
148.3508	360	360.000338	360	359.991612	
148.3609	360	360.000338	360	359.991612	
148.3711	360	360.000338	360	359.991612	
148.3812	360	360.000338	360	359.991612	
148.3913	360	360.000338	360	359.991612	
148.4016	360	360.000338	360	359.991612	
148.4117	360	360.000338	360	359.991612	
148.4219	360	360.000338	360	359.991612	
148.432	360	360.000338	360	359.991612	
148.4421	360	360.000338	360	359.991612	
148.4523	360	360.000338	360	359.991612	
148.4624	360	360.000338	360	359.991612	
148.4725	360	360.000338	360	359.991612	
148.4827	360	360.000338	360	359.991612	
148.4928	360	360.000338	360	359.991612	
148.503	360	360.000338	360	359.991612	
148.5131	360	360.000338	360	359.991612	
148.5236	360	360.000338	360	359.991612	
148.5338	360	360.000338	360	359.991612	
148.5439	360	360.000338	360	359.991612	
148.554	360	360.000338	360	359.991612	
148.5642	360	360.000338	360	359.991612	
148.5743	360	360.000338	360	359.991612	
148.5845	360	360.000338	360	359.991612	
148.5946	360	360.000338	360	359.991612	
148.6047	360	360.000338	360	359.991612	
148.6149	360	360.000338	360	359.991612	
148.6251	360	360.000338	360	359.991612	
148.6352	360	360.000338	360	359.991612	
148.6453	360	360.000338	360	359.991612	
148.6555	360	360.000338	360	359.991612	
148.6656	360	360.000338	360	359.991612	
148.6757	360	360.000338	360	359.991612	
148.6859	360	360.000338	360	359.991612	
148.696	360	360.000338	360	359.991612	
148.7142	360	360.000338	360	359.991612	
148.7191	360	360.000338	360	359.991612	
148.7289	360	360.000338	360	359.991612	
148.7391	360	360.000338	360	359.991612	
148.7491	360	360.000338	360	359.991612	
148.7592	360	360.000338	360	359.991612	
148.7694	360	360.000338	360	359.991612	
148.7795	360	360.000338	360	359.991612	
148.7897	360	360.000338	360	359.991612	
148.7998	360	360.000338	360	359.991612	
148.81	360	360.000338	360	359.991612	
148.8201	360	360.000338	360	359.991612	
148.8304	360	360.000338	360	359.991612	
148.8404	360	360.000338	360	359.991612	
148.8505	360	360.000338	360	359.991612	
148.8607	360	360.000338	360	359.991612	
148.8708	360	360.000338	360	359.991612	
148.881	360	360.000338	360	359.991612	
148.8912	360	360.000338	360	359.991612	
148.9012	360	360.000338	360	359.991612	
148.9114	360	360.000338	360	359.991612	
148.9215	360	360.000338	360	359.991612	
148.9316	360	360.000338	360	359.991612	
148.9418	360	360.000338	360	359.991612	
148.9519	360	360.000338	360	359.991612	
148.9621	360	360.000338	360	359.991612	
148.9722	360	360.000338	360	359.991612	
148.9823	360	360.000338	360	359.991612	
148.9925	360	360.000338	360	359.991612	
149.0026	360	360.000338	360	359.991612	
149.0128	360	360.000338	360	359.991612	
149.0229	360	360.000338	360	359.991612	
149.033	360	360.000338	360	359.991612	
149.0432	360	360.000338	360	359.991612	
149.0533	360	360.000338	360	359.991612	
149.0635	360	360.000338	360	359.991612	
149.0737	360	360.000338	360	359.991612	
149.0839	360	360.000338	360	359.991612	
149.0939	360	360.000338	360	359.991612	
149.1041	360	360.000338	360	359.991612	
149.1142	360	360.000338	360	359.991612	
149.1244	360	360.000338	360	359.991612	
149.1345	360	360.000338	360	359.991612	
149.1447	360	360.000338	360	359.991612	
149.1548	360	360.000338	360	359.991612	
149.165	360	360.000338	360	359.991612	
149.1751	360	360.000338	360	359.991612	
149.1852	360	360.000338	360	359.991612	
149.1954	360	360.000338	360	359.991612	
149.2055	360	360.000338	360	359.991612	
149.2156	360	360.000338	360	359.991612	
149.2258	360	360.000338	360	359.991612	
149.2359	360	360.000338	360	359.991612	
149.2461	360	360.000338	360	359.991612	
149.2563	360	360.000338	360	359.991612	
149.2665	360	360.000338	360	359.991612	
149.2765	360	360.000338	360	359.991612	
149.2867	360	360.000338	360	359.991612	
149.2968	360	360.000338	360	359.991612	
149.3069	360	360.000338	360	359.991612	
149.3172	360	360.000338	360	359.991612	
149.3272	360	360.000338	360	359.991612	
149.3373	360	360.000338	360	359.991612	
149.3475	360	360.000338	360	359.991612	
149.3576	360	360.000338	360	359.991612	
149.3678	360	360.000338	360	359.991612	
149.3779	360	360.000338	360	359.991612	
149.3881	360	360.000338	360	359.991612	
149.3983	360	360.000338	360	359.991612	
149.4086	360	360.000338	360	359.991612	
149.4185	360	360.000338	360	359.991612	
149.4287	360	360.000338	360	359.991612	
149.4388	360	360.000338	360	359.991612	
149.4489	360	360.000338	360	359.991612	
149.4591	360	360.000338	360	359.991612	
149.4692	360	360.000338	360	359.991612	
149.4794	360	360.000338	360	359.991612	
149.4895	360	360.000338	360	359.991612	
149.4996	360	360.000338	360	359.991612	
149.5098	360	360.000338	360	359.991612	
149.5199	360	360.000338	360	359.991612	
149.5301	360	360.000338	360	359.991612	
149.5402	360	360.000338	360	359.991612	
149.5503	360	360.000338	360	359.991612	
149.5605	360	360.000338	360	359.991612	
149.5706	360	360.000338	360	359.991612	
149.5807	360	360.000338	360	359.991612	
149.5908	360	360.000338	360	359.991612	
149.601	360	360.000338	360	359.991612	
149.6112	360	360.000338	360	359.991612	
149.6213	360	360.000338	360	359.991612	
149.6314	360	360.000338	360	359.991612	
149.6415	360	360.000338	360	359.991612	
149.6517	360	360.000338	360	359.991612	
149.6618	360	360.000338	360	359.991612	
149.672	360	360.000338	360	359.991612	
149.6821	360	360.000338	360	359.991612	
149.6922	360	360.000338	360	359.991612	
149.7024	360	360.000338	360	359.991612	
149.7125	360	360.000338	360	359.991612	
149.7239	360	360.000338	360	359.991612	
149.7328	360	360.000338	360	359.991612	
149.743	360	360.000338	360	359.991612	
149.7531	360	360.000338	360	359.991612	
149.7633	360	360.000338	360	359.991612	
149.7734	360	360.000338	360	359.991612	
149.7835	360	360.000338	360	359.991612	
149.7936	360	360.000338	360	359.991612	
149.8038	360	360.000338	360	359.991612	
149.8142	360	360.000338	360	359.991612	
149.8241	360	360.000338	360	359.991612	
149.8342	360	360.000338	360	359.991612	
149.8443	360	360.000338	360	359.991612	
149.8552	360	360.000338	360	359.991612	
149.8647	360	360.000338	360	359.991612	
149.8751	360	360.000338	360	359.991612	
149.8851	360	360.000338	360	359.991612	
149.8951	360	360.000338	360	359.991612	
149.9052	360	360.000338	360	359.991612	
149.9154	360	360.000338	360	359.991612	
149.9255	360	360.000338	360	359.991612	
149.9356	360	360.000338	360	359.991612	
149.9458	360	360.000338	360	359.991612	
149.9559	360	360.000338	360	359.991612	
149.9661	360	360.000338	360	359.991612	
149.9762	360	360.000338	360	359.991612	
149.9864	360	360.000338	360	359.991612	
149.9965	360	360.000338	360	359.991612	
150.0067	360	360.000338	360	359.991612	
150.0168	360	360.000338	360	359.991612	
150.0269	360	360.000338	360	359.991612	
150.037	360	360.000338	360	359.991612	
150.0472	360	360.000338	360	359.991612	
150.0573	360	360.000338	360	359.991612	
150.0675	360	360.000338	360	359.991612	
150.0776	360	360.000338	360	359.991612	
150.0956	360	360.000338	360	359.991612	
150.1001	360	360.000338	360	359.991612	
150.1103	360	360.000338	360	359.991612	
150.1205	360	360.000338	360	359.991612	
150.1306	360	360.000338	360	359.991612	
150.1408	360	360.000338	360	359.991612	
150.1509	360	360.000338	360	359.991612	
150.161	360	360.000338	360	359.991612	
150.1712	360	360.000338	360	359.991612	
150.1813	360	360.000338	360	359.991612	
150.1914	360	360.000338	360	359.991612	
150.2016	360	360.000338	360	359.991612	
150.2117	360	360.000338	360	359.991612	
150.2218	360	360.000338	360	359.991612	
150.232	360	360.000338	360	359.991612	
150.2421	360	360.000338	360	359.991612	
150.2522	360	360.000338	360	359.991612	
150.2624	360	360.000338	360	359.991612	
150.2725	360	360.000338	360	359.991612	
150.2826	360	360.000338	360	359.991612	
150.293	360	360.000338	360	359.991612	
150.3029	360	360.000338	360	359.991612	
150.3131	360	360.000338	360	359.991612	
150.3233	360	360.000338	360	359.991612	
150.3333	360	360.000338	360	359.991612	
150.3435	360	360.000338	360	359.991612	
150.3537	360	360.000338	360	359.991612	
150.3639	360	360.000338	360	359.991612	
150.374	360	360.000338	360	359.991612	
150.3841	360	360.000338	360	359.991612	
150.3942	360	360.000338	360	359.991612	
