24.82176	599.850454	599.834757	599.082509	599.066812	
24.83189	599.852422	599.834757	599.084477	599.066812	
24.84198	599.854995	599.834757	599.087051	599.066812	
24.85212	599.858196	599.843484	599.090251	599.075539	
24.86232	599.862042	599.843484	599.094098	599.075539	
24.87239	599.866444	599.843484	599.0985	599.075539	
24.88254	599.871505	599.852211	599.10356	599.075539	
24.89266	599.877162	599.852211	599.109217	599.075539	
24.90283	599.883464	599.852211	599.115519	599.075539	
24.91295	599.890354	599.860937	599.122409	599.075539	
24.92306	599.897852	599.869664	599.129908	599.075539	
24.93322	599.906003	599.878391	599.138058	599.075539	
24.94337	599.91477	599.887117	599.146825	599.075539	
24.9535	599.924127	599.895844	599.156182	599.075539	
24.96362	599.934096	599.90457	599.166152	599.084266	
24.97377	599.944705	599.922024	599.17676	599.084266	
24.99175	599.965873	599.93075	599.197928	599.110446	
24.99626	599.971117	599.939477	599.203172	599.119172	
25.00646	599.983793	599.948204	599.215848	599.136626	
25.01653	599.996906	599.95693	599.228961	599.154079	
25.02669	600.010753	599.95693	599.242808	599.180259	
25.03682	600.025176	599.965657	599.257231	599.206439	
25.04699	600.040284	599.974384	599.272339	599.223892	
25.05712	600.055943	599.991837	599.287998	599.250072	
25.06726	600.072236	600.000564	599.304291	599.276252	
25.07745	600.089224	600.018017	599.321279	599.293705	
25.08757	600.106725	600.044197	599.33878	599.319885	
25.09772	600.124887	600.06165	599.356943	599.337338	
25.10788	600.143674	600.096557	599.375729	599.363518	
25.11799	600.162994	600.131463	599.395049	599.380972	
25.12815	600.183037	600.16637	599.415093	599.398425	
25.13831	600.203703	600.201276	599.435758	599.424605	
25.14848	600.22498	600.227456	599.457036	599.442058	
25.1587	600.247014	600.253636	599.479069	599.468238	
25.16876	600.269312	600.279816	599.501367	599.494418	
25.1789	600.292396	600.305996	599.524451	599.511871	
25.18912	600.316279	600.32345	599.548334	599.538051	
25.1992	600.340461	600.340903	599.572517	599.555505	
25.20932	600.365351	600.358356	599.597406	599.581685	
25.21948	600.390947	600.375809	599.623002	599.607865	
25.22961	600.417084	600.384536	599.649139	599.634044	
25.23976	600.443905	600.401989	599.67596	599.651498	
25.24989	600.471255	600.410716	599.703311	599.677678	
25.26012	600.499549	600.436896	599.731604	599.703858	
25.2702	600.528024	600.454349	599.760079	599.730038	
25.28038	600.55739	600.480529	599.789445	599.747491	
25.29047	600.587109	600.506709	599.819164	599.773671	
25.3006	600.617579	600.541616	599.849634	599.799851	
25.32052	600.680451	600.585249	599.912506	599.826031	
25.32511	600.694828	600.637609	599.926883	599.869664	
25.33519	600.727242	600.672515	599.959297	599.895844	
25.34534	600.760461	600.716149	599.992516	599.93075	
25.35546	600.794212	600.759782	600.026267	599.974384	
25.36562	600.828738	600.794688	600.060793	600.00929	
25.37574	600.863731	600.838322	600.095786	600.052923	
25.38587	600.899374	600.881955	600.13143	600.096557	
25.39604	600.935777	600.925588	600.167832	600.14019	
25.40615	600.972558	600.960495	600.204613	600.183823	
25.41631	601.01016	601.004128	600.242215	600.227456	
25.42643	601.048242	601.039035	600.280297	600.27109	
25.43658	601.087049	601.073941	600.319104	600.314723	
25.44675	601.126538	601.117574	600.358594	600.358356	
25.45685	601.166349	601.161208	600.398404	600.410716	
25.46702	601.207115	601.204841	600.439171	600.445623	
25.47717	601.248378	601.248474	600.480434	600.480529	
25.48743	601.290732	601.283381	600.522787	600.524162	
25.49757	601.33319	601.318287	600.565246	600.567796	
25.50769	601.376183	601.36192	600.608238	600.602702	
25.51784	601.419957	601.405554	600.652012	600.637609	
25.52806	601.464622	601.449187	600.696677	600.672515	
25.53816	601.509389	601.484093	600.741444	600.716149	
25.54829	601.554887	601.527727	600.786942	600.751055	
25.55852	601.60147	601.562633	600.833525	600.794688	
25.5688	601.648934	601.59754	600.88099	600.829595	
25.57892	601.696246	601.641173	600.928302	600.873228	
25.58913	601.74468	601.684806	600.976735	600.916861	
25.5992	601.792977	601.737166	601.025032	600.969221	
25.60936	601.842328	601.780799	601.074383	601.012855	
25.61947	601.892092	601.841886	601.124147	601.073941	
25.62963	601.942673	601.885519	601.174728	601.117574	
25.63975	601.993677	601.946606	601.225732	601.178661	
25.64988	602.045369	601.998966	601.277424	601.231021	
25.66009	602.098133	602.051325	601.330188	601.283381	
25.67028	602.15138	602.121139	601.383436	601.353194	
25.68037	602.204692	602.182225	601.436747	601.405554	
25.69045	602.258537	602.243312	601.490592	601.457914	
25.70057	602.313289	602.295672	601.545344	601.527727	
25.71075	602.368917	602.365485	601.600972	601.588813	
25.72086	602.424834	602.426571	601.656889	601.641173	
25.73099	602.481473	602.487658	601.713528	601.70226	
25.74116	602.538906	602.540018	601.770962	601.763346	
25.75128	602.596681	602.601104	601.828736	601.815706	
25.76143	602.655258	602.662191	601.887313	601.876793	
25.77159	602.714506	602.714551	601.946561	601.946606	
25.78292	602.781483	602.784364	602.013539	602.007692	
25.79212	602.836215	602.836724	602.06827	602.060052	
25.80219	602.896796	602.889084	602.128851	602.121139	
25.81231	602.958288	602.95017	602.190343	602.173499	
25.82254	603.02108	603.00253	602.253135	602.225858	
25.8326	603.083411	603.063616	602.315466	602.295672	
25.84274	603.146901	603.115976	602.378956	602.348031	
25.85287	603.210951	603.168336	602.443006	602.400391	
25.86301	603.275656	603.229423	602.507711	602.470204	
25.87314	603.340899	603.290509	602.572954	602.522564	
25.88331	603.407048	603.342869	602.639103	602.583651	
25.89345	603.473552	603.412682	602.705607	602.644737	
25.90355	603.54051	603.482495	602.772565	602.714551	
25.91371	603.608434	603.552309	602.840489	602.784364	
25.92384	603.676731	603.622122	602.908786	602.854177	
25.93398	603.745788	603.691935	602.977843	602.92399	
25.94414	603.815566	603.761748	603.047621	602.993803	
25.95427	603.88574	603.831561	603.117795	603.063616	
25.96443	603.956776	603.910101	603.188832	603.13343	
25.9746	604.028454	603.988641	603.260509	603.220696	
25.98496	604.102164	604.067181	603.33422	603.299236	
25.99484	604.172995	604.145721	603.405051	603.377776	
26.00496	604.24622	604.215534	603.478275	603.447589	
26.0151	604.320127	604.3028	603.552182	603.526129	
26.02524	604.394731	604.38134	603.626786	603.613395	
26.03538	604.469945	604.45988	603.702	603.691935	
26.04552	604.545761	604.529693	603.777816	603.761748	
26.05566	604.622156	604.608233	603.854211	603.840288	
26.0658	604.699206	604.686773	603.931262	603.918828	
26.07598	604.777199	604.765312	604.009254	604.006094	
26.08609	604.855173	604.835126	604.087228	604.075907	
26.09624	604.934153	604.913665	604.166208	604.145721	
26.10636	605.013545	604.983479	604.2456	604.22426	
26.1165	605.093624	605.053292	604.325679	604.3028	
26.12668	605.174722	605.131832	604.406777	604.38134	
26.13677	605.255655	605.210371	604.48771	604.45988	
26.1469	605.337559	605.280185	604.569614	604.529693	
26.15709	605.420564	605.358724	604.652619	604.599506	
26.16718	605.503354	605.437264	604.735409	604.686773	
26.17733	605.587323	605.524531	604.819378	604.765312	
26.18746	605.672113	605.603071	604.904168	604.843852	
26.19765	605.757169	605.68161	604.989224	604.922392	
26.20778	605.842713	605.777603	605.074769	605.009659	
26.21788	605.928718	605.856143	605.160773	605.088198	
26.22808	606.016098	605.952136	605.248153	605.184191	
26.23819	606.103377	606.039403	605.335432	605.271458	
26.24832	606.191454	606.135396	605.423509	605.367451	
26.25846	606.280236	606.231389	605.512291	605.463444	
26.26866	606.37016	606.318655	605.602215	605.559437	
26.27917	606.463507	606.414649	605.695562	605.65543	
26.28898	606.551133	606.510642	605.783188	605.751423	
26.29907	606.641926	606.606635	605.873981	605.856143	
26.30935	606.735031	606.702628	605.967086	605.960863	
26.31932	606.825942	606.798621	606.057997	606.056856	
26.32958	606.920185	606.903341	606.15224	606.152849	
26.33959	607.012614	606.990607	606.244669	606.240116	
26.34974	607.107062	607.0866	606.339117	606.336109	
26.35988	607.201987	607.182593	606.434042	606.432102	
26.37783	607.372385	607.287313	606.60444	606.519368	
26.38236	607.415341	607.392033	606.647396	606.624088	
26.39253	607.51252	607.496753	606.744576	606.711355	
26.40268	607.610213	607.592746	606.842268	606.807348	
26.41277	607.707851	607.688739	606.939906	606.903341	
26.42295	607.806954	607.784732	607.039009	606.999334	
26.43303	607.905768	607.880725	607.137823	607.095327	
26.44319	608.005998	607.985445	607.238054	607.19132	
26.45335	608.106778	608.072711	607.338834	607.287313	
26.46347	608.207835	608.168705	607.43989	607.392033	
26.47357	608.309283	608.264698	607.541338	607.496753	
26.48372	608.411873	608.360691	607.643928	607.601472	
26.49385	608.514856	608.456684	607.746911	607.706192	
26.50402	608.618867	608.561404	607.850922	607.810912	
26.51416	608.723198	608.666123	607.955253	607.906905	
26.52428	608.827906	608.770843	608.059961	608.011625	
26.53446	608.933837	608.875563	608.165892	608.116345	
26.54454	609.039407	608.989009	608.271463	608.221064	
26.55468	609.146246	609.102456	608.378301	608.325784	
26.56494	609.254963	609.207175	608.487019	608.439231	
26.57498	609.361798	609.311895	608.593853	608.54395	
26.58516	609.470911	609.425342	608.702966	608.64867	
26.59524	609.579473	609.547515	608.811528	608.770843	
26.60538	609.689419	609.660961	608.921474	608.884289	
26.61554	609.800138	609.774407	609.032193	608.997736	
26.62567	609.911055	609.887854	609.14311	609.111182	
26.6358	610.022699	610.0013	609.254754	609.224629	
26.64594	610.135104	610.114747	609.367159	609.346802	
26.65628	610.250227	610.228193	609.482282	609.460248	
26.66625	610.361881	610.341639	609.593936	609.573695	
26.67639	610.476105	610.455086	609.70816	609.687141	
26.6866	610.591666	610.568532	609.823721	609.800587	
26.69666	610.706245	610.673252	609.9383	609.905307	
26.7068	610.822263	610.786698	610.054318	610.018754	
26.71696	610.939211	610.900145	610.171266	610.1322	
26.72709	611.056312	611.004865	610.288367	610.245646	
26.73722	611.17404	611.118311	610.406095	610.359093	
26.74735	611.292442	611.231757	610.524498	610.463812	
26.75755	611.41236	611.35393	610.644415	610.585986	
26.76765	611.53157	611.467377	610.763626	610.708159	
26.7778	611.652074	611.580823	610.884129	610.821605	
26.78804	611.774314	611.711723	611.006369	610.943778	
26.79815	611.895455	611.825169	611.12751	611.065951	
26.80826	612.016835	611.947342	611.24889	611.196851	
26.81843	612.138959	612.069515	611.371014	611.319024	
26.82855	612.260303	612.200415	611.492358	611.441197	
26.83875	612.382691	612.313861	611.614746	611.56337	
26.84889	612.504407	612.444761	611.736462	611.685543	
26.85898	612.625499	612.566934	611.857554	611.816443	
26.86914	612.747383	612.697834	611.979438	611.947342	
26.87926	612.868775	612.828734	612.10083	612.069515	
26.88941	612.990647	612.950907	612.222702	612.200415	
26.89953	613.112015	613.081806	612.34407	612.331315	
26.90969	613.233971	613.212706	612.466026	612.453488	
26.91981	613.355459	613.343606	612.587514	612.593114	
26.93004	613.478123	613.474505	612.710178	612.715287	
26.94018	613.599887	613.605405	612.831942	612.83746	
26.95024	613.720547	613.727578	612.952602	612.959633	
26.96041	613.842575	613.849751	613.07463	613.07308	
26.97052	613.963907	613.971924	613.195962	613.186526	
26.98064	614.085335	614.094097	613.31739	613.308699	
26.99102	614.209907	614.207544	613.441962	613.422146	
27.00096	614.329211	614.329717	613.561266	613.535592	
27.01107	614.450507	614.443163	613.682562	613.649038	
27.02127	614.572907	614.55661	613.804962	613.771211	
27.03136	614.694071	614.678783	613.926126	613.884658	
27.04155	614.816291	614.792229	614.048346	614.006831	
27.05168	614.937791	614.905675	614.169846	614.129004	
27.06187	615.060143	615.027848	614.292198	614.251177	
27.07203	615.182075	615.141295	614.41413	614.37335	
27.08214	615.303407	615.263468	614.535462	614.495523	
27.09227	615.424931	615.385641	614.656986	614.617696	
27.10239	615.546383	615.507814	614.778438	614.739869	
27.11254	615.668075	615.629987	614.90013	614.862042	
27.12266	615.789539	615.75216	615.021594	614.984215	
27.13285	615.911879	615.874333	615.143934	615.106388	
27.14299	616.033631	615.996506	615.265686	615.228561	
27.15309	616.154699	616.118679	615.386754	615.350734	
27.16322	616.276379	616.240852	615.508434	615.481634	
27.17341	616.398599	616.363025	615.630654	615.603807	
27.18349	616.519619	616.493925	615.751674	615.734707	
27.19362	616.641071	616.616098	615.873126	615.85688	
27.20374	616.762547	616.746998	615.994602	615.979053	
27.21388	616.884287	616.869171	616.116342	616.109953	
27.22418	617.007851	616.991344	616.239906	616.232126	
27.23429	617.129075	617.10479	616.36113	616.354299	
27.24431	617.249435	617.23569	616.48149	616.467745	
27.25447	617.371367	617.349136	616.603422	616.589918	
27.26473	617.494547	617.471309	616.726602	616.712091	
27.27476	617.614847	617.584756	616.846902	616.834264	
27.28486	617.736035	617.715656	616.96809	616.947711	
27.29505	617.857318	617.829102	617.089373	617.061157	
27.30515	617.977021	617.951275	617.209076	617.18333	
27.31531	618.096784	618.073448	617.328839	617.305503	
27.32557	618.217143	618.186894	617.449198	617.41895	
27.33561	618.334272	618.309067	617.566327	617.541123	
27.34575	618.452057	618.422514	617.684112	617.654569	
27.35588	618.568979	618.544687	617.801034	617.776742	
27.36602	618.685405	618.66686	617.91746	617.898915	
27.37635	618.803454	618.77158	618.035509	618.012361	
27.38631	618.916652	618.893753	618.148707	618.134535	
27.39646	619.031448	619.007199	618.263503	618.247981	
27.40665	619.1461	619.120646	618.378155	618.370154	
27.41687	619.26029	619.234092	618.492345	618.4836	
27.42687	619.371599	619.347538	618.603654	618.597047	
27.437	619.483685	619.469711	618.71574	618.71922	
27.44747	619.59956	619.574431	618.831615	618.82394	
27.45727	619.706245	619.696604	618.9383	618.946113	
27.46742	619.816718	619.810051	619.048773	619.050832	
27.47763	619.927266	619.923497	619.159321	619.155552	
27.48791	620.038646	620.028217	619.270701	619.268999	
27.49788	620.144604	620.141663	619.376659	619.364992	
27.508	620.25225	620.246383	619.484305	619.469711	
27.51828	620.361083	620.351103	619.593138	619.583158	
27.52848	620.468401	620.455822	619.700456	619.687878	
27.53859	620.574251	620.560542	619.806306	619.792597	
27.54873	620.679711	620.665262	619.911766	619.897317	
27.55882	620.784006	620.769982	620.016061	620.010763	
27.56893	620.888004	620.874701	620.120059	620.106757	
27.57917	620.992621	620.979421	620.224676	620.211476	
27.58923	621.094854	621.084141	620.326909	620.324923	
27.59939	621.197557	621.188861	620.429612	620.420916	
27.60949	621.298921	621.284854	620.530976	620.525636	
27.61959	621.39971	621.389574	620.631765	620.621629	
27.62973	621.500356	621.494293	620.732411	620.726348	
27.63988	621.60048	621.599013	620.832535	620.831068	
27.6583	621.779683	621.703733	621.011738	620.927061	
27.66292	621.82462	621.825906	621.056675	621.040508	
27.67298	621.921845	621.930626	621.1539	621.145227	
27.68313	622.019393	622.026619	621.251448	621.249947	
27.69332	622.116632	622.122612	621.348687	621.34594	
27.70339	622.212185	622.227332	621.44424	621.441933	
27.71353	622.307762	622.332051	621.539817	621.546653	
27.72367	622.40271	622.419318	621.634765	621.642646	
27.7338	622.496975	622.506584	621.729031	621.738639	
27.74395	622.590807	622.602577	621.822862	621.834633	
27.75408	622.683836	622.689844	621.915891	621.930626	
27.76426	622.776673	622.77711	622.008728	622.017892	
27.77437	622.868332	622.85565	622.100387	622.105159	
27.78644	622.976867	622.942917	622.208922	622.192425	
27.79465	623.050336	623.030183	622.282391	622.279692	
27.80478	623.140314	623.11745	622.372369	622.358231	
27.81497	623.230191	623.204716	622.462246	622.436771	
27.82505	623.318551	623.291982	622.550607	622.524038	
27.8352	623.406861	623.379249	622.638916	622.611304	
27.84551	623.495998	623.457789	622.728054	622.689844	
27.85548	623.581533	623.553782	622.813588	622.77711	
27.86565	623.668235	623.632322	622.90029	622.864377	
27.87574	623.753671	623.719588	622.985726	622.951643	
27.88594	623.839393	623.806855	623.071448	623.03891	
27.89608	623.923988	623.894121	623.156043	623.134903	
27.90619	624.007712	623.972661	623.239767	623.222169	
27.91633	624.091076	624.059927	623.323131	623.309436	
27.92646	624.173824	624.147194	623.405879	623.396702	
27.93661	624.25602	624.23446	623.488075	623.483969	
27.94675	624.337631	624.321727	623.569686	623.571235	
27.95701	624.419541	624.400267	623.651597	623.658502	
27.96708	624.499349	624.487533	623.731404	623.737041	
27.97717	624.578634	624.566073	623.810689	623.815581	
27.98731	624.657811	624.653339	623.889866	623.894121	
27.99753	624.736939	624.740606	623.968994	623.972661	
28.00761	624.814356	624.810419	624.046411	624.042474	
28.01773	624.891505	624.897685	624.12356	624.129741	
28.02786	624.968175	624.976225	624.200231	624.199554	
28.03802	625.044417	625.054765	624.276472	624.28682	
28.04819	625.120085	625.124578	624.35214	624.356633	
28.05829	625.194706	625.194391	624.426761	624.426446	
28.06846	625.269178	625.264205	624.501234	624.504986	
28.07873	625.343816	625.334018	624.575871	624.583526	
28.08873	625.415844	625.403831	624.647899	624.653339	
28.0989	625.488475	625.473644	624.72053	624.723152	
28.10901	625.560118	625.543457	624.792174	624.792966	
28.11916	625.631401	625.61327	624.863456	624.862779	
28.12929	625.701966	625.683084	624.934021	624.932592	
28.13944	625.772054	625.752897	625.004109	625.002405	
28.14962	625.841731	625.813983	625.073786	625.063492	
28.15972	625.910287	625.883796	625.142342	625.124578	
28.16986	625.978454	625.95361	625.210509	625.194391	
28.18013	626.046929	626.014696	625.278984	625.246751	
28.19019	626.11342	626.084509	625.345475	625.316564	
28.2004	626.180192	626.154322	625.412247	625.377651	
28.21043	626.245283	626.224136	625.477338	625.438737	
28.22057	626.310464	626.285222	625.542519	625.508551	
28.23079	626.375516	626.355035	625.607571	625.578364	
28.24085	626.438959	626.416122	625.671014	625.63945	
28.25099	626.502341	626.485935	625.734396	625.709263	
28.26116	626.565234	626.555748	625.797289	625.779077	
28.27127	626.627222	626.625561	625.859277	625.84889	
28.28156	626.689635	626.686648	625.921691	625.909976	
28.29159	626.749935	626.747734	625.98199	625.97979	
28.30169	626.81	626.808821	626.042055	626.040876	
28.31181	626.869581	626.869907	626.101636	626.101963	
28.32193	626.928606	626.939721	626.160661	626.171776	
28.33219	626.98784	627.000807	626.219895	626.241589	
28.34221	627.045055	627.061894	626.27711	626.293949	
28.35239	627.102537	627.114254	626.334592	626.355035	
28.36251	627.159146	627.17534	626.391201	626.416122	
28.37264	627.215202	627.2277	626.447258	626.468482	
28.38284	627.270995	627.288786	626.50305	626.520842	
28.39294	627.325649	627.341146	626.557704	626.573201	
28.40305	627.379816	627.393506	626.611871	626.625561	
28.41319	627.43347	627.445866	626.665525	626.669195	
28.42335	627.486665	627.498226	626.71872	626.721554	
28.43346	627.538955	627.541859	626.77101	626.765188	
28.44361	627.590886	627.594219	626.822941	626.808821	
28.45374	627.642124	627.637852	626.874179	626.861181	
28.46386	627.692706	627.681486	626.924761	626.904814	
28.47401	627.742809	627.733845	626.974864	626.948447	
28.48416	627.792322	627.777479	627.024377	627.000807	
28.49432	627.841265	627.821112	627.07332	627.04444	
28.50443	627.889347	627.873472	627.121402	627.0968	
28.51456	627.936974	627.917105	627.169029	627.14916	
28.52471	627.984083	627.969465	627.216138	627.20152	
28.53488	628.030651	628.013098	627.262706	627.25388	
28.54497	628.0763	628.056731	627.308355	627.288786	
28.5551	628.12148	628.109091	627.353536	627.341146	
28.56551	628.167325	628.161451	627.39938	627.393506	
28.57538	628.210214	628.196358	627.442269	627.437139	
28.58572	628.25448	628.248718	627.486535	627.480773	
28.59568	628.296585	628.292351	627.52864	627.533133	
28.6058	628.33873	628.335984	627.570786	627.568039	
28.61595	628.380416	628.379617	627.612471	627.611672	
28.62607	628.42139	628.42325	627.653445	627.655306	
28.63625	628.462118	628.466884	627.694173	627.698939	
28.64636	628.501755	628.50179	627.73381	627.742572	
28.65651	628.54103	628.545424	627.773085	627.777479	
28.66664	628.579635	628.58033	627.81169	627.812385	
28.67676	628.617633	628.615237	627.849688	627.847292	
28.68694	628.655255	628.650143	627.88731	627.882198	
28.69705	628.691979	628.68505	627.924035	627.917105	
28.70722	628.728341	628.719956	627.960397	627.960738	
28.7174	628.764162	628.754863	627.996217	627.986918	
28.72754	628.799248	628.781043	628.031303	628.021825	
28.73763	628.83353	628.81595	628.065585	628.056731	
28.74777	628.867417	628.842129	628.099472	628.091638	
28.75791	628.900689	628.877036	628.132744	628.126545	
28.76805	628.933386	628.911943	628.165441	628.152724	
28.7782	628.965502	628.938123	628.197557	628.178904	
28.79819	629.025914	629.007936	628.257969	628.239991	
28.80279	629.039871	629.016662	628.271926	628.257444	
28.81291	629.069858	629.051569	628.301913	628.283624	
28.82306	629.099358	629.086476	628.331413	628.318531	
28.83318	629.12817	629.112656	628.360225	628.344711	
28.84333	629.156481	629.138835	628.388536	628.370891	
28.85348	629.184205	629.173742	628.41626	628.405797	
28.86358	629.211221	629.199922	628.443277	628.431977	
28.87372	629.237736	629.226102	628.469791	628.458157	
28.88387	629.263694	629.243555	628.495749	628.484337	
28.89402	629.289067	629.278462	628.521122	628.510517	
28.90418	629.313841	629.304642	628.545896	628.536697	
28.91431	629.337986	629.322095	628.570041	628.562877	
28.92443	629.361527	629.348275	628.593582	628.58033	
28.93457	629.384513	629.374455	628.616568	628.60651	
28.94471	629.406921	629.391908	628.638976	628.63269	
28.95485	629.428747	629.418088	628.660802	628.650143	
28.96498	629.449969	629.435541	628.682024	628.676323	
28.97516	629.47071	629.452995	628.702765	628.693777	
28.98526	629.490707	629.479175	628.722762	628.719956	
28.99539	629.510179	629.487901	628.742234	628.728683	
29.00557	629.529179	629.514081	628.761234	628.754863	
29.01571	629.5475	629.522808	628.779556	628.76359	
29.02586	629.565279	629.540261	628.797335	628.781043	
29.03625	629.582867	629.557714	628.814922	628.78977	
29.04616	629.599108	629.566441	628.831163	628.807223	
29.05636	629.615237	629.583894	628.847292	628.824676	
29.06649	629.630682	629.592621	628.862737	628.833403	
29.07661	629.645543	629.610074	628.877598	628.850856	
29.08681	629.659945	629.627528	628.892	628.859583	
29.09687	629.673588	629.636254	628.905643	628.877036	
29.107	629.686777	629.653708	628.918832	628.894489	
29.11733	629.699626	629.662434	628.931681	628.903216	
29.12732	629.711512	629.679888	628.943567	628.920669	
29.13743	629.722991	629.688614	628.955046	628.929396	
29.14759	629.733968	629.697341	628.966023	628.938123	
29.15771	629.744349	629.714794	628.976404	628.955576	
29.16784	629.754191	629.723521	628.986246	628.964303	
29.178	629.763512	629.732247	628.995567	628.964303	
29.18814	629.772278	629.740974	629.004333	628.981756	
29.1983	629.780517	629.749701	629.012572	628.990482	
29.20845	629.788207	629.767154	629.020262	628.999209	
29.21865	629.79541	629.767154	629.027465	628.999209	
29.22875	629.80202	629.784607	629.034075	629.007936	
29.23894	629.808163	629.793334	629.040218	629.016662	
29.24902	629.81374	629.802061	629.045795	629.025389	
29.25916	629.818851	629.802061	629.050906	629.034116	
29.26937	629.82349	629.802061	629.055545	629.034116	
29.27943	629.827598	629.802061	629.059653	629.034116	
29.28958	629.831266	629.802061	629.063321	629.034116	
29.29972	629.834477	629.802061	629.066532	629.034116	
29.31089	629.83746	629.802061	629.069515	629.034116	
29.32785	629.840628	629.802061	629.072683	629.034116	
29.33252	629.841549	629.802061	629.073604	629.034116	
29.34254	629.843099	629.802061	629.075154	629.034116	
29.35266	629.847791	629.802061	629.079846	629.034116	
29.36281	629.847791	629.802061	629.079846	629.034116	
29.37295	629.847791	629.802061	629.079846	629.034116	
29.38311	629.847791	629.810787	629.079846	629.034116	
29.39322	629.847791	629.810787	629.079846	629.034116	
29.40335	629.847791	629.810787	629.079846	629.042842	
29.41352	629.847791	629.810787	629.079846	629.042842	
29.42363	629.847791	629.810787	629.079846	629.042842	
29.43381	629.847791	629.810787	629.079846	629.042842	
29.44393	629.847791	629.810787	629.079846	629.042842	
29.45409	629.847791	629.810787	629.079846	629.042842	
29.46427	629.847791	629.810787	629.079846	629.042842	
29.47436	629.847791	629.810787	629.079846	629.042842	
29.48451	629.847791	629.810787	629.079846	629.042842	
29.49468	629.847791	629.810787	629.079846	629.042842	
29.50478	629.847791	629.810787	629.079846	629.042842	
29.51493	629.847791	629.810787	629.079846	629.042842	
29.52505	629.847791	629.810787	629.079846	629.042842	
29.53541	629.847791	629.810787	629.079846	629.042842	
29.54533	629.847791	629.810787	629.079846	629.042842	
29.55546	629.847791	629.810787	629.079846	629.042842	
29.56565	629.847791	629.810787	629.079846	629.042842	
29.57575	629.847791	629.810787	629.079846	629.042842	
29.58592	629.847791	629.810787	629.079846	629.042842	
29.59602	629.847791	629.810787	629.079846	629.042842	
29.60616	629.847791	629.810787	629.079846	629.042842	
29.61633	629.847791	629.810787	629.079846	629.042842	
29.62642	629.847791	629.810787	629.079846	629.042842	
29.63657	629.847791	629.810787	629.079846	629.042842	
29.64677	629.847791	629.810787	629.079846	629.042842	
29.65685	629.847791	629.810787	629.079846	629.042842	
29.66698	629.847791	629.810787	629.079846	629.042842	
29.67713	629.847791	629.810787	629.079846	629.042842	
29.68727	629.847791	629.810787	629.079846	629.042842	
29.6974	629.847791	629.810787	629.079846	629.042842	
29.70757	629.847791	629.810787	629.079846	629.042842	
29.71768	629.847791	629.810787	629.079846	629.042842	
29.72784	629.847791	629.810787	629.079846	629.042842	
29.73795	629.847791	629.810787	629.079846	629.042842	
29.74812	629.847791	629.810787	629.079846	629.042842	
29.75826	629.847791	629.810787	629.079846	629.042842	
29.76844	629.847791	629.810787	629.079846	629.042842	
29.77857	629.847791	629.810787	629.079846	629.042842	
29.79094	629.847791	629.810787	629.079846	629.042842	
29.79893	629.847791	629.810787	629.079846	629.042842	
29.80899	629.847791	629.810787	629.079846	629.042842	
29.81913	629.847791	629.810787	629.079846	629.042842	
29.82925	629.847791	629.810787	629.079846	629.042842	
29.8394	629.847791	629.810787	629.079846	629.042842	
29.84977	629.847791	629.810787	629.079846	629.042842	
29.85968	629.847791	629.810787	629.079846	629.042842	
29.86983	629.847791	629.810787	629.079846	629.042842	
29.88003	629.847791	629.810787	629.079846	629.042842	
29.89017	629.847791	629.810787	629.079846	629.042842	
29.90024	629.847791	629.810787	629.079846	629.042842	
29.9104	629.847791	629.810787	629.079846	629.042842	
29.92054	629.847791	629.810787	629.079846	629.042842	
29.93067	629.847791	629.810787	629.079846	629.042842	
29.94081	629.847791	629.810787	629.079846	629.042842	
29.951	629.847791	629.810787	629.079846	629.042842	
29.96112	629.847791	629.810787	629.079846	629.042842	
29.97124	629.847791	629.810787	629.079846	629.042842	
29.98141	629.847791	629.810787	629.079846	629.042842	
29.99936	629.847791	629.810787	629.079846	629.042842	
30.00389	629.847791	629.810787	629.079846	629.042842	
30.01404	629.847791	629.810787	629.079846	629.042842	
30.02418	629.847791	629.810787	629.079846	629.042842	
30.03432	629.847791	629.810787	629.079846	629.042842	
30.04446	629.847791	629.810787	629.079846	629.042842	
30.05457	629.847791	629.810787	629.079846	629.042842	
30.06473	629.847791	629.819514	629.079846	629.051569	
30.07488	629.847791	629.819514	629.079846	629.051569	
30.085	629.847791	629.819514	629.079846	629.051569	
30.09517	629.847791	629.819514	629.079846	629.051569	
30.10528	629.847791	629.828241	629.079846	629.060296	
30.11542	629.847791	629.828241	629.079846	629.060296	
30.12559	629.847791	629.836967	629.079846	629.069022	
30.13572	629.847791	629.836967	629.079846	629.069022	
30.14586	629.847791	629.836967	629.079846	629.069022	
30.15598	629.847791	629.836967	629.079846	629.069022	
30.16616	629.847791	629.836967	629.079846	629.077749	
30.1763	629.847791	629.836967	629.079846	629.077749	
30.18653	629.847791	629.845694	629.079846	629.077749	
30.19656	629.847791	629.836967	629.079846	629.069022	
30.20691	629.847791	629.836967	629.079846	629.069022	
30.21682	629.847791	629.836967	629.079846	629.069022	
30.22696	629.847791	629.836967	629.079846	629.069022	
30.23726	629.847791	629.836967	629.079846	629.069022	
30.2473	629.847791	629.836967	629.079846	629.069022	
30.25737	629.847791	629.836967	629.079846	629.069022	
30.26774	629.847791	629.836967	629.079846	629.069022	
30.2777	629.847791	629.836967	629.079846	629.069022	
30.28782	629.847791	629.836967	629.079846	629.069022	
30.29795	629.847791	629.836967	629.079846	629.069022	
30.3081	629.847791	629.836967	629.079846	629.069022	
30.31824	629.847791	629.836967	629.079846	629.069022	
30.32843	629.847791	629.836967	629.079846	629.069022	
30.33852	629.847791	629.836967	629.079846	629.069022	
30.34872	629.847791	629.836967	629.079846	629.069022	
30.35891	629.847791	629.836967	629.079846	629.069022	
30.36895	629.847791	629.836967	629.079846	629.069022	
30.37923	629.847791	629.836967	629.079846	629.069022	
30.38924	629.847791	629.836967	629.079846	629.069022	
30.39939	629.847791	629.836967	629.079846	629.069022	
30.40952	629.847791	629.836967	629.079846	629.069022	
30.41966	629.847791	629.836967	629.079846	629.069022	
30.42983	629.847791	629.836967	629.079846	629.069022	
30.44001	629.847791	629.836967	629.079846	629.069022	
30.45013	629.847791	629.836967	629.079846	629.069022	
30.4602	629.847791	629.836967	629.079846	629.069022	
30.4704	629.847791	629.836967	629.079846	629.069022	
30.48055	629.847791	629.836967	629.079846	629.069022	
30.49066	629.847791	629.836967	629.079846	629.069022	
30.50078	629.847791	629.836967	629.079846	629.069022	
30.51099	629.847791	629.836967	629.079846	629.069022	
30.52106	629.847791	629.836967	629.079846	629.069022	
30.5312	629.847791	629.836967	629.079846	629.069022	
30.54135	629.847791	629.836967	629.079846	629.069022	
30.55155	629.847791	629.836967	629.079846	629.069022	
30.56167	629.847791	629.836967	629.079846	629.069022	
30.57181	629.847791	629.836967	629.079846	629.069022	
30.58195	629.847791	629.836967	629.079846	629.069022	
30.59209	629.847791	629.836967	629.079846	629.069022	
30.60222	629.847791	629.836967	629.079846	629.069022	
30.61239	629.847791	629.836967	629.079846	629.069022	
30.62249	629.847791	629.836967	629.079846	629.069022	
30.63265	629.847791	629.836967	629.079846	629.069022	
30.64277	629.847791	629.836967	629.079846	629.069022	
30.6529	629.847791	629.836967	629.079846	629.069022	
30.66308	629.847791	629.836967	629.079846	629.069022	
30.67317	629.847791	629.836967	629.079846	629.069022	
30.68337	629.847791	629.836967	629.079846	629.069022	
30.6935	629.847791	629.836967	629.079846	629.069022	
30.7036	629.847791	629.836967	629.079846	629.069022	
30.71388	629.847791	629.836967	629.079846	629.069022	
30.72387	629.847791	629.836967	629.079846	629.069022	
30.73404	629.847791	629.836967	629.079846	629.069022	
30.74416	629.847791	629.836967	629.079846	629.069022	
30.75428	629.847791	629.836967	629.079846	629.069022	
30.76442	629.847791	629.836967	629.079846	629.069022	
30.77456	629.847791	629.836967	629.079846	629.069022	
30.78486	629.847791	629.836967	629.079846	629.069022	
30.79505	629.847791	629.836967	629.079846	629.069022	
30.80517	629.847791	629.836967	629.079846	629.069022	
30.81533	629.847791	629.836967	629.079846	629.069022	
30.82543	629.847791	629.836967	629.079846	629.069022	
30.83557	629.847791	629.836967	629.079846	629.069022	
30.84574	629.847791	629.836967	629.079846	629.069022	
30.85599	629.847791	629.836967	629.079846	629.069022	
30.86597	629.847791	629.836967	629.079846	629.069022	
30.87627	629.847791	629.836967	629.079846	629.069022	
30.88626	629.847791	629.836967	629.079846	629.069022	
30.89646	629.847791	629.836967	629.079846	629.069022	
30.90655	629.847791	629.836967	629.079846	629.069022	
30.91683	629.847791	629.836967	629.079846	629.069022	
30.92687	629.847791	629.836967	629.079846	629.069022	
30.93695	629.847791	629.836967	629.079846	629.069022	
30.94708	629.847791	629.836967	629.079846	629.069022	
30.95729	629.847791	629.836967	629.079846	629.069022	
30.96743	629.847791	629.836967	629.079846	629.069022	
30.97757	629.847791	629.836967	629.079846	629.069022	
30.98787	629.847791	629.836967	629.079846	629.069022	
30.9979	629.847791	629.836967	629.079846	629.069022	
31.008	629.847791	629.836967	629.079846	629.069022	
31.01813	629.847791	629.836967	629.079846	629.069022	
31.02843	629.847791	629.836967	629.079846	629.069022	
31.03854	629.847791	629.836967	629.079846	629.069022	
31.04869	629.847791	629.836967	629.079846	629.069022	
31.05876	629.847791	629.836967	629.079846	629.069022	
31.06901	629.847791	629.836967	629.079846	629.069022	
31.07911	629.847791	629.836967	629.079846	629.069022	
31.08917	629.847791	629.836967	629.079846	629.069022	
31.09932	629.847791	629.836967	629.079846	629.069022	
31.10951	629.847791	629.836967	629.079846	629.069022	
31.11961	629.847791	629.836967	629.079846	629.069022	
31.12975	629.847791	629.836967	629.079846	629.069022	
31.13988	629.847791	629.836967	629.079846	629.069022	
31.15011	629.847791	629.836967	629.079846	629.069022	
31.16035	629.847791	629.836967	629.079846	629.069022	
31.17042	629.847791	629.836967	629.079846	629.069022	
31.18046	629.847791	629.836967	629.079846	629.069022	
31.1906	629.847791	629.836967	629.079846	629.069022	
31.20073	629.847791	629.836967	629.079846	629.069022	
31.21088	629.847791	629.836967	629.079846	629.069022	
31.22103	629.847791	629.836967	629.079846	629.069022	
31.2312	629.847791	629.836967	629.079846	629.069022	
31.24132	629.847791	629.836967	629.079846	629.069022	
31.25146	629.847791	629.836967	629.079846	629.069022	
31.2619	629.847791	629.836967	629.079846	629.069022	
31.27172	629.847791	629.836967	629.079846	629.069022	
31.28251	629.847791	629.836967	629.079846	629.069022	
31.29226	629.847791	629.836967	629.079846	629.069022	
31.30239	629.847791	629.836967	629.079846	629.069022	
31.32177	629.847791	629.836967	629.079846	629.069022	
31.32632	629.847791	629.836967	629.079846	629.069022	
31.33653	629.847791	629.836967	629.079846	629.069022	
31.3466	629.847791	629.836967	629.079846	629.069022	
31.35672	629.847791	629.836967	629.079846	629.069022	
31.36692	629.847791	629.836967	629.079846	629.069022	
31.37701	629.847791	629.836967	629.079846	629.069022	
31.38715	629.847791	629.836967	629.079846	629.069022	
31.39736	629.847791	629.836967	629.079846	629.069022	
31.40784	629.847791	629.836967	629.079846	629.069022	
31.41775	629.847791	629.836967	629.079846	629.069022	
31.42778	629.847791	629.836967	629.079846	629.069022	
31.43792	629.847791	629.836967	629.079846	629.069022	
31.44806	629.847791	629.836967	629.079846	629.069022	
31.45823	629.847791	629.836967	629.079846	629.069022	
31.46842	629.847791	629.836967	629.079846	629.069022	
31.47853	629.847791	629.836967	629.079846	629.069022	
31.48874	629.847791	629.836967	629.079846	629.069022	
31.4989	629.847791	629.836967	629.079846	629.069022	
31.50913	629.847791	629.836967	629.079846	629.069022	
31.51917	629.847791	629.836967	629.079846	629.069022	
31.52926	629.847791	629.836967	629.079846	629.069022	
31.53955	629.847791	629.836967	629.079846	629.069022	
31.54956	629.847791	629.836967	629.079846	629.069022	
31.55967	629.847791	629.836967	629.079846	629.069022	
31.56983	629.847791	629.836967	629.079846	629.069022	
31.58004	629.847791	629.836967	629.079846	629.069022	
31.59018	629.847791	629.836967	629.079846	629.069022	
31.60024	629.847791	629.836967	629.079846	629.069022	
31.61039	629.847791	629.836967	629.079846	629.069022	
31.62057	629.847791	629.836967	629.079846	629.069022	
31.63067	629.847791	629.836967	629.079846	629.069022	
31.6408	629.847791	629.836967	629.079846	629.069022	
31.65093	629.847791	629.836967	629.079846	629.069022	
31.66107	629.847791	629.836967	629.079846	629.069022	
31.67126	629.847791	629.836967	629.079846	629.069022	
31.68134	629.847791	629.836967	629.079846	629.069022	
31.69155	629.847791	629.836967	629.079846	629.069022	
31.7017	629.847791	629.836967	629.079846	629.069022	
31.71182	629.847791	629.836967	629.079846	629.069022	
31.72194	629.847791	629.836967	629.079846	629.069022	
31.73213	629.847791	629.836967	629.079846	629.069022	
31.74226	629.847791	629.836967	629.079846	629.069022	
31.75241	629.847791	629.836967	629.079846	629.069022	
31.76252	629.847791	629.836967	629.079846	629.069022	
31.77266	629.847791	629.836967	629.079846	629.069022	
31.7828	629.847791	629.836967	629.079846	629.069022	
31.795	629.847791	629.836967	629.079846	629.069022	
31.8031	629.847791	629.836967	629.079846	629.069022	
31.81322	629.847791	629.836967	629.079846	629.069022	
31.82341	629.847791	629.836967	629.079846	629.069022	
31.83351	629.847791	629.836967	629.079846	629.069022	
31.84363	629.847791	629.836967	629.079846	629.069022	
31.85381	629.847791	629.836967	629.079846	629.069022	
31.8639	629.847791	629.836967	629.079846	629.069022	
31.87404	629.847791	629.836967	629.079846	629.069022	
31.88418	629.847791	629.836967	629.079846	629.069022	
31.89436	629.847791	629.836967	629.079846	629.069022	
31.90454	629.847791	629.836967	629.079846	629.069022	
31.91463	629.847791	629.836967	629.079846	629.069022	
31.92477	629.847791	629.836967	629.079846	629.069022	
31.93496	629.847791	629.836967	629.079846	629.069022	
31.94507	629.847791	629.836967	629.079846	629.069022	
31.95521	629.847791	629.836967	629.079846	629.069022	
31.96532	629.847791	629.836967	629.079846	629.069022	
31.97547	629.847791	629.836967	629.079846	629.069022	
31.9856	629.847791	629.836967	629.079846	629.069022	
31.99573	629.847791	629.836967	629.079846	629.069022	
32.00588	629.847791	629.836967	629.079846	629.069022	
32.01601	629.847791	629.836967	629.079846	629.069022	
32.02615	629.847791	629.836967	629.079846	629.069022	
32.03628	629.847791	629.836967	629.079846	629.069022	
32.04645	629.847791	629.836967	629.079846	629.069022	
32.05675	629.847791	629.836967	629.079846	629.069022	
32.06675	629.847791	629.836967	629.079846	629.069022	
32.07689	629.847791	629.836967	629.079846	629.069022	
32.08713	629.847791	629.836967	629.079846	629.069022	
32.09732	629.847791	629.836967	629.079846	629.069022	
32.1073	629.847791	629.836967	629.079846	629.069022	
32.11745	629.847791	629.836967	629.079846	629.069022	
32.1276	629.847791	629.836967	629.079846	629.069022	
32.13774	629.847791	629.836967	629.079846	629.069022	
32.14798	629.847791	629.836967	629.079846	629.069022	
32.15803	629.847791	629.836967	629.079846	629.069022	
32.16816	629.847791	629.836967	629.079846	629.069022	
32.1783	629.847791	629.836967	629.079846	629.069022	
32.18851	629.847791	629.836967	629.079846	629.069022	
32.19868	629.847791	629.836967	629.079846	629.069022	
32.20879	629.847791	629.836967	629.079846	629.069022	
32.21895	629.847791	629.836967	629.079846	629.069022	
32.22906	629.847791	629.836967	629.079846	629.069022	
32.23939	629.847791	629.836967	629.079846	629.069022	
32.24933	629.847791	629.836967	629.079846	629.069022	
32.25945	629.847791	629.836967	629.079846	629.069022	
32.26978	629.847791	629.836967	629.079846	629.069022	
32.27974	629.847791	629.836967	629.079846	629.069022	
32.28987	629.847791	629.836967	629.079846	629.069022	
32.30783	629.847791	629.836967	629.079846	629.069022	
32.31237	629.847791	629.836967	629.079846	629.069022	
32.32266	629.847791	629.836967	629.079846	629.069022	
32.33277	629.847791	629.836967	629.079846	629.069022	
32.34299	629.847791	629.836967	629.079846	629.069022	
32.3529	629.847791	629.836967	629.079846	629.069022	
32.36307	629.847791	629.836967	629.079846	629.069022	
32.3732	629.847791	629.836967	629.079846	629.069022	
32.38337	629.847791	629.836967	629.079846	629.069022	
32.39348	629.847791	629.836967	629.079846	629.069022	
32.40361	629.847791	629.836967	629.079846	629.069022	
32.41377	629.847791	629.836967	629.079846	629.069022	
32.42388	629.847791	629.836967	629.079846	629.069022	
32.43402	629.847791	629.836967	629.079846	629.069022	
32.44417	629.847791	629.836967	629.079846	629.069022	
32.45445	629.847791	629.836967	629.079846	629.069022	
32.46449	629.847791	629.836967	629.079846	629.069022	
32.47459	629.847791	629.836967	629.079846	629.069022	
32.48475	629.847791	629.836967	629.079846	629.069022	
32.49488	629.847791	629.836967	629.079846	629.069022	
32.50499	629.847791	629.836967	629.079846	629.069022	
32.51515	629.847791	629.836967	629.079846	629.069022	
32.5253	629.847791	629.836967	629.079846	629.069022	
32.53549	629.847791	629.836967	629.079846	629.069022	
32.54556	629.847791	629.836967	629.079846	629.069022	
32.5557	629.847791	629.836967	629.079846	629.069022	
32.5659	629.847791	629.836967	629.079846	629.069022	
32.57599	629.847791	629.836967	629.079846	629.069022	
32.58614	629.847791	629.836967	629.079846	629.069022	
32.5963	629.847791	629.836967	629.079846	629.069022	
32.60642	629.847791	629.836967	629.079846	629.069022	
32.6166	629.847791	629.836967	629.079846	629.069022	
32.62672	629.847791	629.836967	629.079846	629.069022	
32.63683	629.847791	629.836967	629.079846	629.069022	
32.647	629.847791	629.836967	629.079846	629.069022	
32.6571	629.847791	629.836967	629.079846	629.069022	
32.66726	629.847791	629.836967	629.079846	629.069022	
32.67738	629.847791	629.836967	629.079846	629.069022	
32.68757	629.847791	629.836967	629.079846	629.069022	
32.69769	629.847791	629.836967	629.079846	629.069022	
32.70796	629.847791	629.836967	629.079846	629.069022	
32.71795	629.847791	629.836967	629.079846	629.069022	
32.72808	629.847791	629.836967	629.079846	629.069022	
32.73822	629.847791	629.836967	629.079846	629.069022	
32.74836	629.847791	629.836967	629.079846	629.069022	
32.7585	629.847791	629.836967	629.079846	629.069022	
32.7689	629.847791	629.836967	629.079846	629.069022	
32.7789	629.847791	629.836967	629.079846	629.069022	
32.78897	629.847791	629.836967	629.079846	629.069022	
32.79925	629.847791	629.836967	629.079846	629.069022	
32.80929	629.847791	629.836967	629.079846	629.069022	
32.81942	629.847791	629.836967	629.079846	629.069022	
32.82956	629.847791	629.836967	629.079846	629.069022	
32.8397	629.847791	629.836967	629.079846	629.069022	
32.84985	629.847791	629.836967	629.079846	629.069022	
32.86007	629.847791	629.836967	629.079846	629.069022	
32.8702	629.847791	629.836967	629.079846	629.069022	
