142.4338	3733.74371	3733.73051	3733.42955	3733.41635	
142.4439	3733.74604	3733.73051	3733.43188	3733.41635	
142.4542	3733.74901	3733.73051	3733.43485	3733.41635	
142.4646	3733.7527	3733.73924	3733.43855	3733.41635	
142.4744	3733.75672	3733.74796	3733.44256	3733.41635	
142.4845	3733.76152	3733.74796	3733.44737	3733.42508	
142.4947	3733.76697	3733.74796	3733.45281	3733.42508	
142.5048	3733.77297	3733.75669	3733.45881	3733.4338	
142.5149	3733.77963	3733.76542	3733.46547	3733.44253	
142.5251	3733.78692	3733.77414	3733.47276	3733.45126	
142.5352	3733.79477	3733.78287	3733.48061	3733.45126	
142.5453	3733.80326	3733.78287	3733.4891	3733.45998	
142.5562	3733.81323	3733.7916	3733.49907	3733.46871	
142.5657	3733.82222	3733.80032	3733.50806	3733.47744	
142.5759	3733.83261	3733.80032	3733.51845	3733.48616	
142.586	3733.84353	3733.80905	3733.52937	3733.48616	
142.5961	3733.85508	3733.80905	3733.54092	3733.49489	
142.6062	3733.86732	3733.81778	3733.55316	3733.50362	
142.6164	3733.88013	3733.81778	3733.56597	3733.51234	
142.6265	3733.89356	3733.81778	3733.5794	3733.52107	
142.6367	3733.90763	3733.83523	3733.59347	3733.5298	
142.6468	3733.92235	3733.84396	3733.60819	3733.53852	
142.657	3733.93772	3733.86141	3733.62356	3733.55598	
142.6671	3733.95355	3733.87886	3733.6394	3733.5647	
142.6772	3733.97006	3733.89632	3733.6559	3733.58216	
142.6874	3733.98722	3733.9225	3733.67307	3733.59088	
142.6975	3734.00495	3733.94868	3733.69079	3733.61706	
142.7077	3734.02333	3733.97486	3733.70917	3733.63452	
142.7178	3734.04241	3733.99231	3733.72826	3733.6607	
142.728	3734.06207	3734.02721	3733.74791	3733.68688	
142.7381	3734.08215	3734.05339	3733.76799	3733.71306	
142.7482	3734.10301	3734.07957	3733.78885	3733.73924	
142.7584	3734.12465	3734.10575	3733.81049	3733.76542	
142.7685	3734.14652	3734.13193	3733.83236	3733.80032	
142.7788	3734.16959	3734.15811	3733.85543	3733.8265	
142.7888	3734.1925	3734.18429	3733.87834	3733.86141	
142.7989	3734.21646	3734.21047	3733.9023	3733.88759	
142.8091	3734.24098	3734.23665	3733.92683	3733.9225	
142.8192	3734.26615	3734.26283	3733.95199	3733.94868	
142.8294	3734.29202	3734.28901	3733.97786	3733.97486	
142.8395	3734.31841	3734.31519	3734.00425	3734.00976	
142.8496	3734.34541	3734.34137	3734.03125	3734.03594	
142.8598	3734.37303	3734.37628	3734.05887	3734.06212	
142.8699	3734.40134	3734.40246	3734.08718	3734.0883	
142.8801	3734.43024	3734.42864	3734.11608	3734.11448	
142.8902	3734.45966	3734.45482	3734.1455	3734.14066	
142.9003	3734.48975	3734.481	3734.17559	3734.15811	
142.9202	3734.55174	3734.53336	3734.23758	3734.20175	
142.9248	3734.5659	3734.55081	3734.25174	3734.21047	
142.9351	3734.59875	3734.57699	3734.28459	3734.23665	
142.9452	3734.63144	3734.60317	3734.31728	3734.25411	
142.9555	3734.66518	3734.62935	3734.35102	3734.28901	
142.9656	3734.69918	3734.65553	3734.38502	3734.31519	
142.9757	3734.73372	3734.69044	3734.41956	3734.34137	
142.9858	3734.76906	3734.71662	3734.4549	3734.37628	
142.9959	3734.80486	3734.75153	3734.4907	3734.41119	
143.0061	3734.84144	3734.78643	3734.52728	3734.45482	
143.0162	3734.87856	3734.82134	3734.5644	3734.49845	
143.0264	3734.91638	3734.85625	3734.60222	3734.53336	
143.0365	3734.95466	3734.89988	3734.6405	3734.58572	
143.0467	3734.99386	3734.93479	3734.6797	3734.62935	
143.0568	3735.03329	3734.98715	3734.71913	3734.67299	
143.0749	3735.10655	3735.07441	3734.79239	3734.76025	
143.0795	3735.12489	3735.09187	3734.81073	3734.77771	
143.0896	3735.16655	3735.14423	3734.85239	3734.83007	
143.1	3735.20979	3735.18786	3734.89563	3734.88243	
143.1099	3735.2517	3735.24022	3734.93754	3734.92606	
143.1201	3735.29533	3735.28385	3734.98117	3734.97842	
143.1302	3735.33929	3735.33621	3735.02513	3735.02205	
143.1403	3735.38399	3735.38857	3735.06984	3735.07441	
143.1506	3735.42966	3735.4322	3735.1155	3735.11805	
143.1606	3735.47529	3735.48456	3735.16113	3735.16168	
143.1708	3735.52187	3735.5282	3735.20771	3735.21404	
143.181	3735.5692	3735.57183	3735.25504	3735.25767	
143.1911	3735.61679	3735.61546	3735.30263	3735.30131	
143.2013	3735.66549	3735.6591	3735.35133	3735.34494	
143.2114	3735.71431	3735.70273	3735.40015	3735.38857	
143.2215	3735.76399	3735.74636	3735.44983	3735.4322	
143.2316	3735.81418	3735.79	3735.50002	3735.47584	
143.2418	3735.86505	3735.83363	3735.55089	3735.51947	
143.2519	3735.91666	3735.87726	3735.6025	3735.5631	
143.2621	3735.96865	3735.9209	3735.65449	3735.61546	
143.2722	3736.02147	3735.96453	3735.70731	3735.65037	
143.2824	3736.07494	3736.01689	3735.76078	3735.70273	
143.2925	3736.12882	3736.06925	3735.81466	3735.75509	
143.3027	3736.1835	3736.12161	3735.86934	3735.80745	
143.3128	3736.23844	3736.1827	3735.92428	3735.85981	
143.3229	3736.29458	3736.23506	3735.98042	3735.9209	
143.3331	3736.35089	3736.29614	3736.03673	3735.98198	
143.3432	3736.40789	3736.35723	3736.09373	3736.03434	
143.3534	3736.46558	3736.41832	3736.15142	3736.10416	
143.3635	3736.52376	3736.48813	3736.2096	3736.17397	
143.3737	3736.5831	3736.54922	3736.26895	3736.23506	
143.3838	3736.64263	3736.61903	3736.32847	3736.30487	
143.394	3736.70285	3736.68012	3736.38869	3736.36596	
143.4042	3736.76379	3736.74993	3736.44963	3736.43577	
143.4143	3736.82527	3736.81974	3736.51111	3736.50558	
143.4244	3736.88698	3736.88083	3736.57282	3736.56667	
143.4346	3736.94958	3736.94191	3736.63542	3736.63648	
143.4447	3737.01305	3737.01173	3736.69889	3736.69757	
143.4549	3737.07698	3737.07281	3736.76282	3736.76738	
143.465	3737.14136	3737.1339	3736.8272	3736.83719	
143.4752	3737.20656	3737.20371	3736.8924	3736.89828	
143.4854	3737.27249	3737.2648	3736.95833	3736.96809	
143.4955	3737.33912	3737.32589	3737.02496	3737.02918	
143.5056	3737.4057	3737.3957	3737.09154	3737.09027	
143.5158	3737.47339	3737.45679	3737.15923	3737.15135	
143.5259	3737.54123	3737.51787	3737.22707	3737.21244	
143.5361	3737.6102	3737.58769	3737.29604	3737.27353	
143.5462	3737.67938	3737.64877	3737.36522	3737.33461	
143.5563	3737.74947	3737.70986	3737.43531	3737.3957	
143.5666	3737.82113	3737.77967	3737.50697	3737.46551	
143.5766	3737.89148	3737.84949	3737.57732	3737.5266	
143.5868	3737.96329	3737.91057	3737.64913	3737.59641	
143.597	3738.03654	3737.98039	3737.72238	3737.66623	
143.6071	3738.10945	3738.0502	3737.79529	3737.73604	
143.6172	3738.18254	3738.12001	3737.86838	3737.81458	
143.6273	3738.25675	3738.19855	3737.94259	3737.88439	
143.6375	3738.3319	3738.27709	3738.01774	3737.96293	
143.6476	3738.40728	3738.35563	3738.09312	3738.04147	
143.6577	3738.48337	3738.42544	3738.16921	3738.12001	
143.6678	3738.56018	3738.50398	3738.24602	3738.19855	
143.678	3738.63785	3738.59125	3738.32369	3738.28582	
143.6882	3738.71579	3738.66979	3738.40163	3738.37308	
143.6984	3738.79545	3738.75706	3738.48129	3738.45162	
143.7084	3738.87371	3738.84432	3738.55955	3738.53889	
143.7186	3738.95403	3738.92286	3738.63987	3738.61743	
143.7287	3739.03392	3739.01886	3738.71976	3738.7047	
143.7388	3739.11487	3739.10612	3738.80071	3738.79196	
143.749	3739.19696	3739.19339	3738.8828	3738.8705	
143.7591	3739.279	3739.28066	3738.96484	3738.95777	
143.7692	3739.3619	3739.36792	3739.04774	3739.03631	
143.7795	3739.44664	3739.44646	3739.13248	3739.11485	
143.7897	3739.53128	3739.53373	3739.21712	3739.20212	
143.7997	3739.61451	3739.61227	3739.30035	3739.28066	
143.8098	3739.70024	3739.69953	3739.38609	3739.36792	
143.8201	3739.78743	3739.77807	3739.47327	3739.44646	
143.8302	3739.87389	3739.85661	3739.55973	3739.525	
143.8403	3739.96037	3739.93515	3739.64621	3739.61227	
143.8504	3740.04828	3740.01369	3739.73412	3739.69953	
143.8605	3740.13668	3740.10096	3739.82252	3739.77807	
143.8707	3740.22641	3740.1795	3739.91225	3739.86534	
143.8808	3740.31557	3740.26677	3740.00141	3739.94388	
143.891	3740.40599	3740.34531	3740.09183	3740.03987	
143.9011	3740.49715	3740.4413	3740.18299	3740.11841	
143.9115	3740.59061	3740.52857	3740.27645	3740.21441	
143.9216	3740.68255	3740.62456	3740.36839	3740.3104	
143.9317	3740.77564	3740.72055	3740.46148	3740.39767	
143.9419	3740.86893	3740.81655	3740.55477	3740.50239	
143.9521	3740.96362	3740.91254	3740.64946	3740.59838	
143.9621	3741.05757	3741.00853	3740.74341	3740.69437	
143.9723	3741.15308	3741.11325	3740.83892	3740.79037	
143.9825	3741.2493	3741.21797	3740.93514	3740.88636	
143.9925	3741.34535	3741.32269	3741.0312	3740.99108	
144.0029	3741.44514	3741.41868	3741.13098	3741.0958	
144.0131	3741.54252	3741.51468	3741.22836	3741.19179	
144.023	3741.6394	3741.6194	3741.32525	3741.29651	
144.0331	3741.73816	3741.72412	3741.424	3741.40123	
144.0434	3741.83893	3741.82011	3741.52477	3741.49722	
144.0535	3741.93852	3741.9161	3741.62436	3741.60194	
144.0636	3742.03878	3742.02082	3741.72462	3741.70666	
144.0737	3742.14044	3742.12554	3741.82628	3741.81138	
144.0839	3742.24256	3742.22154	3741.9284	3741.9161	
144.094	3742.34531	3742.32626	3742.03115	3742.02082	
144.1042	3742.44963	3742.42225	3742.13547	3742.12554	
144.1143	3742.5532	3742.52697	3742.23904	3742.22154	
144.1245	3742.65803	3742.63169	3742.34387	3742.32626	
144.1348	3742.76464	3742.72768	3742.45048	3742.43098	
144.1449	3742.87002	3742.8324	3742.55586	3742.53569	
144.1549	3742.97536	3742.92839	3742.6612	3742.64041	
144.165	3743.08217	3743.03311	3742.76801	3742.73641	
144.1752	3743.19	3743.13783	3742.87584	3742.84113	
144.1853	3743.29828	3743.24255	3742.98412	3742.95457	
144.2033	3743.49274	3743.34727	3743.17858	3743.05929	
144.2079	3743.54197	3743.4869	3743.22781	3743.19019	
144.2182	3743.65402	3743.60035	3743.33986	3743.29491	
144.2282	3743.76358	3743.72252	3743.44942	3743.40836	
144.2383	3743.87474	3743.83597	3743.56058	3743.52181	
144.2484	3743.98689	3743.95814	3743.67273	3743.63525	
144.2586	3744.09964	3744.07158	3743.78548	3743.7487	
144.2688	3744.21434	3744.18503	3743.90018	3743.86215	
144.2789	3744.32722	3744.3072	3744.01306	3743.98432	
144.289	3744.44133	3744.42938	3744.12718	3744.09776	
144.2991	3744.55658	3744.5341	3744.24242	3744.21121	
144.3093	3744.67264	3744.65627	3744.35848	3744.33338	
144.3194	3744.78889	3744.76972	3744.47473	3744.44683	
144.3296	3744.90609	3744.88316	3744.59193	3744.569	
144.3398	3745.02505	3744.99661	3744.71089	3744.68245	
144.3498	3745.1419	3745.11006	3744.82774	3744.7959	
144.36	3745.26093	3745.23223	3744.94677	3744.91807	
144.3701	3745.38042	3745.34568	3745.06627	3745.04024	
144.3803	3745.50053	3745.46785	3745.18637	3745.16242	
144.3904	3745.62123	3745.58129	3745.30707	3745.27586	
144.4005	3745.74238	3745.71219	3745.42822	3745.39803	
144.4108	3745.86565	3745.82564	3745.55149	3745.52021	
144.4208	3745.98576	3745.95654	3745.6716	3745.63365	
144.431	3746.10849	3746.06999	3745.79433	3745.75583	
144.4411	3746.2292	3746.19216	3745.91504	3745.878	
144.4512	3746.35082	3746.31433	3746.03666	3746.00017	
144.4615	3746.47464	3746.43651	3746.16048	3746.12235	
144.4715	3746.59417	3746.55868	3746.28001	3746.23579	
144.4818	3746.71785	3746.68085	3746.40369	3746.36669	
144.4918	3746.83731	3746.80303	3746.52315	3746.48887	
144.502	3746.95962	3746.9252	3746.64546	3746.61104	
144.5121	3747.0819	3747.04737	3746.76774	3746.74194	
144.5222	3747.20293	3747.17827	3746.88877	3746.85538	
144.5324	3747.32494	3747.29172	3747.01078	3746.98628	
144.5426	3747.44764	3747.42262	3747.13348	3747.11718	
144.5527	3747.56833	3747.54479	3747.25417	3747.23936	
144.5649	3747.71496	3747.67569	3747.4008	3747.36153	
144.5731	3747.8137	3747.79786	3747.49954	3747.4837	
144.5833	3747.93627	3747.92004	3747.62211	3747.6146	
144.5933	3748.05583	3748.05094	3747.74167	3747.73678	
144.6035	3748.1778	3748.17311	3747.86364	3747.85895	
144.6137	3748.30029	3748.29528	3747.98613	3747.98112	
144.6239	3748.42238	3748.41745	3748.10822	3748.11202	
144.634	3748.54357	3748.53963	3748.22941	3748.22547	
144.644	3748.66477	3748.65307	3748.35061	3748.35637	
144.6543	3748.78825	3748.77525	3748.47409	3748.46981	
144.6643	3748.90813	3748.89742	3748.59397	3748.59199	
144.6744	3749.02924	3749.01087	3748.71508	3748.71416	
144.6846	3749.15072	3749.14177	3748.83656	3748.83633	
144.6948	3749.2732	3749.25521	3748.95904	3748.94978	
144.7049	3749.3945	3749.36866	3749.08034	3749.07195	
144.715	3749.51584	3749.49083	3749.20168	3749.19413	
144.7253	3749.63949	3749.60428	3749.32533	3749.30757	
144.7355	3749.76166	3749.72645	3749.4475	3749.42975	
144.7456	3749.88374	3749.8399	3749.56958	3749.54319	
144.7557	3750.00416	3749.96207	3749.69	3749.66536	
144.7658	3750.12513	3750.08424	3749.81097	3749.78754	
144.7762	3750.25108	3750.20642	3749.93692	3749.90098	
144.786	3750.36794	3750.32859	3750.05378	3750.02316	
144.7961	3750.48963	3750.45076	3750.17547	3750.14533	
144.8064	3750.61257	3750.57294	3750.29841	3750.2675	
144.8164	3750.7327	3750.69511	3750.41854	3750.38095	
144.8267	3750.85628	3750.81728	3750.54212	3750.51185	
144.8368	3750.97771	3750.93946	3750.66355	3750.63402	
144.8469	3751.09856	3751.06163	3750.7844	3750.7562	
144.8649	3751.31508	3751.27979	3751.00092	3750.97436	
144.8695	3751.36981	3751.34088	3751.05565	3751.03545	
144.8798	3751.4934	3751.46305	3751.17924	3751.15762	
144.8897	3751.61296	3751.58523	3751.2988	3751.28852	
144.9	3751.73618	3751.71613	3751.42202	3751.41069	
144.919	3751.96084	3751.95175	3751.64668	3751.63759	
144.9236	3752.01501	3752.00411	3751.70085	3751.69867	
144.9337	3752.13444	3752.14373	3751.82028	3751.81212	
144.9439	3752.25313	3752.26591	3751.93897	3751.93429	
144.9542	3752.37332	3752.38808	3752.05916	3752.05647	
144.9643	3752.49079	3752.51025	3752.17663	3752.16991	
144.9744	3752.60699	3752.6237	3752.29283	3752.29209	
144.9846	3752.72362	3752.73714	3752.40946	3752.40553	
144.9947	3752.83889	3752.85059	3752.52473	3752.51898	
145.0047	3752.95254	3752.96404	3752.63838	3752.63242	
145.0149	3753.06721	3753.07748	3752.75305	3752.7546	
145.025	3753.18037	3753.19093	3752.86621	3752.85932	
145.0351	3753.2938	3753.29565	3752.97964	3752.97276	
145.0455	3753.40891	3753.4091	3753.09475	3753.08621	
145.0555	3753.51899	3753.52254	3753.20483	3753.19966	
145.0657	3753.63085	3753.62726	3753.31669	3753.3131	
145.0757	3753.74021	3753.74071	3753.42605	3753.41782	
145.0859	3753.8506	3753.84543	3753.53644	3753.52254	
145.096	3753.95981	3753.95015	3753.64565	3753.62726	
145.1061	3754.06877	3754.05487	3753.75461	3753.73198	
145.1163	3754.17728	3754.15959	3753.86312	3753.8367	
145.1266	3754.28653	3754.26431	3753.97237	3753.95015	
145.1366	3754.39171	3754.36903	3754.07755	3754.04614	
145.1467	3754.4981	3754.48247	3754.18395	3754.15959	
145.1568	3754.60381	3754.58719	3754.28966	3754.27303	
145.1671	3754.71021	3754.69191	3754.39605	3754.38648	
145.1771	3754.81377	3754.79663	3754.49961	3754.4912	
145.1873	3754.91768	3754.90135	3754.60352	3754.60465	
145.1976	3755.02318	3755.00607	3754.70902	3754.70937	
145.2076	3755.12371	3755.11079	3754.80955	3754.81409	
145.2177	3755.22566	3755.21551	3754.9115	3754.91881	
145.2278	3755.32718	3755.32023	3755.01302	3755.02353	
145.238	3755.42827	3755.42495	3755.11411	3755.13697	
145.2482	3755.52903	3755.52967	3755.21487	3755.23297	
145.2583	3755.62821	3755.62566	3755.31405	3755.33769	
145.2684	3755.7273	3755.73038	3755.41314	3755.4424	
145.2787	3755.8264	3755.82638	3755.51224	3755.54712	
145.2888	3755.92377	3755.9311	3755.60961	3755.64312	
145.2991	3756.02241	3756.02709	3755.70825	3755.73038	
145.309	3756.11723	3756.12308	3755.80307	3755.82638	
145.3192	3756.21334	3756.2278	3755.89918	3755.92237	
145.3293	3756.30856	3756.3238	3755.99441	3756.00964	
145.3394	3756.40322	3756.41106	3756.08907	3756.10563	
145.3496	3756.4976	3756.50706	3756.18344	3756.1929	
145.3597	3756.59054	3756.59432	3756.27638	3756.28016	
145.3699	3756.68374	3756.69032	3756.36958	3756.36743	
145.38	3756.77576	3756.77758	3756.4616	3756.4547	
145.3901	3756.86721	3756.86485	3756.55305	3756.54196	
145.4004	3756.95896	3756.95211	3756.64481	3756.62923	
145.4105	3757.04893	3757.03938	3756.73477	3756.7165	
145.4206	3757.13875	3757.12665	3756.82459	3756.80376	
145.4308	3757.2285	3757.20519	3756.91434	3756.89975	
145.4409	3757.31629	3757.29245	3757.00213	3756.97829	
145.451	3757.40417	3757.37972	3757.09001	3757.07429	
145.4613	3757.49312	3757.46699	3757.17896	3757.16155	
145.4713	3757.57827	3757.55425	3757.26411	3757.25755	
145.4814	3757.66446	3757.64152	3757.3503	3757.34481	
145.4916	3757.74989	3757.72879	3757.43573	3757.43208	
145.5017	3757.83482	3757.82478	3757.52067	3757.51935	
145.5119	3757.91894	3757.91205	3757.60478	3757.60661	
145.522	3758.00256	3758.00804	3757.6884	3757.69388	
145.5321	3758.08568	3758.09531	3757.77152	3757.78115	
145.5423	3758.16794	3758.18257	3757.85378	3757.85969	
145.5524	3758.24995	3758.26984	3757.93579	3757.93823	
145.5632	3758.33784	3758.3571	3758.02368	3758.02549	
145.5728	3758.41214	3758.44437	3758.09798	3758.10403	
145.5912	3758.55587	3758.584	3758.24172	3758.24366	
145.5959	3758.5924	3758.6189	3758.27824	3758.27856	
145.6061	3758.6717	3758.69744	3758.35754	3758.36583	
145.6163	3758.74995	3758.77598	3758.43579	3758.44437	
145.6264	3758.82681	3758.8458	3758.51265	3758.51418	
145.6365	3758.90333	3758.91561	3758.58917	3758.584	
145.6467	3758.9798	3758.98542	3758.66565	3758.66254	
145.6568	3759.05487	3759.05524	3758.74071	3758.74108	
145.667	3759.13012	3759.12505	3758.81596	3758.81089	
145.6775	3759.20753	3759.19486	3758.89337	3758.88943	
145.6876	3759.28023	3759.26468	3758.96607	3758.95924	
145.6977	3759.35311	3759.33449	3759.03895	3759.02906	
145.7078	3759.42547	3759.4043	3759.11131	3759.09887	
145.718	3759.49767	3759.47412	3759.18351	3759.16868	
145.7282	3759.5689	3759.55266	3759.25474	3759.2385	
145.7383	3759.63919	3759.6312	3759.32503	3759.30831	
145.7484	3759.70918	3759.70101	3759.39502	3759.37812	
145.7588	3759.77995	3759.77955	3759.46579	3759.44794	
145.7689	3759.84823	3759.84936	3759.53407	3759.50902	
145.7788	3759.91506	3759.91917	3759.6009	3759.57884	
145.789	3759.98274	3759.99771	3759.66858	3759.64865	
145.7991	3760.0497	3760.06753	3759.73554	3759.71846	
145.8094	3760.11648	3760.12861	3759.80232	3759.78827	
145.8194	3760.18131	3760.19843	3759.86715	3759.85809	
145.8295	3760.2465	3760.25951	3759.93234	3759.9279	
145.8396	3760.31079	3760.3206	3759.99663	3759.99771	
145.8498	3760.37454	3760.38169	3760.06038	3760.06753	
145.8599	3760.43773	3760.4515	3760.12357	3760.12861	
145.8701	3760.50054	3760.51259	3760.18638	3760.19843	
145.8882	3760.60999	3760.61731	3760.29583	3760.31187	
145.893	3760.63892	3760.64349	3760.32476	3760.33805	
145.903	3760.69878	3760.69585	3760.38462	3760.39914	
145.913	3760.75821	3760.76566	3760.44405	3760.46023	
145.9233	3760.81857	3760.81802	3760.50441	3760.51259	
145.9334	3760.8766	3760.87911	3760.56244	3760.57367	
145.9435	3760.93461	3760.94019	3760.62045	3760.62603	
145.9536	3760.99213	3760.99255	3760.67797	3760.67839	
145.9637	3761.0491	3761.04491	3760.73494	3760.73075	
145.9739	3761.10557	3761.106	3760.79142	3760.78311	
145.9841	3761.16159	3761.15836	3760.84743	3760.83547	
145.9942	3761.21642	3761.21944	3760.90226	3760.88783	
146.0044	3761.2712	3761.2718	3760.95704	3760.94892	
146.0145	3761.32489	3761.32416	3761.01073	3761.00128	
146.0246	3761.37825	3761.37652	3761.06409	3761.05364	
146.0348	3761.43092	3761.42888	3761.11676	3761.106	
146.0449	3761.48307	3761.47252	3761.16891	3761.15836	
146.0551	3761.53478	3761.52488	3761.22062	3761.21072	
146.0652	3761.58541	3761.57724	3761.27125	3761.26308	
146.0755	3761.63673	3761.6296	3761.32257	3761.31544	
146.0856	3761.68572	3761.68196	3761.37156	3761.37652	
146.0956	3761.73452	3761.73432	3761.42036	3761.42888	
146.1059	3761.78334	3761.78668	3761.46918	3761.48124	
146.1159	3761.83072	3761.83904	3761.51656	3761.5336	
146.1261	3761.87794	3761.88267	3761.56378	3761.58596	
146.1362	3761.9246	3761.93503	3761.61044	3761.63832	
146.1463	3761.97053	3761.97866	3761.65637	3761.68196	
146.1565	3762.01592	3762.0223	3761.70176	3761.72559	
146.1666	3762.06077	3762.07466	3761.74661	3761.77795	
146.1768	3762.10495	3762.11829	3761.79079	3761.82158	
146.1869	3762.1487	3762.16192	3761.83454	3761.86522	
146.1971	3762.1918	3762.20556	3761.87764	3761.90012	
146.2072	3762.23412	3762.24919	3761.91996	3761.94376	
146.2173	3762.27563	3762.29282	3761.96147	3761.97866	
146.2274	3762.31672	3762.33646	3762.00256	3762.0223	
146.2376	3762.35739	3762.37136	3762.04324	3762.0572	
146.2477	3762.39717	3762.40627	3762.08301	3762.09211	
146.2578	3762.43651	3762.44118	3762.12235	3762.12702	
146.268	3762.47532	3762.47608	3762.16116	3762.16192	
146.2781	3762.51341	3762.51099	3762.19925	3762.19683	
146.2961	3762.57873	3762.5808	3762.26457	3762.26664	
146.3007	3762.59537	3762.58953	3762.28121	3762.2841	
146.311	3762.63244	3762.62443	3762.31828	3762.31028	
146.3209	3762.66713	3762.65934	3762.35297	3762.34518	
146.3311	3762.70212	3762.68552	3762.38796	3762.38009	
146.3412	3762.73656	3762.72043	3762.4224	3762.415	
146.3513	3762.77036	3762.75533	3762.4562	3762.44118	
146.3615	3762.80352	3762.79024	3762.48936	3762.47608	
146.3716	3762.83607	3762.82515	3762.52191	3762.51099	
146.3818	3762.86812	3762.85133	3762.55397	3762.54589	
146.3919	3762.89949	3762.88623	3762.58534	3762.5808	
146.402	3762.93033	3762.92114	3762.61617	3762.61571	
146.4122	3762.96053	3762.95605	3762.64637	3762.64189	
146.4223	3762.99023	3762.98223	3762.67607	3762.67679	
146.4325	3763.01929	3763.01713	3762.70513	3762.7117	
146.4426	3763.04769	3763.04331	3762.73353	3762.73788	
146.4528	3763.0755	3763.07822	3762.76135	3762.77279	
146.463	3763.10297	3763.1044	3762.78881	3762.80769	
146.4731	3763.12937	3763.13931	3762.81521	3762.83387	
146.4832	3763.1554	3763.16549	3762.84124	3762.86005	
146.4934	3763.18095	3763.19167	3762.86679	3762.88623	
146.5035	3763.20571	3763.20912	3762.89155	3762.91241	
146.5136	3763.22994	3763.24403	3762.91578	3762.93859	
146.5238	3763.25368	3763.26148	3762.93952	3762.96477	
146.534	3763.27687	3763.27893	3762.96271	3762.98223	
146.5442	3763.29942	3763.30511	3762.98526	3763.00841	
146.5543	3763.32132	3763.33129	3763.00716	3763.03459	
146.5647	3763.3436	3763.34875	3763.02944	3763.05204	
146.5746	3763.36335	3763.3662	3763.04919	3763.06949	
146.5847	3763.38344	3763.38365	3763.06928	3763.08695	
146.5949	3763.40297	3763.40111	3763.08881	3763.1044	
146.605	3763.42195	3763.41856	3763.1078	3763.11313	
146.6153	3763.44058	3763.42729	3763.12642	3763.12185	
146.6334	3763.47101	3763.44474	3763.15685	3763.13931	
146.6379	3763.47876	3763.45347	3763.1646	3763.15676	
146.6481	3763.49525	3763.47092	3763.18109	3763.15676	
146.6582	3763.51112	3763.48837	3763.19696	3763.17421	
146.6684	3763.52652	3763.50583	3763.21237	3763.19167	
146.6785	3763.54125	3763.51455	3763.22709	3763.19167	
146.6886	3763.55541	3763.52328	3763.24125	3763.20912	
146.6988	3763.56902	3763.54073	3763.25486	3763.22657	
146.7089	3763.58207	3763.55819	3763.26791	3763.2353	
146.7191	3763.59461	3763.55819	3763.28045	3763.25275	
146.7292	3763.60649	3763.57564	3763.29234	3763.26148	
146.7393	3763.61784	3763.58437	3763.30368	3763.27021	
146.7495	3763.62865	3763.59309	3763.31449	3763.28766	
146.7596	3763.63886	3763.60182	3763.3247	3763.29639	
146.7697	3763.64855	3763.61055	3763.33439	3763.31384	
146.7799	3763.6577	3763.628	3763.34354	3763.32257	
146.79	3763.66631	3763.628	3763.35215	3763.33129	
146.8001	3763.67435	3763.64545	3763.36019	3763.34875	
146.8103	3763.68189	3763.65418	3763.36774	3763.3662	
146.8205	3763.68889	3763.66291	3763.37473	3763.3662	
146.8306	3763.69535	3763.68036	3763.38119	3763.37493	
146.8407	3763.7013	3763.68909	3763.38714	3763.38365	
146.8508	3763.70674	3763.69781	3763.39258	3763.39238	
146.861	3763.71169	3763.71527	3763.39753	3763.40111	
146.8712	3763.71615	3763.72399	3763.40199	3763.40111	
146.8813	3763.7201	3763.73272	3763.40594	3763.40111	
146.8914	3763.72361	3763.73272	3763.40945	3763.40983	
146.9016	3763.72667	3763.74145	3763.41251	3763.40983	
146.9117	3763.72929	3763.74145	3763.41513	3763.40983	
146.9218	3763.7315	3763.73272	3763.41734	3763.41856	
146.932	3763.73333	3763.73272	3763.41917	3763.41856	
146.9422	3763.7389	3763.73272	3763.42474	3763.41856	
146.9524	3763.7389	3763.73272	3763.42474	3763.41856	
146.9624	3763.7389	3763.73272	3763.42474	3763.41856	
146.9726	3763.7389	3763.73272	3763.42474	3763.41856	
146.983	3763.7389	3763.73272	3763.42474	3763.41856	
146.9931	3763.7389	3763.73272	3763.42474	3763.41856	
147.0031	3763.7389	3763.73272	3763.42474	3763.41856	
147.0132	3763.7389	3763.73272	3763.42474	3763.41856	
147.0234	3763.7389	3763.73272	3763.42474	3763.41856	
147.0335	3763.7389	3763.73272	3763.42474	3763.41856	
147.0437	3763.7389	3763.73272	3763.42474	3763.41856	
147.0538	3763.7389	3763.73272	3763.42474	3763.41856	
147.064	3763.7389	3763.73272	3763.42474	3763.41856	
147.0741	3763.7389	3763.73272	3763.42474	3763.41856	
147.0842	3763.7389	3763.73272	3763.42474	3763.41856	
147.0945	3763.7389	3763.73272	3763.42474	3763.41856	
147.1049	3763.7389	3763.73272	3763.42474	3763.41856	
147.1147	3763.7389	3763.73272	3763.42474	3763.41856	
147.1248	3763.7389	3763.73272	3763.42474	3763.41856	
147.135	3763.7389	3763.73272	3763.42474	3763.41856	
147.1454	3763.7389	3763.73272	3763.42474	3763.41856	
147.1553	3763.7389	3763.73272	3763.42474	3763.41856	
147.1655	3763.7389	3763.73272	3763.42474	3763.41856	
147.1757	3763.7389	3763.73272	3763.42474	3763.41856	
147.1857	3763.7389	3763.73272	3763.42474	3763.41856	
147.1964	3763.7389	3763.73272	3763.42474	3763.41856	
147.206	3763.7389	3763.73272	3763.42474	3763.41856	
147.2162	3763.7389	3763.73272	3763.42474	3763.41856	
147.2264	3763.7389	3763.73272	3763.42474	3763.41856	
147.2364	3763.7389	3763.73272	3763.42474	3763.41856	
147.2465	3763.7389	3763.73272	3763.42474	3763.41856	
147.2567	3763.7389	3763.73272	3763.42474	3763.41856	
147.2668	3763.7389	3763.73272	3763.42474	3763.41856	
147.277	3763.7389	3763.73272	3763.42474	3763.41856	
147.2873	3763.7389	3763.73272	3763.42474	3763.41856	
147.2974	3763.7389	3763.73272	3763.42474	3763.41856	
147.3075	3763.7389	3763.73272	3763.42474	3763.41856	
147.3177	3763.7389	3763.73272	3763.42474	3763.41856	
147.3278	3763.7389	3763.73272	3763.42474	3763.41856	
147.3379	3763.7389	3763.73272	3763.42474	3763.41856	
147.3481	3763.7389	3763.73272	3763.42474	3763.41856	
147.3584	3763.7389	3763.73272	3763.42474	3763.41856	
147.3687	3763.7389	3763.73272	3763.42474	3763.41856	
147.3786	3763.7389	3763.73272	3763.42474	3763.41856	
147.3888	3763.7389	3763.73272	3763.42474	3763.41856	
147.399	3763.7389	3763.73272	3763.42474	3763.41856	
147.4091	3763.7389	3763.73272	3763.42474	3763.41856	
147.4192	3763.7389	3763.73272	3763.42474	3763.41856	
147.4294	3763.7389	3763.73272	3763.42474	3763.41856	
147.4395	3763.7389	3763.73272	3763.42474	3763.41856	
147.4496	3763.7389	3763.73272	3763.42474	3763.41856	
147.46	3763.7389	3763.73272	3763.42474	3763.41856	
147.4699	3763.7389	3763.73272	3763.42474	3763.41856	
147.48	3763.7389	3763.73272	3763.42474	3763.41856	
147.4902	3763.7389	3763.73272	3763.42474	3763.41856	
147.5003	3763.7389	3763.73272	3763.42474	3763.41856	
147.5105	3763.7389	3763.73272	3763.42474	3763.41856	
147.5206	3763.7389	3763.73272	3763.42474	3763.41856	
147.5308	3763.7389	3763.73272	3763.42474	3763.41856	
147.5411	3763.7389	3763.73272	3763.42474	3763.41856	
147.5511	3763.7389	3763.73272	3763.42474	3763.41856	
147.5612	3763.7389	3763.73272	3763.42474	3763.41856	
147.5812	3763.7389	3763.73272	3763.42474	3763.41856	
147.5859	3763.7389	3763.73272	3763.42474	3763.41856	
147.5959	3763.7389	3763.73272	3763.42474	3763.41856	
147.6061	3763.7389	3763.73272	3763.42474	3763.41856	
147.6164	3763.7389	3763.73272	3763.42474	3763.41856	
147.6264	3763.7389	3763.73272	3763.42474	3763.41856	
147.6366	3763.7389	3763.73272	3763.42474	3763.41856	
147.6467	3763.7389	3763.73272	3763.42474	3763.41856	
147.6568	3763.7389	3763.73272	3763.42474	3763.41856	
147.667	3763.7389	3763.73272	3763.42474	3763.41856	
147.6772	3763.7389	3763.73272	3763.42474	3763.41856	
147.6874	3763.7389	3763.73272	3763.42474	3763.41856	
147.6976	3763.7389	3763.73272	3763.42474	3763.41856	
147.7076	3763.7389	3763.73272	3763.42474	3763.41856	
147.7178	3763.7389	3763.73272	3763.42474	3763.41856	
147.7279	3763.7389	3763.73272	3763.42474	3763.41856	
147.738	3763.7389	3763.73272	3763.42474	3763.41856	
147.7482	3763.7389	3763.73272	3763.42474	3763.41856	
147.7584	3763.7389	3763.73272	3763.42474	3763.41856	
147.7764	3763.7389	3763.73272	3763.42474	3763.41856	
147.781	3763.7389	3763.73272	3763.42474	3763.41856	
147.7911	3763.7389	3763.73272	3763.42474	3763.41856	
147.8012	3763.7389	3763.73272	3763.42474	3763.41856	
147.8114	3763.7389	3763.73272	3763.42474	3763.41856	
147.8215	3763.7389	3763.73272	3763.42474	3763.41856	
147.8316	3763.7389	3763.73272	3763.42474	3763.41856	
147.8418	3763.7389	3763.73272	3763.42474	3763.41856	
147.8519	3763.7389	3763.73272	3763.42474	3763.41856	
147.8622	3763.7389	3763.73272	3763.42474	3763.41856	
147.8722	3763.7389	3763.73272	3763.42474	3763.41856	
147.8824	3763.7389	3763.73272	3763.42474	3763.41856	
147.8925	3763.7389	3763.73272	3763.42474	3763.41856	
147.9029	3763.7389	3763.73272	3763.42474	3763.41856	
147.913	3763.7389	3763.73272	3763.42474	3763.41856	
147.923	3763.7389	3763.73272	3763.42474	3763.41856	
147.9331	3763.7389	3763.73272	3763.42474	3763.41856	
147.9433	3763.7389	3763.73272	3763.42474	3763.41856	
147.9535	3763.7389	3763.73272	3763.42474	3763.41856	
147.9637	3763.7389	3763.73272	3763.42474	3763.41856	
147.9737	3763.7389	3763.73272	3763.42474	3763.41856	
147.9838	3763.7389	3763.73272	3763.42474	3763.41856	
147.9941	3763.7389	3763.73272	3763.42474	3763.41856	
148.0041	3763.7389	3763.73272	3763.42474	3763.41856	
148.0142	3763.7389	3763.73272	3763.42474	3763.41856	
148.0243	3763.7389	3763.73272	3763.42474	3763.41856	
148.0346	3763.7389	3763.73272	3763.42474	3763.41856	
148.0446	3763.7389	3763.73272	3763.42474	3763.41856	
148.0548	3763.7389	3763.73272	3763.42474	3763.41856	
148.0649	3763.7389	3763.73272	3763.42474	3763.41856	
148.075	3763.7389	3763.73272	3763.42474	3763.41856	
148.0853	3763.7389	3763.73272	3763.42474	3763.41856	
148.0954	3763.7389	3763.73272	3763.42474	3763.41856	
148.1057	3763.7389	3763.73272	3763.42474	3763.41856	
148.1158	3763.7389	3763.73272	3763.42474	3763.41856	
148.1258	3763.7389	3763.73272	3763.42474	3763.41856	
148.1359	3763.7389	3763.73272	3763.42474	3763.41856	
148.146	3763.7389	3763.73272	3763.42474	3763.41856	
148.1562	3763.7389	3763.73272	3763.42474	3763.41856	
148.1663	3763.7389	3763.73272	3763.42474	3763.41856	
148.1766	3763.7389	3763.73272	3763.42474	3763.41856	
148.1866	3763.7389	3763.73272	3763.42474	3763.41856	
148.1968	3763.7389	3763.73272	3763.42474	3763.41856	
148.2071	3763.7389	3763.73272	3763.42474	3763.41856	
148.2171	3763.7389	3763.73272	3763.42474	3763.41856	
148.2273	3763.7389	3763.73272	3763.42474	3763.41856	
148.2374	3763.7389	3763.73272	3763.42474	3763.41856	
148.2476	3763.7389	3763.73272	3763.42474	3763.41856	
148.2577	3763.7389	3763.73272	3763.42474	3763.41856	
148.2678	3763.7389	3763.73272	3763.42474	3763.41856	
148.2781	3763.7389	3763.73272	3763.42474	3763.41856	
148.2881	3763.7389	3763.73272	3763.42474	3763.41856	
148.2984	3763.7389	3763.73272	3763.42474	3763.41856	
148.3085	3763.7389	3763.73272	3763.42474	3763.41856	
148.3187	3763.7389	3763.73272	3763.42474	3763.41856	
148.3288	3763.7389	3763.73272	3763.42474	3763.41856	
148.339	3763.7389	3763.73272	3763.42474	3763.41856	
148.3491	3763.7389	3763.73272	3763.42474	3763.41856	
148.3592	3763.7389	3763.73272	3763.42474	3763.41856	
148.3694	3763.7389	3763.73272	3763.42474	3763.41856	
148.3797	3763.7389	3763.73272	3763.42474	3763.41856	
148.3897	3763.7389	3763.73272	3763.42474	3763.41856	
148.3999	3763.7389	3763.73272	3763.42474	3763.41856	
148.4101	3763.7389	3763.73272	3763.42474	3763.41856	
148.4201	3763.7389	3763.73272	3763.42474	3763.41856	
148.4302	3763.7389	3763.73272	3763.42474	3763.41856	
148.4403	3763.7389	3763.73272	3763.42474	3763.41856	
148.4505	3763.7389	3763.73272	3763.42474	3763.41856	
148.4608	3763.7389	3763.73272	3763.42474	3763.41856	
148.4707	3763.7389	3763.73272	3763.42474	3763.41856	
148.4809	3763.7389	3763.73272	3763.42474	3763.41856	
148.4911	3763.7389	3763.73272	3763.42474	3763.41856	
148.5012	3763.7389	3763.73272	3763.42474	3763.41856	
148.5113	3763.7389	3763.73272	3763.42474	3763.41856	
148.5214	3763.7389	3763.73272	3763.42474	3763.41856	
148.5316	3763.7389	3763.73272	3763.42474	3763.41856	
148.5418	3763.7389	3763.73272	3763.42474	3763.41856	
148.5519	3763.7389	3763.73272	3763.42474	3763.41856	
148.562	3763.7389	3763.73272	3763.42474	3763.41856	
148.5742	3763.7389	3763.73272	3763.42474	3763.41856	
148.5823	3763.7389	3763.73272	3763.42474	3763.41856	
148.5924	3763.7389	3763.73272	3763.42474	3763.41856	
148.6026	3763.7389	3763.73272	3763.42474	3763.41856	
148.6127	3763.7389	3763.73272	3763.42474	3763.41856	
148.6229	3763.7389	3763.73272	3763.42474	3763.41856	
148.6332	3763.7389	3763.73272	3763.42474	3763.41856	
148.6432	3763.7389	3763.73272	3763.42474	3763.41856	
148.6535	3763.7389	3763.73272	3763.42474	3763.41856	
148.6635	3763.7389	3763.73272	3763.42474	3763.41856	
148.6736	3763.7389	3763.73272	3763.42474	3763.41856	
148.6837	3763.7389	3763.73272	3763.42474	3763.41856	
148.6939	3763.7389	3763.73272	3763.42474	3763.41856	
148.704	3763.7389	3763.73272	3763.42474	3763.41856	
148.7142	3763.7389	3763.73272	3763.42474	3763.41856	
148.7243	3763.7389	3763.73272	3763.42474	3763.41856	
148.7345	3763.7389	3763.73272	3763.42474	3763.41856	
148.7446	3763.7389	3763.73272	3763.42474	3763.41856	
148.7548	3763.7389	3763.73272	3763.42474	3763.41856	
148.7649	3763.7389	3763.73272	3763.42474	3763.41856	
148.7751	3763.7389	3763.73272	3763.42474	3763.41856	
148.7851	3763.7389	3763.73272	3763.42474	3763.41856	
148.7953	3763.7389	3763.73272	3763.42474	3763.41856	
148.8137	3763.7389	3763.73272	3763.42474	3763.41856	
148.8183	3763.7389	3763.73272	3763.42474	3763.41856	
148.8284	3763.7389	3763.73272	3763.42474	3763.41856	
148.8387	3763.7389	3763.73272	3763.42474	3763.41856	
148.8487	3763.7389	3763.73272	3763.42474	3763.41856	
148.8588	3763.7389	3763.73272	3763.42474	3763.41856	
148.8694	3763.7389	3763.73272	3763.42474	3763.41856	
148.8795	3763.7389	3763.73272	3763.42474	3763.41856	
148.8896	3763.7389	3763.73272	3763.42474	3763.41856	
148.8999	3763.7389	3763.73272	3763.42474	3763.41856	
148.9099	3763.7389	3763.73272	3763.42474	3763.41856	
148.9201	3763.7389	3763.73272	3763.42474	3763.41856	
148.9302	3763.7389	3763.73272	3763.42474	3763.41856	
148.9403	3763.7389	3763.73272	3763.42474	3763.41856	
148.9505	3763.7389	3763.73272	3763.42474	3763.41856	
148.9606	3763.7389	3763.73272	3763.42474	3763.41856	
148.9709	3763.7389	3763.73272	3763.42474	3763.41856	
148.9809	3763.7389	3763.73272	3763.42474	3763.41856	
148.9912	3763.7389	3763.73272	3763.42474	3763.41856	
149.0013	3763.7389	3763.73272	3763.42474	3763.41856	
149.0113	3763.7389	3763.73272	3763.42474	3763.41856	
149.0214	3763.7389	3763.73272	3763.42474	3763.41856	
149.0316	3763.7389	3763.73272	3763.42474	3763.41856	
149.0419	3763.7389	3763.73272	3763.42474	3763.41856	
149.0519	3763.7389	3763.73272	3763.42474	3763.41856	
149.0621	3763.7389	3763.73272	3763.42474	3763.41856	
149.0721	3763.7389	3763.73272	3763.42474	3763.41856	
149.0823	3763.7389	3763.73272	3763.42474	3763.41856	
149.0924	3763.7389	3763.73272	3763.42474	3763.41856	
149.1025	3763.7389	3763.73272	3763.42474	3763.41856	
149.1128	3763.7389	3763.73272	3763.42474	3763.41856	
149.1229	3763.7389	3763.73272	3763.42474	3763.41856	
149.133	3763.7389	3763.73272	3763.42474	3763.41856	
149.1432	3763.7389	3763.73272	3763.42474	3763.41856	
149.1533	3763.7389	3763.73272	3763.42474	3763.41856	
149.1636	3763.7389	3763.73272	3763.42474	3763.41856	
149.1736	3763.7389	3763.73272	3763.42474	3763.41856	
149.1837	3763.7389	3763.73272	3763.42474	3763.41856	
149.1939	3763.7389	3763.73272	3763.42474	3763.41856	
149.204	3763.7389	3763.73272	3763.42474	3763.41856	
149.2142	3763.7389	3763.73272	3763.42474	3763.41856	
149.2243	3763.7389	3763.73272	3763.42474	3763.41856	
149.2345	3763.7389	3763.73272	3763.42474	3763.41856	
149.2447	3763.7389	3763.73272	3763.42474	3763.41856	
149.2547	3763.7389	3763.73272	3763.42474	3763.41856	
149.2649	3763.7389	3763.73272	3763.42474	3763.41856	
149.275	3763.7389	3763.73272	3763.42474	3763.41856	
149.2852	3763.7389	3763.73272	3763.42474	3763.41856	
149.3034	3763.7389	3763.73272	3763.42474	3763.41856	
149.308	3763.7389	3763.73272	3763.42474	3763.41856	
149.3181	3763.7389	3763.73272	3763.42474	3763.41856	
149.3283	3763.7389	3763.73272	3763.42474	3763.41856	
149.3384	3763.7389	3763.73272	3763.42474	3763.41856	
149.3486	3763.7389	3763.73272	3763.42474	3763.41856	
149.3587	3763.7389	3763.73272	3763.42474	3763.41856	
149.369	3763.7389	3763.73272	3763.42474	3763.41856	
149.379	3763.7389	3763.73272	3763.42474	3763.41856	
149.3891	3763.7389	3763.73272	3763.42474	3763.41856	
149.3993	3763.7389	3763.73272	3763.42474	3763.41856	
149.4096	3763.7389	3763.73272	3763.42474	3763.41856	
149.4196	3763.7389	3763.73272	3763.42474	3763.41856	
149.4297	3763.7389	3763.73272	3763.42474	3763.41856	
149.44	3763.7389	3763.73272	3763.42474	3763.41856	
149.45	3763.7389	3763.73272	3763.42474	3763.41856	
149.4601	3763.7389	3763.73272	3763.42474	3763.41856	
149.4703	3763.7389	3763.73272	3763.42474	3763.41856	
149.4804	3763.7389	3763.73272	3763.42474	3763.41856	
149.4905	3763.7389	3763.73272	3763.42474	3763.41856	
149.5007	3763.7389	3763.73272	3763.42474	3763.41856	
149.5108	3763.7389	3763.73272	3763.42474	3763.41856	
149.521	3763.7389	3763.73272	3763.42474	3763.41856	
149.5311	3763.7389	3763.73272	3763.42474	3763.41856	
149.5412	3763.7389	3763.73272	3763.42474	3763.41856	
149.5514	3763.7389	3763.73272	3763.42474	3763.41856	
149.5617	3763.7389	3763.73272	3763.42474	3763.41856	
149.5722	3763.7389	3763.73272	3763.42474	3763.41856	
149.5819	3763.7389	3763.73272	3763.42474	3763.41856	
149.592	3763.7389	3763.73272	3763.42474	3763.41856	
149.6021	3763.7389	3763.73272	3763.42474	3763.41856	
149.6123	3763.7389	3763.73272	3763.42474	3763.41856	
149.6225	3763.7389	3763.73272	3763.42474	3763.41856	
149.6326	3763.7389	3763.73272	3763.42474	3763.41856	
149.6428	3763.7389	3763.73272	3763.42474	3763.41856	
