196.862	505.112796	505.107012	505.138976	505.141919	
196.8721	505.115304	505.107012	505.141484	505.141919	
196.8822	505.118435	505.107012	505.144615	505.141919	
196.8924	505.122205	505.107012	505.148385	505.141919	
196.9025	505.126563	505.115739	505.152743	505.141919	
196.9126	505.13154	505.115739	505.15772	505.141919	
196.9228	505.137142	505.115739	505.163322	505.141919	
196.9329	505.143364	505.115739	505.169543	505.150645	
196.943	505.150206	505.115739	505.176386	505.150645	
196.9532	505.157649	505.115739	505.183829	505.150645	
196.9633	505.165739	505.115739	505.191919	505.150645	
196.9735	505.174452	505.115739	505.200632	505.150645	
196.9836	505.183736	505.115739	505.209916	505.159372	
196.9937	505.193643	505.124465	505.219823	505.168099	
197.0039	505.204192	505.124465	505.230372	505.176825	
197.014	505.215356	505.133192	505.241536	505.185552	
197.0241	505.227102	505.141919	505.253282	505.211732	
197.0343	505.239485	505.159372	505.265665	505.220459	
197.0444	505.252521	505.168099	505.278701	505.246639	
197.0546	505.26611	505.176825	505.29229	505.272818	
197.0647	505.28032	505.194279	505.3065	505.290272	
197.0748	505.295226	505.203005	505.321406	505.316452	
197.085	505.31067	505.220459	505.33685	505.333905	
197.0951	505.326755	505.237912	505.352935	505.351358	
197.1052	505.343435	505.255365	505.369615	505.368812	
197.1154	505.360736	505.272818	505.386916	505.386265	
197.1255	505.378715	505.290272	505.404895	505.394991	
197.1357	505.397267	505.307725	505.423446	505.412445	
197.1458	505.416417	505.342632	505.442597	505.429898	
197.1559	505.436191	505.368812	505.462371	505.429898	
197.1661	505.456661	505.394991	505.482841	505.447351	
197.1762	505.477611	505.429898	505.503791	505.464805	
197.1863	505.499285	505.456078	505.525465	505.482258	
197.1965	505.521578	505.482258	505.547758	505.499711	
197.2066	505.544348	505.517165	505.570528	505.517165	
197.2167	505.567846	505.534618	505.594026	505.534618	
197.2269	505.591953	505.560798	505.618133	505.569524	
197.2374	505.617701	505.586978	505.643881	505.595704	
197.2475	505.643036	505.595704	505.669216	505.621884	
197.2577	505.668983	505.613158	505.695163	505.656791	
197.2679	505.695723	505.630611	505.721903	505.682971	
197.278	505.722991	505.648064	505.749171	505.717877	
197.2881	505.750742	505.674244	505.776922	505.744057	
197.2982	505.779109	505.691697	505.805289	505.778964	
197.3084	505.808262	505.726604	505.834442	505.813871	
197.3185	505.837862	505.752784	505.864042	505.84005	
197.3287	505.868153	505.787691	505.894333	505.86623	
197.3388	505.899042	505.831324	505.925222	505.89241	
197.349	505.930774	505.86623	505.956954	505.91859	
197.3591	505.962801	505.901137	505.988981	505.953497	
197.3692	505.99551	505.94477	506.02169	505.97095	
197.3794	506.028912	505.988403	506.055092	506.005857	
197.3896	506.063237	506.02331	506.089417	506.032037	
197.3996	506.097518	506.066943	506.123698	506.066943	
197.4098	506.132729	506.10185	506.158908	506.10185	
197.4199	506.168595	506.136756	506.194775	506.136756	
197.4301	506.205123	506.171663	506.231303	506.18039	
197.4402	506.242191	506.20657	506.268371	506.215296	
197.4504	506.280058	506.241476	506.306238	506.267656	
197.4605	506.318262	506.276383	506.344441	506.302563	
197.4707	506.357247	506.311289	506.383427	506.354923	
197.4808	506.396651	506.346196	506.422831	506.398556	
197.4909	506.436687	506.389829	506.462867	506.442189	
197.5011	506.477901	506.424736	506.504081	506.477096	
197.5112	506.519192	506.459642	506.545372	506.512002	
197.5213	506.561085	506.503276	506.587265	506.555635	
197.5315	506.603857	506.546909	506.630036	506.599269	
197.5416	506.64707	506.599269	506.67325	506.634175	
197.5518	506.691121	506.634175	506.717301	506.669082	
197.5619	506.735444	506.686535	506.761624	506.712715	
197.572	506.780529	506.738895	506.806709	506.756348	
197.5822	506.826332	506.773802	506.852512	506.791255	
197.5923	506.8726	506.826161	506.89878	506.843615	
197.6025	506.919737	506.869795	506.945917	506.887248	
197.6126	506.967205	506.913428	506.993385	506.930881	
197.6227	507.015262	506.965788	507.041442	506.983241	
197.6337	507.068379	507.018148	507.094559	507.035601	
197.6439	507.117723	507.061781	507.143903	507.087961	
197.654	507.167998	507.114141	507.194178	507.140321	
197.6641	507.218375	507.157774	507.244555	507.192681	
197.6743	507.269742	507.210134	507.295922	507.245041	
197.6844	507.321581	507.262494	507.347761	507.314854	
197.6945	507.37414	507.314854	507.40032	507.367214	
197.7047	507.427412	507.367214	507.453592	507.419573	
197.7148	507.481125	507.419573	507.507305	507.471933	
197.725	507.535584	507.48066	507.561764	507.524293	
197.7351	507.590595	507.541746	507.616775	507.576653	
197.7452	507.646178	507.594106	507.672357	507.629013	
197.7554	507.702506	507.646466	507.728685	507.690099	
197.7655	507.759201	507.716279	507.785381	507.742459	
197.7756	507.81674	507.777366	507.84292	507.803546	
197.7858	507.874833	507.829726	507.901013	507.855906	
197.7959	507.933454	507.890812	507.959634	507.908266	
197.8061	507.993201	507.951899	508.019381	507.960626	
197.8162	508.052937	508.012985	508.079117	508.021712	
197.8263	508.113394	508.065345	508.139574	508.082799	
197.8365	508.174889	508.135158	508.201069	508.143885	
197.8466	508.236462	508.196245	508.262642	508.204972	
197.8567	508.298741	508.257331	508.32492	508.257331	
197.8669	508.361734	508.309691	508.387914	508.327145	
197.877	508.425446	508.379505	508.451626	508.388231	
197.8871	508.489737	508.440591	508.515917	508.458044	
197.8973	508.554521	508.501678	508.580701	508.519131	
197.9074	508.620137	508.562764	508.646317	508.588944	
197.9176	508.686636	508.623851	508.712816	508.650031	
197.9278	508.753726	508.693664	508.779906	508.711117	
197.9382	508.823251	508.763477	508.849431	508.78093	
197.948	508.888716	508.83329	508.914896	508.850743	
197.9582	508.957754	508.903103	508.983934	508.920557	
197.9683	509.026726	508.972916	509.052906	508.99037	
197.9785	509.096498	509.04273	509.122678	509.06891	
197.9886	509.167182	509.112543	509.193362	509.138723	
197.9988	509.238068	509.182356	509.264248	509.217263	
198.0089	509.310019	509.252169	509.336199	509.287076	
198.0191	509.382324	509.321982	509.408504	509.365616	
198.0292	509.455333	509.391795	509.481513	509.444155	
198.0394	509.529247	509.461609	509.555427	509.513969	
198.0495	509.603059	509.540148	509.629239	509.583782	
198.0597	509.677982	509.609962	509.704162	509.662322	
198.0698	509.753517	509.688501	509.779697	509.740861	
198.0799	509.828981	509.758315	509.855161	509.810675	
198.0901	509.905748	509.828128	509.931928	509.880488	
198.1003	509.983467	509.906668	510.009647	509.959027	
198.1108	510.064787	509.985207	510.090967	510.028841	
198.1207	510.141444	510.055021	510.167624	510.098654	
198.1307	510.218871	510.13356	510.245051	510.177194	
198.1408	510.298424	510.2121	510.324604	510.247007	
198.1509	510.378711	510.299367	510.404891	510.31682	
198.1611	510.459494	510.36918	510.485674	510.404086	
198.1712	510.541086	510.456446	510.567266	510.482626	
198.1813	510.623214	510.543713	510.649394	510.561166	
198.1915	510.706511	510.622253	510.732691	510.648433	
198.2017	510.789867	510.709519	510.816047	510.735699	
198.2196	510.939821	510.857872	510.966001	510.875325	
198.2241	510.97747	510.892779	511.00365	510.918959	
198.2342	511.062696	510.980045	511.088876	511.014952	
198.2444	511.148486	511.067312	511.174666	511.102218	
198.2545	511.235183	511.145851	511.261362	511.189485	
198.2646	511.322393	511.241844	511.348573	511.285478	
198.2748	511.410071	511.320384	511.436251	511.381471	
198.2849	511.498645	511.416377	511.524825	511.468737	
198.295	511.587545	511.503644	511.613725	511.56473	
198.3052	511.677336	511.59091	511.703516	511.651997	
198.3153	511.767358	511.69563	511.793538	511.74799	
198.3254	511.858501	511.782897	511.884681	511.835256	
198.3356	511.950381	511.87889	511.976561	511.922523	
198.3457	512.042313	511.974883	512.068493	512.018516	
198.3559	512.1351	512.079603	512.16128	512.105782	
198.3661	512.22907	512.166869	512.25525	512.201776	
198.3762	512.322541	512.262862	512.348721	512.289042	
198.3864	512.417857	512.358855	512.444037	512.376309	
198.3965	512.513314	512.463575	512.539494	512.481028	
198.4066	512.60898	512.550841	512.63516	512.568295	
198.4168	512.705606	512.638108	512.731786	512.664288	
198.4269	512.802715	512.742828	512.828895	512.760281	
198.4371	512.900762	512.838821	512.926942	512.865001	
198.4472	512.999068	512.926087	513.025248	512.960994	
198.4573	513.097655	513.02208	513.123835	513.056987	
198.4675	513.197677	513.118073	513.223857	513.161707	
198.4776	513.297653	513.214067	513.323833	513.248973	
198.4878	513.399096	513.31006	513.425276	513.353693	
198.4979	513.499841	513.406053	513.526021	513.449686	
198.5081	513.602057	513.510773	513.628237	513.554406	
198.5182	513.705148	513.615492	513.731328	513.650399	
198.5283	513.807844	513.720212	513.834024	513.755119	
198.5386	513.91271	513.824932	513.93889	513.859838	
198.5486	514.016312	513.929652	514.042492	513.964558	
198.5588	514.121514	514.034371	514.147694	514.060551	
198.569	514.227775	514.147818	514.253955	514.165271	
198.579	514.333517	514.252537	514.359697	514.269991	
198.5892	514.440751	514.365984	514.466931	514.374711	
198.5993	514.548252	514.470704	514.574431	514.488157	
198.6097	514.65864	514.58415	514.684819	514.592877	
198.6196	514.765198	514.697596	514.791378	514.706323	
198.6304	514.88567	514.802316	514.91185	514.819769	
198.6401	514.987673	514.907036	515.013853	514.924489	
198.65	515.095848	515.020482	515.122028	515.037936	
198.6602	515.206993	515.133929	515.233172	515.151382	
198.6704	515.32041	515.247375	515.34659	515.264828	
198.6805	515.431675	515.360822	515.457855	515.378275	
198.6906	515.54514	515.474268	515.57132	515.500448	
198.7008	515.658874	515.587714	515.685054	515.613894	
198.7109	515.772611	515.709887	515.798791	515.727341	
198.721	515.887564	515.814607	515.913744	515.849514	
198.7311	516.003282	515.93678	516.029462	515.971687	
198.7413	516.119619	516.050227	516.145799	516.09386	
198.7515	516.237119	516.163673	516.263299	516.216033	
198.7616	516.353935	516.268393	516.380115	516.320753	
198.7718	516.473673	516.381839	516.499853	516.434199	
198.782	516.592252	516.495286	516.618432	516.556372	
198.7922	516.712253	516.608732	516.738433	516.669818	
198.8021	516.829731	516.722178	516.855911	516.774538	
198.8122	516.95034	516.826898	516.97652	516.879258	
198.8224	517.071831	516.949071	517.098011	517.001431	
198.8325	517.193168	517.071244	517.219348	517.114877	
198.8427	517.314932	517.184691	517.341112	517.228324	
198.8528	517.43696	517.31559	517.46314	517.350497	
198.8629	517.558184	517.437763	517.584364	517.47267	
198.8731	517.679588	517.559936	517.705768	517.594843	
198.8832	517.801376	517.682109	517.827556	517.717016	
198.8934	517.923548	517.804282	517.949728	517.839189	
198.9035	518.045324	517.943909	518.071504	517.961362	
198.9136	518.166176	518.066082	518.192356	518.100988	
198.9237	518.287964	518.188255	518.314144	518.223162	
198.9339	518.40986	518.319155	518.43604	518.345335	
198.944	518.530976	518.450054	518.557156	518.476234	
198.9541	518.652848	518.572227	518.679028	518.607134	
198.9643	518.774252	518.703127	518.800432	518.729307	
198.9744	518.896184	518.834027	518.922364	518.860207	
198.9845	519.017576	518.964926	519.043756	518.98238	
198.9947	519.139208	519.095826	519.165388	519.113279	
199.0048	519.260984	519.226726	519.287164	519.235452	
199.0149	519.38234	519.348899	519.40852	519.357626	
199.0251	519.503804	519.479799	519.529984	519.497252	
199.0352	519.625616	519.601972	519.651796	519.610698	
199.0453	519.747044	519.724145	519.773224	519.741598	
199.0555	519.869528	519.846318	519.895708	519.855044	
199.0656	519.990152	519.968491	520.016332	519.977217	
199.0757	520.111952	520.090664	520.138132	520.090664	
199.0859	520.23434	520.212837	520.26052	520.212837	
199.096	520.355252	520.317557	520.381432	520.33501	
199.1062	520.477172	520.43973	520.503352	520.43973	
199.1163	520.598576	520.553176	520.624756	520.561903	
199.1264	520.720244	520.666622	520.746424	520.684076	
199.1366	520.842212	520.780069	520.868392	520.788796	
199.1467	520.963568	520.893515	520.989748	520.910969	
199.1569	521.085476	521.015688	521.111656	521.024415	
199.167	521.207312	521.120408	521.233492	521.137861	
199.1772	521.328848	521.242581	521.355028	521.260034	
199.1873	521.450336	521.364754	521.476516	521.382207	
199.1975	521.57246	521.478201	521.59864	521.495654	
199.2077	521.695124	521.600374	521.721304	521.626554	
199.2178	521.816972	521.71382	521.843152	521.74	
199.2279	521.938124	521.84472	521.964304	521.8709	
199.2381	522.060524	521.958166	522.086704	521.993073	
199.2482	522.181436	522.089066	522.207616	522.115246	
199.2583	522.303116	522.202512	522.329296	522.246145	
199.2685	522.425204	522.333412	522.451384	522.377045	
199.2786	522.546548	522.446858	522.572728	522.499218	
199.2888	522.668168	522.577758	522.694348	522.621391	
199.299	522.790868	522.699931	522.817048	522.743564	
199.3091	522.91172	522.822104	522.9379	522.865737	
199.3192	523.033388	522.944277	523.059568	522.98791	
199.3293	523.153853	523.075177	523.180033	523.110083	
199.3395	523.27446	523.188623	523.30064	523.232256	
199.3496	523.393502	523.319523	523.419682	523.35443	
199.3597	523.512588	523.441696	523.538768	523.476603	
199.3699	523.630792	523.563869	523.656972	523.590049	
199.3801	523.749064	523.677315	523.775244	523.720949	
199.3903	523.867233	523.808215	523.893413	523.834395	
199.4004	523.982806	523.921662	524.008985	523.956568	
199.4105	524.098251	524.043835	524.124431	524.070014	
199.4211	524.218509	524.157281	524.244689	524.200914	
199.4307	524.327953	524.279454	524.354133	524.314361	
199.4409	524.442038	524.401627	524.468218	524.436534	
199.451	524.555354	524.515073	524.581534	524.558707	
199.4612	524.668312	524.637247	524.694492	524.663426	
199.4713	524.780469	524.750693	524.806649	524.776873	
199.4814	524.891992	524.855413	524.918172	524.890319	
199.4916	525.003326	524.968859	525.029506	525.003766	
199.5018	525.114259	525.082305	525.140439	525.108485	
199.5119	525.223714	525.195752	525.249894	525.221932	
199.522	525.332624	525.309198	525.358804	525.326652	
199.5322	525.441242	525.413918	525.467422	525.431371	
199.5424	525.549384	525.518638	525.575564	525.536091	
199.5525	525.656196	525.623358	525.682376	525.640811	
199.5626	525.762851	525.728077	525.789031	525.745531	
199.5728	525.869069	525.832797	525.895249	525.85025	
199.5831	525.977136	525.937517	526.003316	525.946243	
199.593	526.079058	526.03351	526.105238	526.050963	
199.6031	526.183284	526.13823	526.209464	526.146956	
199.6133	526.287223	526.234223	526.313403	526.251676	
199.6235	526.390615	526.338943	526.416795	526.347669	
199.6357	526.513645	526.443662	526.539825	526.452389	
199.6438	526.594614	526.539655	526.620794	526.557109	
199.6541	526.697308	526.644375	526.723488	526.661828	
199.664	526.795982	526.749095	526.822162	526.766548	
199.6741	526.895825	526.845088	526.922005	526.871268	
199.6843	526.99526	526.949808	527.02144	526.975988	
199.6945	527.094343	527.054528	527.120523	527.080707	
199.7046	527.191899	527.159247	527.218079	527.176701	
199.7147	527.28905	527.263967	527.31523	527.28142	
199.7249	527.386549	527.35996	527.412729	527.38614	
199.735	527.48247	527.46468	527.50865	527.482133	
199.7451	527.577784	527.560673	527.603963	527.578126	
199.7552	527.672861	527.656666	527.699041	527.665393	
199.7654	527.767511	527.752659	527.793691	527.770113	
199.7756	527.861785	527.848652	527.887965	527.866106	
199.7857	527.954559	527.944645	527.980739	527.953372	
199.7958	528.047442	528.031912	528.073622	528.049365	
199.806	528.139745	528.127905	528.165925	528.145358	
199.8161	528.230514	528.215171	528.256694	528.241351	
199.8262	528.321247	528.311165	528.347427	528.328618	
199.8364	528.411413	528.389704	528.437593	528.433338	
199.8465	528.500864	528.476971	528.527044	528.520604	
199.8566	528.589704	528.555511	528.615884	528.607871	
199.8668	528.67803	528.642777	528.70421	528.695137	
199.8769	528.765779	528.721317	528.791959	528.782403	
199.887	528.852738	528.799857	528.878918	528.852217	
199.8972	528.939459	528.878397	528.965639	528.939483	
199.9073	529.025164	528.956936	529.051344	529.018023	
199.9175	529.110977	529.044203	529.137157	529.096563	
199.9277	529.195907	529.114016	529.222087	529.166376	
199.9379	529.280001	529.201282	529.306181	529.236189	
199.948	529.363101	529.288549	529.389281	529.314729	
199.9582	529.446516	529.367089	529.472696	529.393269	
199.9682	529.527998	529.454355	529.554178	529.480535	
199.9784	529.60985	529.532895	529.63603	529.559075	
199.9885	529.690845	529.620162	529.717024	529.646341	
199.9987	529.771307	529.707428	529.797487	529.733608	
200.0088	529.851018	529.785968	529.877198	529.820874	
200.019	529.930606	529.873234	529.956786	529.908141	
200.0292	530.009263	529.951774	530.035443	530.004134	
200.0392	530.086663	530.039041	530.112843	530.082674	
200.0494	530.16396	530.11758	530.19014	530.16994	
200.0595	530.240856	530.19612	530.267036	530.24848	
200.0697	530.31674	530.27466	530.34292	530.335747	
200.0798	530.392415	530.3532	530.418595	530.414286	
200.0899	530.467215	530.440466	530.493395	530.492826	
200.1001	530.541487	530.510279	530.567667	530.562639	
200.1182	530.671574	530.597546	530.697754	530.632452	
200.1227	530.704212	530.684812	530.730392	530.719719	
200.1329	530.776876	530.763352	530.803056	530.789532	
200.143	530.848227	530.850619	530.874407	530.868072	
200.1531	530.919342	530.929158	530.945522	530.937885	
200.1632	530.989676	530.998972	531.015856	531.007698	
200.1734	531.059894	531.068785	531.086074	531.077511	
200.1836	531.129154	531.138598	531.155334	531.147325	
200.1937	531.197499	531.199684	531.223679	531.217138	
200.2038	531.265545	531.260771	531.291725	531.278224	
200.214	531.333363	531.321858	531.359543	531.339311	
200.2241	531.399826	531.382944	531.426006	531.400397	
200.2342	531.465977	531.444031	531.492157	531.470211	
200.2443	531.531605	531.487664	531.557785	531.531297	
200.2545	531.596903	531.54875	531.623083	531.592384	
200.2646	531.661055	531.609837	531.687235	531.65347	
200.2747	531.724735	531.662197	531.750915	531.714557	
200.2849	531.788111	531.73201	531.814291	531.766916	
200.295	531.850468	531.793096	531.876648	531.828003	
200.3051	531.912355	531.854183	531.938535	531.88909	
200.3155	531.975354	531.915269	532.001534	531.950176	
200.3256	532.035541	531.976356	532.061721	532.011263	
200.3358	532.095921	532.046169	532.122101	532.072349	
200.3459	532.1554	532.115982	532.18158	532.133436	
200.3561	532.214349	532.177069	532.240529	532.203249	
200.3663	532.273013	532.238155	532.299193	532.255609	
200.3763	532.330403	532.307969	532.356583	532.316695	
200.3865	532.387559	532.369055	532.413739	532.377782	
200.3966	532.443922	532.430142	532.470102	532.447595	
200.4068	532.499931	532.491228	532.526111	532.508681	
200.4171	532.55627	532.552315	532.58245	532.569768	
200.4271	532.610024	532.613401	532.636204	532.630854	
200.4372	532.663943	532.674488	532.690123	532.691941	
200.4473	532.71741	532.726848	532.74359	532.753028	
200.4574	532.770247	532.779207	532.796427	532.805387	
200.4676	532.822778	532.840294	532.848958	532.866474	
200.4778	532.874783	532.883927	532.900963	532.918834	
200.4879	532.925617	532.936287	532.951797	532.971194	
200.4981	532.976042	532.988647	533.002222	533.0061	
200.5082	533.02595	533.03228	533.052129	533.05846	
200.5184	533.075333	533.075913	533.101513	533.102093	
200.5285	533.123906	533.119547	533.150086	533.145727	
200.5387	533.171923	533.154453	533.198103	533.180633	
200.5488	533.219465	533.198086	533.245645	533.224266	
200.559	533.26641	533.232993	533.29259	533.2679	
200.5694	533.314026	533.2679	533.340206	533.302806	
200.5792	533.358048	533.311533	533.384227	533.346439	
200.5894	533.403197	533.355166	533.429377	533.381346	
200.5995	533.44762	533.398799	533.4738	533.424979	
200.6097	533.491313	533.442433	533.517493	533.459886	
200.6198	533.53462	533.477339	533.5608	533.503519	
200.6302	533.578042	533.529699	533.604222	533.547152	
200.6413	533.624079	533.573332	533.650259	533.599512	
200.6505	533.661745	533.616966	533.687925	533.634419	
200.6607	533.702555	533.651872	533.728735	533.686779	
200.6707	533.742391	533.704232	533.768571	533.730412	
200.6809	533.78195	533.747865	533.80813	533.774045	
200.691	533.820891	533.791498	533.847071	533.817678	
200.7011	533.859366	533.835132	533.885546	533.861312	
200.7113	533.897133	533.887492	533.923313	533.913671	
200.7214	533.934208	533.931125	533.960387	533.948578	
200.7316	533.971042	533.966031	533.997222	533.992211	
200.7417	534.007	534.000938	534.03318	534.035845	
200.7519	534.042456	534.035845	534.068635	534.079478	
200.762	534.077213	534.079478	534.103393	534.123111	
200.7722	534.111437	534.114384	534.137617	534.158018	
200.7823	534.145117	534.149291	534.171297	534.192924	
200.7924	534.177984	534.175471	534.204164	534.227831	
200.8026	534.210359	534.210377	534.236539	534.262737	
200.8127	534.242199	534.245284	534.268379	534.288917	
200.8228	534.273322	534.271464	534.299502	534.315097	
200.833	534.303944	534.297644	534.330124	534.341277	
200.8431	534.333968	534.315097	534.360148	534.367457	
200.8533	534.363395	534.341277	534.389575	534.393637	
200.8634	534.392207	534.35873	534.418387	534.41109	
200.8735	534.420406	534.38491	534.446586	534.43727	
200.8837	534.448081	534.402364	534.474261	534.454724	
200.8938	534.47507	534.419817	534.50125	534.472177	
200.9039	534.501563	534.445997	534.527743	534.498357	
200.9141	534.527414	534.46345	534.553594	534.51581	
200.9242	534.552661	534.48963	534.57884	534.54199	
200.9344	534.577403	534.507083	534.603583	534.559443	
200.9445	534.601478	534.533263	534.627658	534.576897	
200.9546	534.624961	534.559443	534.651141	534.611803	
200.9648	534.647914	534.585623	534.674093	534.629256	
200.9749	534.670201	534.611803	534.696381	534.64671	
200.985	534.691926	534.637983	534.718106	534.681616	
200.9951	534.713054	534.664163	534.739234	534.69907	
201.0053	534.73367	534.69907	534.75985	534.72525	
201.0154	534.753649	534.72525	534.779829	534.75143	
201.0256	534.77305	534.742703	534.79923	534.777609	
201.0357	534.791922	534.768883	534.818102	534.803789	
201.0459	534.810156	534.786336	534.836336	534.821243	
201.056	534.827791	534.803789	534.853971	534.847423	
201.0661	534.84487	534.821243	534.87105	534.864876	
201.0762	534.861386	534.838696	534.887566	534.891056	
201.0864	534.877368	534.856149	534.903548	534.908509	
201.0965	534.892673	534.873603	534.918853	534.925962	
201.1067	534.907492	534.882329	534.933672	534.943416	
201.1168	534.921749	534.899783	534.947929	534.960869	
201.127	534.935388	534.908509	534.961568	534.969596	
201.1371	534.948474	534.925962	534.974654	534.987049	
201.1472	534.961012	534.934689	534.987192	534.995776	
201.1574	534.972972	534.943416	534.999152	534.995776	
201.1675	534.984362	534.952142	535.010542	535.004502	
201.1776	534.995209	534.960869	535.021388	535.004502	
201.1879	535.005575	534.969596	535.031755	535.013229	
201.1979	535.01524	534.978322	535.04142	535.013229	
201.2081	535.02443	534.978322	535.05061	535.013229	
201.2182	535.033075	534.978322	535.059255	535.013229	
201.2283	535.041196	534.987049	535.067375	535.013229	
201.2385	535.048788	534.987049	535.074968	535.013229	
201.2486	535.055807	534.995776	535.081987	535.013229	
201.2587	535.062325	534.995776	535.088505	535.013229	
201.269	535.068379	535.004502	535.094559	535.013229	
201.279	535.073829	535.004502	535.100009	535.021956	
201.2892	535.078824	535.013229	535.105004	535.030682	
201.2993	535.083325	535.013229	535.109505	535.048135	
201.3094	535.087343	535.013229	535.113523	535.056862	
201.3196	535.090903	535.021956	535.117083	535.065589	
201.3297	535.093998	535.030682	535.120178	535.083042	
201.3399	535.096668	535.039409	535.122848	535.100495	
201.35	535.098925	535.048135	535.125104	535.100495	
201.3602	535.100798	535.048135	535.126978	535.109222	
201.3781	535.106561	535.065589	535.132741	535.117949	
201.3826	535.106561	535.074315	535.132741	535.117949	
201.3928	535.106561	535.083042	535.132741	535.117949	
201.4029	535.106561	535.083042	535.132741	535.117949	
201.4131	535.106561	535.083042	535.132741	535.117949	
201.4232	535.106561	535.091769	535.132741	535.117949	
201.4333	535.106561	535.091769	535.132741	535.109222	
201.4435	535.106561	535.091769	535.132741	535.109222	
201.4536	535.106561	535.091769	535.132741	535.109222	
201.4638	535.106561	535.083042	535.132741	535.117949	
201.4739	535.106561	535.083042	535.132741	535.117949	
201.484	535.106561	535.083042	535.132741	535.117949	
201.4942	535.106561	535.083042	535.132741	535.117949	
201.5043	535.106561	535.083042	535.132741	535.117949	
201.5144	535.106561	535.083042	535.132741	535.117949	
201.5246	535.106561	535.083042	535.132741	535.117949	
201.5348	535.106561	535.083042	535.132741	535.117949	
201.5449	535.106561	535.091769	535.132741	535.117949	
201.555	535.106561	535.083042	535.132741	535.117949	
201.5652	535.106561	535.083042	535.132741	535.117949	
201.5753	535.106561	535.083042	535.132741	535.117949	
201.5854	535.106561	535.083042	535.132741	535.117949	
201.5956	535.106561	535.083042	535.132741	535.117949	
201.6057	535.106561	535.083042	535.132741	535.117949	
201.6159	535.106561	535.083042	535.132741	535.117949	
201.626	535.106561	535.083042	535.132741	535.117949	
201.6361	535.106561	535.083042	535.132741	535.117949	
201.6464	535.106561	535.083042	535.132741	535.117949	
201.6564	535.106561	535.083042	535.132741	535.117949	
201.6666	535.106561	535.083042	535.132741	535.117949	
201.6767	535.106561	535.083042	535.132741	535.117949	
201.6869	535.106561	535.083042	535.132741	535.117949	
201.697	535.106561	535.083042	535.132741	535.117949	
201.7072	535.106561	535.083042	535.132741	535.117949	
201.7173	535.106561	535.083042	535.132741	535.117949	
201.7274	535.106561	535.083042	535.132741	535.117949	
201.7375	535.106561	535.083042	535.132741	535.117949	
201.7477	535.106561	535.083042	535.132741	535.117949	
201.7579	535.106561	535.083042	535.132741	535.117949	
201.768	535.106561	535.083042	535.132741	535.117949	
201.7781	535.106561	535.083042	535.132741	535.117949	
201.7883	535.106561	535.083042	535.132741	535.117949	
201.7984	535.106561	535.083042	535.132741	535.117949	
201.8085	535.106561	535.083042	535.132741	535.117949	
201.8187	535.106561	535.083042	535.132741	535.117949	
201.8289	535.106561	535.083042	535.132741	535.117949	
201.839	535.106561	535.083042	535.132741	535.117949	
201.8491	535.106561	535.083042	535.132741	535.117949	
201.8592	535.106561	535.083042	535.132741	535.117949	
201.8697	535.106561	535.083042	535.132741	535.117949	
201.8796	535.106561	535.083042	535.132741	535.117949	
201.8897	535.106561	535.083042	535.132741	535.117949	
201.8998	535.106561	535.083042	535.132741	535.117949	
201.91	535.106561	535.083042	535.132741	535.117949	
201.9201	535.106561	535.083042	535.132741	535.117949	
201.9303	535.106561	535.083042	535.132741	535.117949	
201.9404	535.106561	535.083042	535.132741	535.117949	
201.9505	535.106561	535.083042	535.132741	535.117949	
201.9607	535.106561	535.083042	535.132741	535.117949	
201.9708	535.106561	535.083042	535.132741	535.117949	
201.9809	535.106561	535.083042	535.132741	535.117949	
201.9911	535.106561	535.083042	535.132741	535.117949	
202.0012	535.106561	535.083042	535.132741	535.117949	
202.0113	535.106561	535.083042	535.132741	535.117949	
202.0215	535.106561	535.083042	535.132741	535.117949	
202.0316	535.106561	535.083042	535.132741	535.117949	
202.0418	535.106561	535.083042	535.132741	535.117949	
202.0519	535.106561	535.083042	535.132741	535.117949	
202.0621	535.106561	535.083042	535.132741	535.117949	
202.0725	535.106561	535.083042	535.132741	535.117949	
202.0826	535.106561	535.083042	535.132741	535.117949	
202.0927	535.106561	535.083042	535.132741	535.117949	
202.1029	535.106561	535.083042	535.132741	535.117949	
202.113	535.106561	535.083042	535.132741	535.117949	
202.1231	535.106561	535.083042	535.132741	535.117949	
202.1335	535.106561	535.083042	535.132741	535.117949	
202.1434	535.106561	535.083042	535.132741	535.117949	
202.1536	535.106561	535.083042	535.132741	535.117949	
202.1637	535.106561	535.083042	535.132741	535.117949	
202.1738	535.106561	535.083042	535.132741	535.117949	
202.184	535.106561	535.083042	535.132741	535.117949	
202.1941	535.106561	535.083042	535.132741	535.117949	
202.2043	535.106561	535.083042	535.132741	535.117949	
202.2144	535.106561	535.083042	535.132741	535.117949	
202.2245	535.106561	535.083042	535.132741	535.117949	
202.2347	535.106561	535.083042	535.132741	535.117949	
202.2449	535.106561	535.083042	535.132741	535.117949	
202.255	535.106561	535.083042	535.132741	535.117949	
202.2651	535.106561	535.083042	535.132741	535.117949	
202.2752	535.106561	535.083042	535.132741	535.117949	
202.2853	535.106561	535.083042	535.132741	535.117949	
202.2955	535.106561	535.083042	535.132741	535.117949	
202.3056	535.106561	535.083042	535.132741	535.117949	
202.3158	535.106561	535.083042	535.132741	535.117949	
202.3259	535.106561	535.083042	535.132741	535.117949	
202.336	535.106561	535.083042	535.132741	535.117949	
202.3462	535.106561	535.083042	535.132741	535.117949	
202.3563	535.106561	535.083042	535.132741	535.117949	
202.3665	535.106561	535.083042	535.132741	535.117949	
202.3766	535.106561	535.083042	535.132741	535.117949	
202.3867	535.106561	535.083042	535.132741	535.117949	
202.3969	535.106561	535.083042	535.132741	535.117949	
202.407	535.106561	535.083042	535.132741	535.117949	
202.4172	535.106561	535.091769	535.132741	535.117949	
202.4273	535.106561	535.091769	535.132741	535.117949	
202.4374	535.106561	535.091769	535.132741	535.117949	
202.4476	535.106561	535.091769	535.132741	535.117949	
202.4577	535.106561	535.091769	535.132741	535.117949	
202.4679	535.106561	535.091769	535.132741	535.117949	
202.478	535.106561	535.091769	535.132741	535.117949	
202.4881	535.106561	535.091769	535.132741	535.117949	
202.4983	535.106561	535.091769	535.132741	535.117949	
202.5085	535.106561	535.091769	535.132741	535.117949	
202.5186	535.106561	535.091769	535.132741	535.117949	
202.5287	535.106561	535.091769	535.132741	535.117949	
202.5389	535.106561	535.091769	535.132741	535.117949	
202.5492	535.106561	535.091769	535.132741	535.117949	
202.5592	535.106561	535.091769	535.132741	535.117949	
202.5693	535.106561	535.091769	535.132741	535.117949	
202.5794	535.106561	535.091769	535.132741	535.117949	
202.5896	535.106561	535.091769	535.132741	535.117949	
202.5998	535.106561	535.091769	535.132741	535.117949	
202.6099	535.106561	535.091769	535.132741	535.117949	
202.62	535.106561	535.091769	535.132741	535.117949	
202.6301	535.106561	535.091769	535.132741	535.117949	
202.6416	535.106561	535.091769	535.132741	535.117949	
202.6505	535.106561	535.091769	535.132741	535.117949	
202.6607	535.106561	535.091769	535.132741	535.117949	
202.6708	535.106561	535.091769	535.132741	535.117949	
202.6811	535.106561	535.091769	535.132741	535.117949	
202.691	535.106561	535.091769	535.132741	535.117949	
202.7012	535.106561	535.091769	535.132741	535.117949	
202.7113	535.106561	535.091769	535.132741	535.117949	
202.7214	535.106561	535.091769	535.132741	535.117949	
202.7316	535.106561	535.091769	535.132741	535.117949	
202.7417	535.106561	535.091769	535.132741	535.117949	
202.7519	535.106561	535.091769	535.132741	535.117949	
202.762	535.106561	535.091769	535.132741	535.117949	
202.7721	535.106561	535.091769	535.132741	535.117949	
202.7823	535.106561	535.091769	535.132741	535.117949	
202.7924	535.106561	535.091769	535.132741	535.117949	
202.8025	535.106561	535.091769	535.132741	535.117949	
202.8126	535.106561	535.091769	535.132741	535.117949	
202.8228	535.106561	535.091769	535.132741	535.117949	
202.8329	535.106561	535.091769	535.132741	535.117949	
202.8431	535.106561	535.091769	535.132741	535.117949	
202.8533	535.106561	535.091769	535.132741	535.117949	
202.8634	535.106561	535.091769	535.132741	535.117949	
202.8735	535.106561	535.091769	535.132741	535.117949	
202.8836	535.106561	535.091769	535.132741	535.117949	
202.8938	535.106561	535.091769	535.132741	535.117949	
202.904	535.106561	535.091769	535.132741	535.117949	
202.9141	535.106561	535.091769	535.132741	535.117949	
202.9242	535.106561	535.091769	535.132741	535.117949	
202.9344	535.106561	535.091769	535.132741	535.117949	
202.9445	535.106561	535.091769	535.132741	535.117949	
202.9546	535.106561	535.091769	535.132741	535.117949	
202.9647	535.106561	535.091769	535.132741	535.117949	
202.9749	535.106561	535.091769	535.132741	535.117949	
202.985	535.106561	535.091769	535.132741	535.117949	
202.9952	535.106561	535.091769	535.132741	535.117949	
203.0053	535.106561	535.091769	535.132741	535.117949	
203.0154	535.106561	535.091769	535.132741	535.117949	
203.0256	535.106561	535.091769	535.132741	535.117949	
203.0357	535.106561	535.091769	535.132741	535.117949	
203.0458	535.106561	535.091769	535.132741	535.117949	
203.056	535.106561	535.091769	535.132741	535.117949	
203.0661	535.106561	535.091769	535.132741	535.117949	
203.0763	535.106561	535.091769	535.132741	535.117949	
203.0865	535.106561	535.091769	535.132741	535.117949	
203.0965	535.106561	535.091769	535.132741	535.117949	
203.1067	535.106561	535.091769	535.132741	535.117949	
203.1168	535.106561	535.091769	535.132741	535.117949	
203.1269	535.106561	535.091769	535.132741	535.117949	
203.1371	535.106561	535.091769	535.132741	535.117949	
203.1472	535.106561	535.091769	535.132741	535.117949	
203.1574	535.106561	535.091769	535.132741	535.117949	
203.1676	535.106561	535.091769	535.132741	535.117949	
203.1777	535.106561	535.091769	535.132741	535.117949	
203.1879	535.106561	535.091769	535.132741	535.117949	
203.198	535.106561	535.091769	535.132741	535.117949	
203.2081	535.106561	535.091769	535.132741	535.117949	
203.2183	535.106561	535.091769	535.132741	535.117949	
203.2284	535.106561	535.091769	535.132741	535.117949	
203.2388	535.106561	535.091769	535.132741	535.117949	
203.2487	535.106561	535.091769	535.132741	535.117949	
203.2588	535.106561	535.091769	535.132741	535.117949	
203.2691	535.106561	535.091769	535.132741	535.117949	
203.2792	535.106561	535.091769	535.132741	535.117949	
203.2892	535.106561	535.091769	535.132741	535.117949	
203.2994	535.106561	535.091769	535.132741	535.117949	
203.3095	535.106561	535.091769	535.132741	535.117949	
203.3197	535.106561	535.091769	535.132741	535.117949	
203.3298	535.106561	535.091769	535.132741	535.117949	
203.3399	535.106561	535.091769	535.132741	535.117949	
203.3501	535.106561	535.091769	535.132741	535.117949	
203.3602	535.106561	535.091769	535.132741	535.117949	
203.3704	535.106561	535.091769	535.132741	535.117949	
203.3805	535.106561	535.091769	535.132741	535.117949	
203.3908	535.106561	535.091769	535.132741	535.117949	
203.4009	535.106561	535.091769	535.132741	535.117949	
203.411	535.106561	535.091769	535.132741	535.117949	
203.4211	535.106561	535.091769	535.132741	535.117949	
203.4313	535.106561	535.091769	535.132741	535.117949	
203.4414	535.106561	535.091769	535.132741	535.117949	
203.4516	535.106561	535.091769	535.132741	535.117949	
203.4618	535.106561	535.091769	535.132741	535.117949	
203.472	535.106561	535.091769	535.132741	535.117949	
203.4821	535.106561	535.091769	535.132741	535.117949	
203.4922	535.106561	535.091769	535.132741	535.117949	
203.5026	535.106561	535.091769	535.132741	535.117949	
203.5125	535.106561	535.091769	535.132741	535.117949	
203.5226	535.106561	535.091769	535.132741	535.117949	
203.5328	535.106561	535.091769	535.132741	535.117949	
203.5429	535.106561	535.091769	535.132741	535.117949	
203.5531	535.106561	535.091769	535.132741	535.117949	
203.5632	535.106561	535.091769	535.132741	535.117949	
203.5733	535.106561	535.091769	535.132741	535.117949	
203.5834	535.106561	535.091769	535.132741	535.117949	
203.5936	535.106561	535.091769	535.132741	535.117949	
203.6037	535.106561	535.091769	535.132741	535.117949	
203.6138	535.106561	535.091769	535.132741	535.117949	
203.624	535.106561	535.091769	535.132741	535.117949	
203.6342	535.106561	535.091769	535.132741	535.117949	
203.6465	535.106561	535.091769	535.132741	535.117949	
203.6545	535.106561	535.091769	535.132741	535.117949	
203.6646	535.106561	535.091769	535.132741	535.117949	
203.6747	535.106561	535.091769	535.132741	535.117949	
203.6848	535.106561	535.091769	535.132741	535.117949	
203.695	535.106561	535.091769	535.132741	535.117949	
203.7051	535.106561	535.091769	535.132741	535.117949	
203.7152	535.106561	535.091769	535.132741	535.117949	
203.7254	535.106561	535.091769	535.132741	535.117949	
203.7355	535.106561	535.091769	535.132741	535.117949	
203.7456	535.106561	535.091769	535.132741	535.117949	
203.7558	535.106561	535.091769	535.132741	535.117949	
203.766	535.106561	535.091769	535.132741	535.117949	
203.7761	535.106561	535.091769	535.132741	535.117949	
203.7862	535.106561	535.091769	535.132741	535.117949	
203.7965	535.106561	535.091769	535.132741	535.117949	
203.8067	535.106561	535.091769	535.132741	535.117949	
203.8168	535.106561	535.091769	535.132741	535.117949	
203.8269	535.106561	535.091769	535.132741	535.117949	
203.8371	535.106561	535.091769	535.132741	535.117949	
203.8472	535.106561	535.091769	535.132741	535.117949	
203.8573	535.106561	535.091769	535.132741	535.117949	
203.8675	535.106561	535.091769	535.132741	535.117949	
203.8777	535.106561	535.091769	535.132741	535.117949	
203.8879	535.106561	535.091769	535.132741	535.117949	
203.898	535.106561	535.091769	535.132741	535.117949	
203.9081	535.106561	535.091769	535.132741	535.117949	
203.9182	535.106561	535.091769	535.132741	535.117949	
203.9284	535.106561	535.091769	535.132741	535.117949	
203.9385	535.106561	535.091769	535.132741	535.117949	
203.9486	535.106561	535.091769	535.132741	535.117949	
203.9588	535.106561	535.091769	535.132741	535.117949	
203.969	535.106561	535.091769	535.132741	535.117949	
203.9791	535.106561	535.091769	535.132741	535.117949	
203.9892	535.106561	535.091769	535.132741	535.117949	
203.9993	535.106561	535.091769	535.132741	535.117949	
204.0095	535.106561	535.091769	535.132741	535.117949	
204.0196	535.106561	535.091769	535.132741	535.117949	
204.0298	535.106561	535.091769	535.132741	535.117949	
204.04	535.106561	535.091769	535.132741	535.117949	
204.0501	535.106561	535.091769	535.132741	535.117949	
204.0603	535.106561	535.091769	535.132741	535.117949	
204.0705	535.106561	535.091769	535.132741	535.117949	
204.0805	535.106561	535.091769	535.132741	535.117949	
204.0907	535.106561	535.091769	535.132741	535.117949	
204.1008	535.106561	535.091769	535.132741	535.117949	
204.1109	535.106561	535.091769	535.132741	535.117949	
204.1211	535.106561	535.091769	535.132741	535.117949	
204.1312	535.106561	535.091769	535.132741	535.117949	
204.1414	535.106561	535.091769	535.132741	535.117949	
204.1515	535.106561	535.091769	535.132741	535.117949	
204.1616	535.106561	535.091769	535.132741	535.117949	
204.1718	535.106561	535.091769	535.132741	535.117949	
204.1819	535.106561	535.091769	535.132741	535.117949	
204.1921	535.106561	535.091769	535.132741	535.117949	
204.2022	535.106561	535.091769	535.132741	535.117949	
204.2123	535.106561	535.091769	535.132741	535.117949	
204.2225	535.106561	535.091769	535.132741	535.117949	
204.2326	535.106561	535.091769	535.132741	535.117949	
204.2428	535.106561	535.091769	535.132741	535.117949	
204.2529	535.106561	535.091769	535.132741	535.117949	
204.263	535.106561	535.091769	535.132741	535.117949	
204.2732	535.106561	535.091769	535.132741	535.117949	
204.2833	535.106561	535.091769	535.132741	535.117949	
204.2934	535.106561	535.091769	535.132741	535.117949	
204.3036	535.106561	535.091769	535.132741	535.117949	
204.3137	535.106561	535.091769	535.132741	535.117949	
204.3238	535.106561	535.091769	535.132741	535.117949	
204.334	535.106561	535.091769	535.132741	535.117949	
204.3441	535.106561	535.091769	535.132741	535.117949	
204.3543	535.106561	535.091769	535.132741	535.117949	
204.3644	535.106561	535.091769	535.132741	535.117949	
204.3746	535.106561	535.091769	535.132741	535.117949	
204.3849	535.106561	535.091769	535.132741	535.117949	
204.3948	535.106561	535.091769	535.132741	535.117949	
204.405	535.106561	535.091769	535.132741	535.117949	
204.4151	535.106561	535.091769	535.132741	535.117949	
204.4253	535.106561	535.091769	535.132741	535.117949	
204.4354	535.106561	535.091769	535.132741	535.117949	
204.4455	535.106561	535.091769	535.132741	535.117949	
204.4556	535.106561	535.091769	535.132741	535.117949	
204.4658	535.106561	535.091769	535.132741	535.117949	
204.476	535.106561	535.091769	535.132741	535.117949	
204.4861	535.106561	535.091769	535.132741	535.117949	
204.4962	535.106561	535.091769	535.132741	535.117949	
204.5064	535.106561	535.091769	535.132741	535.117949	
204.5165	535.106561	535.091769	535.132741	535.117949	
204.5267	535.106561	535.091769	535.132741	535.117949	
204.5368	535.106561	535.091769	535.132741	535.117949	
204.5469	535.106561	535.091769	535.132741	535.117949	
204.5571	535.106561	535.091769	535.132741	535.117949	
204.5672	535.106561	535.091769	535.132741	535.117949	
204.5773	535.106561	535.091769	535.132741	535.117949	
204.5874	535.106561	535.091769	535.132741	535.117949	
204.5979	535.106561	535.091769	535.132741	535.117949	
204.608	535.106561	535.091769	535.132741	535.117949	
204.6181	535.106561	535.091769	535.132741	535.117949	
204.6282	535.106561	535.091769	535.132741	535.117949	
204.6385	535.106561	535.091769	535.132741	535.117949	
204.6583	535.106561	535.091769	535.132741	535.117949	
204.6628	535.106561	535.091769	535.132741	535.117949	
204.6729	535.106561	535.091769	535.132741	535.117949	
204.6831	535.106561	535.091769	535.132741	535.117949	
204.6932	535.106561	535.091769	535.132741	535.117949	
204.7034	535.106561	535.091769	535.132741	535.117949	
204.7135	535.106561	535.091769	535.132741	535.117949	
204.7236	535.106561	535.091769	535.132741	535.117949	
204.7338	535.106561	535.091769	535.132741	535.117949	
204.744	535.106561	535.091769	535.132741	535.117949	
204.754	535.106561	535.091769	535.132741	535.117949	
204.7642	535.106561	535.091769	535.132741	535.117949	
204.7743	535.106561	535.091769	535.132741	535.117949	
204.7845	535.106561	535.091769	535.132741	535.117949	
204.7946	535.106561	535.091769	535.132741	535.117949	
204.8047	535.106561	535.091769	535.132741	535.117949	
204.8149	535.106561	535.091769	535.132741	535.117949	
204.825	535.106561	535.091769	535.132741	535.117949	
204.8351	535.106561	535.091769	535.132741	535.117949	
204.8453	535.106561	535.091769	535.132741	535.117949	
204.8554	535.106561	535.091769	535.132741	535.117949	
204.8655	535.106561	535.091769	535.132741	535.117949	
204.8757	535.106561	535.091769	535.132741	535.117949	
204.8858	535.106561	535.091769	535.132741	535.117949	
204.896	535.106561	535.091769	535.132741	535.117949	
204.9061	535.106561	535.091769	535.132741	535.117949	
