120.006	3673.74244	3673.72609	3673.42828	3673.4032	
120.0105	3673.74317	3673.72609	3673.42901	3673.4032	
120.0207	3673.74559	3673.72609	3673.43143	3673.41193	
120.0308	3673.74861	3673.73482	3673.43445	3673.41193	
120.041	3673.75225	3673.74354	3673.43809	3673.41193	
120.0512	3673.75655	3673.74354	3673.44239	3673.42066	
120.0612	3673.76139	3673.74354	3673.44723	3673.42938	
120.0714	3673.7669	3673.75227	3673.45274	3673.43811	
120.0815	3673.77301	3673.75227	3673.45885	3673.44684	
120.0917	3673.77974	3673.761	3673.46558	3673.44684	
120.1019	3673.78714	3673.761	3673.47298	3673.44684	
120.112	3673.79507	3673.761	3673.48091	3673.45556	
120.1221	3673.80366	3673.761	3673.4895	3673.45556	
120.1323	3673.81293	3673.761	3673.49877	3673.46429	
120.1424	3673.82267	3673.761	3673.50851	3673.46429	
120.1525	3673.8331	3673.761	3673.51894	3673.47302	
120.1627	3673.84419	3673.761	3673.53003	3673.48174	
120.1728	3673.85582	3673.76972	3673.54166	3673.48174	
120.183	3673.86817	3673.77845	3673.55401	3673.49047	
120.1931	3673.88102	3673.78718	3673.56686	3673.4992	
120.2033	3673.8946	3673.7959	3673.58044	3673.50792	
120.2134	3673.90872	3673.81336	3673.59456	3673.51665	
120.2236	3673.92346	3673.83081	3673.6093	3673.5341	
120.2337	3673.93887	3673.85699	3673.62471	3673.54283	
120.2438	3673.95482	3673.88317	3673.64066	3673.56028	
120.254	3673.97143	3673.90062	3673.65727	3673.57774	
120.2642	3673.98874	3673.93553	3673.67458	3673.59519	
120.2743	3674.0066	3673.95298	3673.69244	3673.62137	
120.2845	3674.02505	3673.98789	3673.71089	3673.63882	
120.2945	3674.044	3674.01407	3673.72984	3673.665	
120.3047	3674.06375	3674.04025	3673.74959	3673.69118	
120.3149	3674.0841	3674.06643	3673.76994	3673.72609	
120.325	3674.10495	3674.09261	3673.79079	3673.761	
120.3351	3674.12654	3674.11879	3673.81238	3673.7959	
120.3452	3674.14863	3674.14497	3673.83447	3673.83081	
120.3555	3674.17157	3674.16242	3673.85741	3673.86572	
120.3656	3674.19497	3674.19733	3673.88081	3673.90062	
120.3757	3674.21884	3674.22351	3673.90469	3673.93553	
120.3859	3674.24358	3674.24969	3673.92942	3673.96171	
120.396	3674.2687	3674.26714	3673.95454	3673.98789	
120.4061	3674.29463	3674.30205	3673.98047	3674.01407	
120.4162	3674.32108	3674.3195	3674.00692	3674.04025	
120.4264	3674.34816	3674.34568	3674.034	3674.06643	
120.4366	3674.37599	3674.37186	3674.06183	3674.08388	
120.4467	3674.40418	3674.38931	3674.09002	3674.11006	
120.4568	3674.4331	3674.41549	3674.11894	3674.12751	
120.467	3674.46287	3674.44167	3674.14871	3674.14497	
120.4771	3674.49297	3674.46785	3674.17881	3674.17115	
120.4873	3674.52376	3674.49403	3674.20961	3674.17987	
120.4974	3674.55524	3674.52021	3674.24108	3674.20605	
120.5096	3674.59402	3674.54639	3674.27986	3674.22351	
120.5177	3674.62006	3674.5813	3674.3059	3674.24969	
120.5278	3674.65318	3674.60748	3674.33902	3674.26714	
120.538	3674.68706	3674.63366	3674.3729	3674.29332	
120.5481	3674.72161	3674.66857	3674.40745	3674.3195	
120.5582	3674.75667	3674.69475	3674.44251	3674.35441	
120.5684	3674.79241	3674.72965	3674.47825	3674.38931	
120.5785	3674.82879	3674.76456	3674.51464	3674.42422	
120.5887	3674.866	3674.79947	3674.55184	3674.46785	
120.5988	3674.90342	3674.8431	3674.58927	3674.51149	
120.609	3674.94165	3674.87801	3674.62749	3674.56385	
120.6192	3674.98066	3674.92164	3674.6665	3674.59875	
120.6293	3675.01991	3674.96527	3674.70575	3674.65984	
120.6394	3675.05996	3675.00891	3674.7458	3674.70347	
120.6496	3675.10079	3675.05254	3674.78663	3674.75583	
120.6597	3675.14193	3675.1049	3674.82777	3674.80819	
120.67	3675.1846	3675.15726	3674.87044	3674.86055	
120.6801	3675.22701	3675.20089	3674.91285	3674.90419	
120.6901	3675.26952	3675.24453	3674.95536	3674.94782	
120.7003	3675.31346	3675.29689	3674.9993	3675.00018	
120.7104	3675.35756	3675.34925	3675.0434	3675.05254	
120.7206	3675.403	3675.40161	3675.08884	3675.09617	
120.7306	3675.44817	3675.45397	3675.13401	3675.13981	
120.7408	3675.49441	3675.48887	3675.18025	3675.19217	
120.7509	3675.54113	3675.54123	3675.22698	3675.22707	
120.7611	3675.58866	3675.59359	3675.2745	3675.27071	
120.7712	3675.63683	3675.6285	3675.32267	3675.31434	
120.7813	3675.68542	3675.68086	3675.37126	3675.3667	
120.7915	3675.73467	3675.72449	3675.42051	3675.40161	
120.8016	3675.78452	3675.76812	3675.47036	3675.44524	
120.8118	3675.83515	3675.81176	3675.521	3675.48887	
120.8219	3675.88652	3675.85539	3675.57236	3675.54123	
120.8321	3675.93837	3675.90775	3675.62421	3675.58486	
120.8422	3675.99067	3675.95138	3675.67652	3675.6285	
120.8524	3676.04405	3676.00374	3675.72989	3675.68086	
120.8625	3676.09723	3676.04738	3675.78308	3675.72449	
120.8726	3676.15145	3676.09974	3675.83729	3675.77685	
120.8829	3676.20688	3676.1521	3675.89272	3675.82921	
120.893	3676.26241	3676.20446	3675.94825	3675.8903	
120.9034	3676.32132	3676.25682	3676.00716	3675.94266	
120.9171	3676.39725	3676.34408	3676.08309	3676.0212	
120.9272	3676.45462	3676.40517	3676.14046	3676.08228	
120.9374	3676.51296	3676.46626	3676.1988	3676.13464	
120.9477	3676.57273	3676.52734	3676.25857	3676.20446	
120.9577	3676.63135	3676.58843	3676.31719	3676.26554	
120.9678	3676.69112	3676.65824	3676.37696	3676.32663	
120.978	3676.75188	3676.71933	3676.43772	3676.39644	
120.9881	3676.8131	3676.78042	3676.49894	3676.45753	
120.9982	3676.87479	3676.85023	3676.56063	3676.51862	
121.0085	3676.93848	3676.91132	3676.62432	3676.58843	
121.0185	3677.00052	3676.98113	3676.68636	3676.65824	
121.0287	3677.06425	3677.04221	3676.75009	3676.71933	
121.0389	3677.12944	3677.1033	3676.81528	3676.78914	
121.049	3677.19432	3677.17311	3676.88016	3676.85896	
121.0591	3677.25927	3677.2342	3676.94511	3676.92004	
121.0692	3677.32527	3677.30401	3677.01111	3676.98985	
121.0794	3677.3923	3677.3651	3677.07814	3677.05094	
121.0895	3677.45957	3677.43491	3677.14541	3677.11203	
121.0996	3677.52778	3677.496	3677.21362	3677.18184	
121.1098	3677.59687	3677.56581	3677.28272	3677.25165	
121.1199	3677.66571	3677.63563	3677.35155	3677.32147	
121.1301	3677.73565	3677.70544	3677.42149	3677.39128	
121.1403	3677.80658	3677.76653	3677.49242	3677.45237	
121.1503	3677.87727	3677.84507	3677.56311	3677.52218	
121.1605	3677.94898	3677.91488	3677.63482	3677.59199	
121.1706	3678.0213	3677.98469	3677.70714	3677.67053	
121.1808	3678.09448	3678.06323	3677.78032	3677.74035	
121.1909	3678.16794	3678.13305	3677.85378	3677.81016	
121.201	3678.24212	3678.20286	3677.92796	3677.87997	
121.2112	3678.31692	3678.2814	3678.00276	3677.94979	
121.2213	3678.39224	3678.35121	3678.07808	3678.02833	
121.2314	3678.46837	3678.42975	3678.15421	3678.10687	
121.2416	3678.54538	3678.50829	3678.23122	3678.17668	
121.2519	3678.62347	3678.5781	3678.30931	3678.25522	
121.2619	3678.70054	3678.65664	3678.38638	3678.33376	
121.272	3678.7788	3678.73518	3678.46464	3678.4123	
121.2821	3678.85789	3678.81372	3678.54374	3678.49956	
121.2923	3678.93828	3678.90099	3678.62412	3678.5781	
121.3024	3679.01795	3678.97953	3678.70379	3678.65664	
121.3127	3679.10043	3679.05807	3678.78627	3678.74391	
121.3228	3679.18176	3679.13661	3678.86761	3678.83118	
121.3328	3679.26308	3679.22388	3678.94892	3678.91844	
121.343	3679.34625	3679.31114	3679.03209	3678.99698	
121.3533	3679.43062	3679.38968	3679.11646	3679.08425	
121.3633	3679.51357	3679.46822	3679.19941	3679.17152	
121.3735	3679.59923	3679.56422	3679.28507	3679.25878	
121.3835	3679.68343	3679.64276	3679.36927	3679.34605	
121.3937	3679.76938	3679.73875	3679.45522	3679.43332	
121.4038	3679.85606	3679.81729	3679.5419	3679.52058	
121.4142	3679.94509	3679.91328	3679.63094	3679.60785	
121.4243	3680.03309	3680.00055	3679.71894	3679.69512	
121.4343	3680.12009	3680.09654	3679.80593	3679.78238	
121.4446	3680.21072	3680.17508	3679.89656	3679.86965	
121.4546	3680.2984	3680.27107	3679.98424	3679.95691	
121.4647	3680.38868	3680.34961	3680.07452	3680.04418	
121.475	3680.48087	3680.44561	3680.16671	3680.14017	
121.4851	3680.57225	3680.53287	3680.25809	3680.22744	
121.4951	3680.66317	3680.62014	3680.34901	3680.32343	
121.5053	3680.75592	3680.70741	3680.44176	3680.4107	
121.5158	3680.85278	3680.8034	3680.53862	3680.49797	
121.5257	3680.9447	3680.89939	3680.63055	3680.60269	
121.5358	3681.03917	3680.99539	3680.72502	3680.68995	
121.5459	3681.13403	3681.08265	3680.81987	3680.78595	
121.5563	3681.23231	3681.17865	3680.91815	3680.88194	
121.5663	3681.32713	3681.28336	3681.01297	3680.97793	
121.5764	3681.42433	3681.37936	3681.11017	3681.07393	
121.5866	3681.52179	3681.47535	3681.20764	3681.16992	
121.5966	3681.6194	3681.57134	3681.30524	3681.26591	
121.6067	3681.7179	3681.66734	3681.40374	3681.37063	
121.6169	3681.81726	3681.77206	3681.50311	3681.46662	
121.6272	3681.91967	3681.86805	3681.60551	3681.56262	
121.6373	3682.01942	3681.96404	3681.70526	3681.65861	
121.6473	3682.11955	3682.06876	3681.80539	3681.76333	
121.6576	3682.22308	3682.17348	3681.90892	3681.86805	
121.6677	3682.32559	3682.2782	3682.01143	3681.97277	
121.6857	3682.50973	3682.47019	3682.19557	3682.15603	
121.6902	3682.55632	3682.51382	3682.24216	3682.20839	
121.7004	3682.66151	3682.62727	3682.34735	3682.31311	
121.7105	3682.7661	3682.73199	3682.45194	3682.41783	
121.7206	3682.87194	3682.84543	3682.55779	3682.52255	
121.7308	3682.97831	3682.95888	3682.66415	3682.62727	
121.7409	3683.08547	3683.0636	3682.77131	3682.73199	
121.751	3683.19296	3683.16832	3682.8788	3682.83671	
121.7612	3683.30141	3683.28177	3682.98725	3682.94143	
121.7714	3683.41076	3683.38649	3683.09661	3683.04615	
121.7815	3683.52001	3683.49121	3683.20585	3683.15087	
121.7916	3683.63011	3683.59593	3683.31595	3683.25559	
121.802	3683.74361	3683.70937	3683.42945	3683.36903	
121.812	3683.85312	3683.81409	3683.53896	3683.48248	
121.8221	3683.96545	3683.93627	3683.65129	3683.59593	
121.8323	3684.07792	3684.04099	3683.76377	3683.70937	
121.8425	3684.19243	3684.15443	3683.87827	3683.81409	
121.8526	3684.30552	3684.26788	3683.99136	3683.93627	
121.8627	3684.42007	3684.38132	3684.10591	3684.05844	
121.8729	3684.53607	3684.49477	3684.22191	3684.16316	
121.8831	3684.65163	3684.60822	3684.33747	3684.28533	
121.8932	3684.76748	3684.72166	3684.45332	3684.4075	
121.9035	3684.88652	3684.84384	3684.57236	3684.52095	
121.9136	3685.00329	3684.95728	3684.68913	3684.64312	
121.9238	3685.122	3685.07946	3684.80784	3684.7653	
121.9338	3685.23946	3685.1929	3684.9253	3684.88747	
121.9441	3685.36091	3685.30635	3685.04675	3685.00092	
121.9542	3685.48054	3685.42852	3685.16638	3685.13182	
121.9644	3685.60146	3685.54197	3685.2873	3685.24526	
121.9745	3685.72258	3685.67287	3685.40842	3685.37616	
121.9846	3685.84429	3685.78631	3685.53014	3685.49834	
122.0045	3686.083	3685.91721	3685.76884	3685.62923	
122.0091	3686.13826	3686.09175	3685.8241	3685.80377	
122.0273	3686.3572	3686.32737	3686.04304	3686.03066	
122.0438	3686.5549	3686.51063	3686.24074	3686.21392	
122.0634	3686.78945	3686.71134	3686.47529	3686.41463	
122.068	3686.84495	3686.85097	3686.53079	3686.55426	
122.0921	3687.13481	3687.0604	3686.82065	3686.75497	
122.0967	3687.18983	3687.21748	3686.87567	3686.92078	
122.1232	3687.50701	3687.46183	3687.19286	3687.1564	
122.1278	3687.56272	3687.61018	3687.24856	3687.30475	
122.1473	3687.79723	3687.85453	3687.48308	3687.5491	
122.1674	3688.03807	3688.06397	3687.72392	3687.75854	
122.1845	3688.24317	3688.19487	3687.92901	3687.89816	
122.1891	3688.29835	3688.34322	3687.9842	3688.04652	
122.2093	3688.54086	3688.57011	3688.2267	3688.27341	
122.2354	3688.8534	3688.82319	3688.53924	3688.51775	
122.2474	3688.99799	3689.00645	3688.68383	3688.69229	
122.2674	3689.23738	3689.23334	3688.92322	3688.91045	
122.2774	3689.35835	3689.34679	3689.04419	3689.01517	
122.2876	3689.48005	3689.45151	3689.1659	3689.11989	
122.2977	3689.6013	3689.56495	3689.28714	3689.22461	
122.3078	3689.72309	3689.6784	3689.40893	3689.33806	
122.318	3689.84523	3689.79184	3689.53107	3689.45151	
122.3281	3689.96621	3689.90529	3689.65205	3689.56495	
122.3382	3690.08775	3690.01001	3689.77359	3689.6784	
122.3486	3690.21171	3690.13218	3689.89755	3689.79184	
122.3586	3690.33256	3690.24563	3690.0184	3689.91402	
122.3688	3690.45424	3690.35908	3690.14008	3690.03619	
122.3789	3690.576	3690.48998	3690.26184	3690.16709	
122.389	3690.6976	3690.61215	3690.38344	3690.28926	
122.3991	3690.81829	3690.74305	3690.50414	3690.41144	
122.4093	3690.94114	3690.86522	3690.62698	3690.55106	
122.4195	3691.06283	3690.99612	3690.74867	3690.68196	
122.4295	3691.18285	3691.12702	3690.8687	3690.81286	
122.4397	3691.30501	3691.26665	3690.99086	3690.93504	
122.4498	3691.42662	3691.38882	3691.11246	3691.07466	
122.4599	3691.54813	3691.52845	3691.23398	3691.20556	
122.4701	3691.67032	3691.65062	3691.35616	3691.33646	
122.4802	3691.79063	3691.79025	3691.47647	3691.46736	
122.4904	3691.91131	3691.91242	3691.59715	3691.59826	
122.5007	3692.03318	3692.03459	3691.71902	3691.72916	
122.5127	3692.17325	3692.17422	3691.85909	3691.86006	
122.5208	3692.26792	3692.29639	3691.95376	3691.98223	
122.5312	3692.38815	3692.41857	3692.074	3692.11313	
122.5412	3692.50394	3692.54074	3692.18978	3692.22658	
122.5512	3692.61904	3692.66291	3692.30488	3692.35748	
122.5613	3692.73476	3692.76763	3692.4206	3692.47093	
122.5715	3692.85007	3692.8898	3692.53591	3692.58437	
122.5816	3692.96494	3692.99452	3692.65078	3692.70654	
122.5919	3693.07994	3693.10797	3692.76578	3692.81126	
122.6023	3693.1965	3693.21269	3692.88234	3692.92471	
122.6122	3693.30623	3693.31741	3692.99207	3693.02943	
122.6222	3693.4173	3693.42213	3693.10315	3693.12542	
122.6324	3693.5299	3693.52685	3693.21574	3693.23014	
122.6426	3693.64082	3693.63157	3693.32666	3693.33486	
122.6527	3693.75121	3693.73629	3693.43705	3693.43086	
122.663	3693.86216	3693.84101	3693.548	3693.53558	
122.6731	3693.97073	3693.94573	3693.65657	3693.6403	
122.6832	3694.07958	3694.05045	3693.76542	3693.73629	
122.6934	3694.18722	3694.15517	3693.87306	3693.83228	
122.7035	3694.29435	3694.25989	3693.98019	3693.937	
122.7136	3694.4002	3694.35588	3694.08604	3694.04172	
122.7237	3694.50672	3694.4606	3694.19256	3694.14644	
122.7339	3694.61208	3694.56532	3694.29792	3694.25116	
122.7442	3694.71846	3694.67877	3694.4043	3694.36461	
122.7543	3694.8227	3694.78349	3694.50854	3694.46933	
122.7645	3694.92699	3694.88821	3694.61283	3694.57405	
122.7745	3695.02875	3695.00165	3694.71459	3694.68749	
122.7846	3695.12988	3695.10637	3694.81572	3694.80094	
122.7947	3695.23167	3695.21109	3694.91751	3694.91439	
122.805	3695.33478	3695.31581	3695.02063	3695.01911	
122.815	3695.43354	3695.42926	3695.11938	3695.12383	
122.8251	3695.53343	3695.53398	3695.21927	3695.22855	
122.8353	3695.63296	3695.6387	3695.3188	3695.33327	
122.8455	3695.73206	3695.74342	3695.4179	3695.43799	
122.8556	3695.82993	3695.83941	3695.51577	3695.53398	
122.8657	3695.92681	3695.94413	3695.61265	3695.6387	
122.8758	3696.02382	3696.04885	3695.70966	3695.72596	
122.886	3696.12058	3696.14484	3695.80642	3695.82196	
122.8961	3696.21561	3696.24084	3695.90145	3695.91795	
122.9168	3696.40792	3696.33683	3696.09376	3696.00522	
122.9214	3696.45044	3696.47646	3696.13628	3696.13612	
122.9316	3696.54404	3696.57245	3696.22988	3696.23211	
122.9419	3696.63852	3696.66844	3696.32436	3696.3281	
122.9518	3696.72905	3696.76444	3696.41489	3696.41537	
122.9621	3696.82192	3696.8517	3696.50777	3696.51136	
122.9722	3696.91291	3696.93897	3696.59875	3696.59863	
122.9823	3697.00231	3697.02623	3696.68815	3696.6859	
122.9925	3697.09324	3697.1135	3696.77908	3696.77316	
123.0025	3697.18146	3697.20077	3696.8673	3696.86916	
123.0128	3697.27105	3697.27931	3696.95689	3696.94769	
123.0228	3697.35814	3697.35785	3697.04398	3697.03496	
123.033	3697.44577	3697.44511	3697.13161	3697.1135	
123.0431	3697.53246	3697.51493	3697.2183	3697.20077	
123.0532	3697.6184	3697.60219	3697.30424	3697.28803	
123.0634	3697.7039	3697.68946	3697.38974	3697.3753	
123.0735	3697.78885	3697.768	3697.47469	3697.46257	
123.0838	3697.87428	3697.84654	3697.56012	3697.54111	
123.0938	3697.95694	3697.93381	3697.64278	3697.62837	
123.104	3698.04005	3698.01235	3697.7259	3697.70691	
123.1142	3698.12356	3698.09961	3697.8094	3697.80291	
123.1245	3698.20691	3698.17815	3697.89275	3697.88145	
123.1344	3698.28579	3698.26542	3697.97163	3697.95999	
123.1445	3698.36664	3698.35268	3698.05248	3698.04725	
123.1546	3698.44642	3698.43995	3698.13226	3698.12579	
123.1648	3698.52613	3698.52722	3698.21197	3698.20433	
123.175	3698.60562	3698.60576	3698.29146	3698.2916	
123.1851	3698.68293	3698.6843	3698.36877	3698.37014	
123.1959	3698.76582	3698.77156	3698.45166	3698.44868	
123.2136	3698.8988	3698.84138	3698.58464	3698.52722	
123.2182	3698.93351	3698.9461	3698.61935	3698.63194	
123.2288	3699.01255	3699.02464	3698.69839	3698.71048	
123.2385	3699.08415	3699.10318	3698.77	3698.78902	
123.2487	3699.15948	3699.18172	3698.84532	3698.85883	
123.2589	3699.23359	3699.26026	3698.91943	3698.9461	
123.269	3699.30638	3699.33007	3698.99222	3699.02464	
123.2792	3699.37929	3699.40861	3699.06513	3699.10318	
123.2893	3699.4509	3699.47842	3699.13674	3699.17299	
123.2993	3699.5217	3699.54824	3699.20754	3699.2428	
123.3094	3699.59217	3699.61805	3699.27801	3699.31262	
123.3197	3699.66315	3699.68786	3699.34899	3699.3737	
123.3297	3699.73181	3699.75768	3699.41766	3699.44352	
123.3399	3699.80088	3699.81876	3699.48672	3699.5046	
123.3501	3699.86948	3699.88857	3699.55532	3699.56569	
123.3601	3699.93672	3699.94966	3699.62256	3699.62678	
123.3703	3700.00385	3700.01075	3699.68969	3699.69659	
123.3805	3700.07069	3700.07183	3699.75653	3699.75768	
123.3905	3700.1362	3700.13292	3699.82205	3699.81876	
123.4007	3700.20155	3700.20273	3699.88739	3699.87112	
123.4108	3700.26621	3700.26382	3699.95205	3699.94093	
123.421	3700.33028	3700.31618	3700.01612	3699.99329	
123.4311	3700.3936	3700.37727	3700.07944	3700.05438	
123.4413	3700.45665	3700.43835	3700.1425	3700.11547	
123.4515	3700.51914	3700.49944	3700.20498	3700.18528	
123.4615	3700.58051	3700.56053	3700.26635	3700.24637	
123.4717	3700.64147	3700.62161	3700.32731	3700.30745	
123.4818	3700.70194	3700.6827	3700.38778	3700.36854	
123.492	3700.76167	3700.74379	3700.44751	3700.42963	
123.5023	3700.82223	3700.80487	3700.50807	3700.49944	
123.5146	3700.89275	3700.86596	3700.57859	3700.5518	
123.5224	3700.93773	3700.93577	3700.62357	3700.61289	
123.5326	3700.99544	3700.99686	3700.68128	3700.67397	
123.5427	3701.0519	3701.05795	3700.73775	3700.74379	
123.5529	3701.10815	3701.11903	3700.79399	3700.79615	
123.563	3701.16372	3701.18012	3700.84956	3700.85723	
123.5731	3701.21849	3701.2412	3700.90433	3700.91832	
123.5833	3701.27297	3701.30229	3700.95881	3700.97068	
123.5934	3701.32664	3701.35465	3701.01248	3701.02304	
123.6036	3701.38004	3701.41574	3701.06588	3701.0754	
123.6137	3701.43244	3701.4681	3701.11828	3701.12776	
123.6238	3701.48426	3701.52918	3701.1701	3701.18012	
123.634	3701.53575	3701.57282	3701.22159	3701.23248	
123.6442	3701.5867	3701.62518	3701.27254	3701.27611	
123.6543	3701.63693	3701.66881	3701.32277	3701.32847	
123.6645	3701.68628	3701.72117	3701.37212	3701.3721	
123.6746	3701.73528	3701.7648	3701.42112	3701.42446	
123.6848	3701.78362	3701.80844	3701.46946	3701.4681	
123.6949	3701.83107	3701.85207	3701.51691	3701.51173	
123.705	3701.87824	3701.8957	3701.56408	3701.56409	
123.7152	3701.92487	3701.93934	3701.61071	3701.60772	
123.7253	3701.97065	3701.98297	3701.65649	3701.65136	
123.7355	3702.01617	3702.01788	3701.70201	3701.68626	
123.7456	3702.06094	3702.05278	3701.74678	3701.72117	
123.7558	3702.10502	3702.08769	3701.79086	3701.77353	
123.7659	3702.1482	3702.13132	3701.83404	3701.80844	
123.776	3702.19104	3702.17496	3701.87688	3701.85207	
123.7861	3702.23335	3702.21859	3701.91919	3701.8957	
123.7963	3702.27508	3702.26222	3701.96093	3701.93061	
123.8064	3702.31607	3702.29713	3702.00191	3701.98297	
123.8166	3702.35658	3702.34076	3702.04242	3702.01788	
123.8268	3702.39692	3702.3844	3702.08276	3702.06151	
123.8369	3702.43588	3702.42803	3702.12172	3702.10514	
123.8636	3702.53391	3702.50657	3702.21975	3702.17496	
123.8682	3702.55093	3702.55893	3702.23677	3702.22732	
123.8785	3702.58812	3702.60256	3702.27396	3702.27095	
123.8885	3702.62389	3702.64619	3702.30973	3702.30586	
123.8986	3702.65949	3702.6811	3702.34533	3702.34949	
123.9088	3702.69458	3702.71601	3702.38042	3702.3844	
123.9189	3702.72895	3702.75964	3702.41479	3702.4193	
123.929	3702.76273	3702.79455	3702.44857	3702.45421	
123.9393	3702.7962	3702.82945	3702.48204	3702.48912	
123.9493	3702.82864	3702.86436	3702.51448	3702.52402	
123.9674	3702.88457	3702.89054	3702.57041	3702.55893	
123.972	3702.89871	3702.9429	3702.58455	3702.59384	
123.9822	3702.92971	3702.96908	3702.61555	3702.62874	
123.9923	3702.95963	3703.00399	3702.64548	3702.66365	
124.0024	3702.98913	3703.03017	3702.67497	3702.68983	
124.0127	3703.01826	3703.06507	3702.7041	3702.71601	
124.0227	3703.04643	3703.09125	3702.73227	3702.74219	
124.0329	3703.0741	3703.11743	3702.75994	3702.76837	
124.043	3703.10139	3703.14361	3702.78723	3702.78582	
124.0531	3703.12784	3703.16979	3702.81369	3702.80327	
124.0633	3703.15391	3703.18725	3702.83975	3702.82945	
124.0735	3703.17929	3703.2047	3702.86513	3702.84691	
124.0836	3703.20409	3703.23088	3702.88993	3702.87309	
124.0937	3703.22821	3703.24833	3702.91405	3702.89054	
124.1039	3703.25183	3703.27451	3702.93767	3702.90799	
124.114	3703.27495	3703.29197	3702.96079	3702.92545	
124.1242	3703.29738	3703.30942	3702.98322	3702.9429	
124.1343	3703.31929	3703.32687	3703.00513	3702.96908	
124.1444	3703.34049	3703.34433	3703.02633	3702.99526	
124.1546	3703.36121	3703.35305	3703.04706	3703.01271	
124.1648	3703.38142	3703.37923	3703.06726	3703.03889	
124.1749	3703.40087	3703.38796	3703.08671	3703.05635	
124.1851	3703.41986	3703.40541	3703.1057	3703.08253	
124.1954	3703.43853	3703.42287	3703.12437	3703.09998	
124.2058	3703.45672	3703.44032	3703.14256	3703.11743	
124.2155	3703.47332	3703.45777	3703.15916	3703.13489	
124.2257	3703.48994	3703.48395	3703.17578	3703.15234	
124.2358	3703.50605	3703.50141	3703.19189	3703.16979	
124.2463	3703.52193	3703.51886	3703.20777	3703.18725	
124.256	3703.5363	3703.53631	3703.22214	3703.19597	
124.2662	3703.55067	3703.55377	3703.23651	3703.21343	
124.2763	3703.56445	3703.57122	3703.25029	3703.22215	
124.2865	3703.57765	3703.58867	3703.26349	3703.23961	
124.2966	3703.59031	3703.5974	3703.27615	3703.25706	
124.3067	3703.60238	3703.61485	3703.28822	3703.26579	
124.3169	3703.61397	3703.62358	3703.29981	3703.27451	
124.3271	3703.62493	3703.64103	3703.31077	3703.29197	
124.3371	3703.6353	3703.64976	3703.32114	3703.30069	
124.3473	3703.64519	3703.65849	3703.33103	3703.30942	
124.3574	3703.65448	3703.66721	3703.34032	3703.31815	
124.3675	3703.66325	3703.67594	3703.34909	3703.32687	
124.3779	3703.67162	3703.67594	3703.35746	3703.3356	
124.3878	3703.67919	3703.68467	3703.36503	3703.34433	
124.398	3703.68638	3703.69339	3703.37222	3703.35305	
124.4081	3703.69301	3703.69339	3703.37885	3703.35305	
124.4182	3703.69914	3703.69339	3703.38499	3703.36178	
124.4284	3703.70476	3703.69339	3703.3906	3703.36178	
124.4385	3703.70988	3703.69339	3703.39572	3703.36178	
124.4486	3703.71451	3703.69339	3703.40035	3703.36178	
124.4588	3703.71865	3703.69339	3703.40449	3703.37051	
124.469	3703.72233	3703.69339	3703.40817	3703.37051	
124.4791	3703.72554	3703.69339	3703.41138	3703.37051	
124.4892	3703.72833	3703.69339	3703.41417	3703.37051	
124.4994	3703.7307	3703.69339	3703.41654	3703.37051	
124.5095	3703.73266	3703.69339	3703.4185	3703.37051	
124.5197	3703.73427	3703.69339	3703.42011	3703.37051	
124.5298	3703.7389	3703.69339	3703.42474	3703.37051	
124.54	3703.7389	3703.69339	3703.42474	3703.37051	
124.5581	3703.7389	3703.69339	3703.42474	3703.37051	
124.5626	3703.7389	3703.69339	3703.42474	3703.37051	
124.5728	3703.7389	3703.69339	3703.42474	3703.37051	
124.583	3703.7389	3703.69339	3703.42474	3703.37051	
124.5931	3703.7389	3703.69339	3703.42474	3703.37051	
124.6033	3703.7389	3703.69339	3703.42474	3703.37051	
124.6136	3703.7389	3703.69339	3703.42474	3703.37051	
124.6236	3703.7389	3703.69339	3703.42474	3703.37051	
124.6337	3703.7389	3703.69339	3703.42474	3703.37051	
124.6439	3703.7389	3703.69339	3703.42474	3703.37051	
124.6541	3703.7389	3703.69339	3703.42474	3703.37051	
124.6642	3703.7389	3703.69339	3703.42474	3703.37051	
124.6743	3703.7389	3703.69339	3703.42474	3703.37051	
124.6844	3703.7389	3703.69339	3703.42474	3703.37051	
124.6946	3703.7389	3703.69339	3703.42474	3703.37051	
124.7047	3703.7389	3703.69339	3703.42474	3703.37051	
124.7149	3703.7389	3703.69339	3703.42474	3703.37051	
124.7251	3703.7389	3703.69339	3703.42474	3703.37051	
124.7351	3703.7389	3703.69339	3703.42474	3703.37051	
124.7453	3703.7389	3703.69339	3703.42474	3703.37051	
124.7555	3703.7389	3703.69339	3703.42474	3703.37051	
124.7656	3703.7389	3703.69339	3703.42474	3703.37051	
124.7757	3703.7389	3703.69339	3703.42474	3703.37051	
124.7859	3703.7389	3703.69339	3703.42474	3703.37051	
124.7963	3703.7389	3703.69339	3703.42474	3703.37051	
124.8062	3703.7389	3703.69339	3703.42474	3703.37051	
124.8163	3703.7389	3703.69339	3703.42474	3703.37051	
124.8264	3703.7389	3703.69339	3703.42474	3703.37051	
124.8366	3703.7389	3703.69339	3703.42474	3703.37051	
124.8467	3703.7389	3703.69339	3703.42474	3703.37051	
124.8569	3703.7389	3703.69339	3703.42474	3703.37051	
124.8671	3703.7389	3703.69339	3703.42474	3703.37051	
124.8771	3703.7389	3703.69339	3703.42474	3703.37051	
124.8873	3703.7389	3703.69339	3703.42474	3703.37051	
124.8974	3703.7389	3703.69339	3703.42474	3703.37051	
124.9166	3703.7389	3703.69339	3703.42474	3703.37051	
124.9211	3703.7389	3703.69339	3703.42474	3703.37051	
124.9411	3703.7389	3703.69339	3703.42474	3703.37051	
124.9458	3703.7389	3703.69339	3703.42474	3703.37051	
124.9559	3703.7389	3703.69339	3703.42474	3703.37051	
124.966	3703.7389	3703.69339	3703.42474	3703.37051	
124.9763	3703.7389	3703.69339	3703.42474	3703.37051	
124.9863	3703.7389	3703.69339	3703.42474	3703.37051	
124.9964	3703.7389	3703.69339	3703.42474	3703.37051	
125.0066	3703.7389	3703.69339	3703.42474	3703.37051	
125.0167	3703.7389	3703.69339	3703.42474	3703.37051	
125.0269	3703.7389	3703.69339	3703.42474	3703.37051	
125.0371	3703.7389	3703.69339	3703.42474	3703.37051	
125.0472	3703.7389	3703.69339	3703.42474	3703.37051	
125.0573	3703.7389	3703.69339	3703.42474	3703.37051	
125.0675	3703.7389	3703.69339	3703.42474	3703.37051	
125.0776	3703.7389	3703.69339	3703.42474	3703.37051	
125.0877	3703.7389	3703.69339	3703.42474	3703.37051	
125.0979	3703.7389	3703.69339	3703.42474	3703.37051	
125.108	3703.7389	3703.69339	3703.42474	3703.37051	
125.1182	3703.7389	3703.69339	3703.42474	3703.37051	
125.1283	3703.7389	3703.69339	3703.42474	3703.37051	
125.1384	3703.7389	3703.69339	3703.42474	3703.37051	
125.1486	3703.7389	3703.69339	3703.42474	3703.37051	
125.1587	3703.7389	3703.69339	3703.42474	3703.37051	
125.1688	3703.7389	3703.69339	3703.42474	3703.37051	
125.179	3703.7389	3703.69339	3703.42474	3703.37051	
125.1891	3703.7389	3703.69339	3703.42474	3703.37051	
125.1995	3703.7389	3703.69339	3703.42474	3703.37051	
125.2099	3703.7389	3703.69339	3703.42474	3703.37051	
125.2198	3703.7389	3703.69339	3703.42474	3703.37051	
125.2299	3703.7389	3703.69339	3703.42474	3703.37051	
125.2401	3703.7389	3703.69339	3703.42474	3703.37051	
125.2502	3703.7389	3703.69339	3703.42474	3703.37051	
125.2603	3703.7389	3703.69339	3703.42474	3703.37051	
125.2705	3703.7389	3703.69339	3703.42474	3703.37051	
125.2806	3703.7389	3703.69339	3703.42474	3703.37051	
125.2907	3703.7389	3703.69339	3703.42474	3703.37051	
125.3009	3703.7389	3703.69339	3703.42474	3703.37051	
125.311	3703.7389	3703.69339	3703.42474	3703.37051	
125.3212	3703.7389	3703.69339	3703.42474	3703.37051	
125.3314	3703.7389	3703.69339	3703.42474	3703.37051	
125.3415	3703.7389	3703.69339	3703.42474	3703.37051	
125.3516	3703.7389	3703.69339	3703.42474	3703.37051	
125.3617	3703.7389	3703.69339	3703.42474	3703.37051	
125.3719	3703.7389	3703.69339	3703.42474	3703.37051	
125.382	3703.7389	3703.69339	3703.42474	3703.37051	
125.3921	3703.7389	3703.69339	3703.42474	3703.37051	
125.4023	3703.7389	3703.69339	3703.42474	3703.37051	
125.4124	3703.7389	3703.69339	3703.42474	3703.37923	
125.4227	3703.7389	3703.70212	3703.42474	3703.37923	
125.4327	3703.7389	3703.70212	3703.42474	3703.37923	
125.4428	3703.7389	3703.71085	3703.42474	3703.38796	
125.453	3703.7389	3703.71957	3703.42474	3703.38796	
125.4634	3703.7389	3703.7283	3703.42474	3703.39669	
125.4733	3703.7389	3703.7283	3703.42474	3703.39669	
125.4836	3703.7389	3703.73703	3703.42474	3703.40541	
125.4937	3703.7389	3703.74575	3703.42474	3703.40541	
125.5038	3703.7389	3703.74575	3703.42474	3703.40541	
125.514	3703.7389	3703.74575	3703.42474	3703.40541	
125.5242	3703.7389	3703.75448	3703.42474	3703.40541	
125.5421	3703.7389	3703.75448	3703.42474	3703.40541	
125.5469	3703.7389	3703.75448	3703.42474	3703.39669	
125.5569	3703.7389	3703.76321	3703.42474	3703.39669	
125.5749	3703.7389	3703.76321	3703.42474	3703.39669	
125.5796	3703.7389	3703.76321	3703.42474	3703.39669	
125.5896	3703.7389	3703.75448	3703.42474	3703.40541	
125.5999	3703.7389	3703.75448	3703.42474	3703.40541	
125.6101	3703.7389	3703.75448	3703.42474	3703.41414	
125.6202	3703.7389	3703.74575	3703.42474	3703.41414	
125.6303	3703.7389	3703.74575	3703.42474	3703.41414	
125.6405	3703.7389	3703.74575	3703.42474	3703.42287	
125.6506	3703.7389	3703.74575	3703.42474	3703.42287	
125.6608	3703.7389	3703.75448	3703.42474	3703.42287	
125.6709	3703.7389	3703.75448	3703.42474	3703.42287	
125.6811	3703.7389	3703.75448	3703.42474	3703.42287	
125.6911	3703.7389	3703.75448	3703.42474	3703.42287	
125.7013	3703.7389	3703.75448	3703.42474	3703.42287	
125.7114	3703.7389	3703.75448	3703.42474	3703.42287	
125.7216	3703.7389	3703.75448	3703.42474	3703.42287	
125.7317	3703.7389	3703.75448	3703.42474	3703.42287	
125.7419	3703.7389	3703.75448	3703.42474	3703.42287	
125.752	3703.7389	3703.75448	3703.42474	3703.42287	
125.7622	3703.7389	3703.75448	3703.42474	3703.42287	
125.7723	3703.7389	3703.75448	3703.42474	3703.42287	
125.7825	3703.7389	3703.75448	3703.42474	3703.42287	
125.7926	3703.7389	3703.75448	3703.42474	3703.42287	
125.8028	3703.7389	3703.75448	3703.42474	3703.42287	
125.813	3703.7389	3703.75448	3703.42474	3703.42287	
125.8231	3703.7389	3703.75448	3703.42474	3703.42287	
125.8332	3703.7389	3703.75448	3703.42474	3703.42287	
125.8434	3703.7389	3703.75448	3703.42474	3703.42287	
125.8536	3703.7389	3703.75448	3703.42474	3703.42287	
125.8637	3703.7389	3703.75448	3703.42474	3703.42287	
125.8739	3703.7389	3703.75448	3703.42474	3703.42287	
125.884	3703.7389	3703.75448	3703.42474	3703.42287	
125.8942	3703.7389	3703.75448	3703.42474	3703.42287	
125.9042	3703.7389	3703.75448	3703.42474	3703.42287	
125.9144	3703.7389	3703.75448	3703.42474	3703.42287	
125.9245	3703.7389	3703.75448	3703.42474	3703.42287	
125.9347	3703.7389	3703.75448	3703.42474	3703.42287	
125.9449	3703.7389	3703.75448	3703.42474	3703.42287	
125.9549	3703.7389	3703.75448	3703.42474	3703.42287	
125.9651	3703.7389	3703.75448	3703.42474	3703.42287	
125.9752	3703.7389	3703.75448	3703.42474	3703.42287	
125.9854	3703.7389	3703.75448	3703.42474	3703.42287	
125.9956	3703.7389	3703.75448	3703.42474	3703.42287	
126.0057	3703.7389	3703.75448	3703.42474	3703.42287	
126.0161	3703.7389	3703.75448	3703.42474	3703.42287	
126.0258	3703.7389	3703.75448	3703.42474	3703.42287	
126.0361	3703.7389	3703.75448	3703.42474	3703.42287	
126.0462	3703.7389	3703.75448	3703.42474	3703.42287	
126.0564	3703.7389	3703.75448	3703.42474	3703.42287	
126.0665	3703.7389	3703.75448	3703.42474	3703.42287	
126.0767	3703.7389	3703.75448	3703.42474	3703.42287	
126.0868	3703.7389	3703.75448	3703.42474	3703.42287	
126.0969	3703.7389	3703.75448	3703.42474	3703.42287	
126.1072	3703.7389	3703.75448	3703.42474	3703.42287	
126.1173	3703.7389	3703.75448	3703.42474	3703.42287	
126.1274	3703.7389	3703.75448	3703.42474	3703.42287	
126.1375	3703.7389	3703.75448	3703.42474	3703.42287	
126.1477	3703.7389	3703.75448	3703.42474	3703.42287	
126.1578	3703.7389	3703.75448	3703.42474	3703.42287	
126.168	3703.7389	3703.75448	3703.42474	3703.42287	
126.1781	3703.7389	3703.75448	3703.42474	3703.42287	
126.1882	3703.7389	3703.75448	3703.42474	3703.42287	
126.1984	3703.7389	3703.75448	3703.42474	3703.42287	
126.2085	3703.7389	3703.75448	3703.42474	3703.42287	
126.2187	3703.7389	3703.75448	3703.42474	3703.42287	
126.2289	3703.7389	3703.75448	3703.42474	3703.42287	
126.239	3703.7389	3703.75448	3703.42474	3703.42287	
126.2491	3703.7389	3703.75448	3703.42474	3703.42287	
126.2594	3703.7389	3703.75448	3703.42474	3703.42287	
126.2694	3703.7389	3703.75448	3703.42474	3703.42287	
126.2796	3703.7389	3703.75448	3703.42474	3703.42287	
126.2897	3703.7389	3703.75448	3703.42474	3703.42287	
126.2999	3703.7389	3703.75448	3703.42474	3703.42287	
126.31	3703.7389	3703.75448	3703.42474	3703.42287	
126.3201	3703.7389	3703.75448	3703.42474	3703.42287	
126.3303	3703.7389	3703.75448	3703.42474	3703.42287	
126.3404	3703.7389	3703.75448	3703.42474	3703.42287	
126.3506	3703.7389	3703.75448	3703.42474	3703.42287	
126.3609	3703.7389	3703.75448	3703.42474	3703.42287	
126.3708	3703.7389	3703.75448	3703.42474	3703.42287	
126.381	3703.7389	3703.75448	3703.42474	3703.42287	
126.3911	3703.7389	3703.75448	3703.42474	3703.42287	
126.4013	3703.7389	3703.75448	3703.42474	3703.42287	
126.4114	3703.7389	3703.75448	3703.42474	3703.42287	
126.4215	3703.7389	3703.75448	3703.42474	3703.42287	
126.4317	3703.7389	3703.75448	3703.42474	3703.42287	
126.4418	3703.7389	3703.75448	3703.42474	3703.42287	
126.452	3703.7389	3703.75448	3703.42474	3703.42287	
126.4621	3703.7389	3703.75448	3703.42474	3703.42287	
126.4723	3703.7389	3703.75448	3703.42474	3703.42287	
126.4824	3703.7389	3703.75448	3703.42474	3703.42287	
126.4926	3703.7389	3703.75448	3703.42474	3703.42287	
126.5027	3703.7389	3703.75448	3703.42474	3703.42287	
126.5128	3703.7389	3703.75448	3703.42474	3703.42287	
126.5323	3703.7389	3703.75448	3703.42474	3703.42287	
126.537	3703.7389	3703.75448	3703.42474	3703.42287	
126.555	3703.7389	3703.75448	3703.42474	3703.42287	
126.5595	3703.7389	3703.75448	3703.42474	3703.42287	
126.5698	3703.7389	3703.75448	3703.42474	3703.42287	
126.5801	3703.7389	3703.75448	3703.42474	3703.42287	
126.5901	3703.7389	3703.75448	3703.42474	3703.42287	
126.6002	3703.7389	3703.75448	3703.42474	3703.42287	
126.6103	3703.7389	3703.75448	3703.42474	3703.42287	
126.6205	3703.7389	3703.75448	3703.42474	3703.42287	
126.6306	3703.7389	3703.75448	3703.42474	3703.42287	
126.6408	3703.7389	3703.75448	3703.42474	3703.42287	
126.6509	3703.7389	3703.75448	3703.42474	3703.42287	
126.6611	3703.7389	3703.75448	3703.42474	3703.42287	
126.6712	3703.7389	3703.75448	3703.42474	3703.42287	
126.6814	3703.7389	3703.75448	3703.42474	3703.42287	
126.6915	3703.7389	3703.75448	3703.42474	3703.42287	
126.7016	3703.7389	3703.75448	3703.42474	3703.42287	
126.7118	3703.7389	3703.75448	3703.42474	3703.42287	
126.7219	3703.7389	3703.75448	3703.42474	3703.42287	
126.732	3703.7389	3703.75448	3703.42474	3703.42287	
126.7422	3703.7389	3703.75448	3703.42474	3703.42287	
126.7523	3703.7389	3703.75448	3703.42474	3703.42287	
126.7625	3703.7389	3703.75448	3703.42474	3703.42287	
126.7726	3703.7389	3703.75448	3703.42474	3703.42287	
126.7827	3703.7389	3703.75448	3703.42474	3703.42287	
126.793	3703.7389	3703.75448	3703.42474	3703.42287	
126.8032	3703.7389	3703.75448	3703.42474	3703.42287	
126.8133	3703.7389	3703.75448	3703.42474	3703.42287	
126.8235	3703.7389	3703.75448	3703.42474	3703.42287	
126.8336	3703.7389	3703.75448	3703.42474	3703.42287	
126.8438	3703.7389	3703.75448	3703.42474	3703.42287	
126.8539	3703.7389	3703.75448	3703.42474	3703.42287	
126.864	3703.7389	3703.75448	3703.42474	3703.42287	
126.8742	3703.7389	3703.75448	3703.42474	3703.42287	
126.8845	3703.7389	3703.75448	3703.42474	3703.42287	
126.8944	3703.7389	3703.75448	3703.42474	3703.42287	
126.9058	3703.7389	3703.75448	3703.42474	3703.42287	
126.9148	3703.7389	3703.75448	3703.42474	3703.42287	
126.925	3703.7389	3703.75448	3703.42474	3703.42287	
126.935	3703.7389	3703.75448	3703.42474	3703.42287	
126.9452	3703.7389	3703.75448	3703.42474	3703.42287	
126.9553	3703.7389	3703.75448	3703.42474	3703.42287	
126.9733	3703.7389	3703.75448	3703.42474	3703.42287	
126.9778	3703.7389	3703.75448	3703.42474	3703.42287	
126.9881	3703.7389	3703.75448	3703.42474	3703.42287	
126.9982	3703.7389	3703.75448	3703.42474	3703.42287	
127.0084	3703.7389	3703.75448	3703.42474	3703.42287	
127.0185	3703.7389	3703.75448	3703.42474	3703.42287	
127.0286	3703.7389	3703.75448	3703.42474	3703.42287	
127.0388	3703.7389	3703.75448	3703.42474	3703.42287	
127.0489	3703.7389	3703.75448	3703.42474	3703.42287	
127.0591	3703.7389	3703.75448	3703.42474	3703.42287	
127.0692	3703.7389	3703.75448	3703.42474	3703.42287	
127.0794	3703.7389	3703.75448	3703.42474	3703.42287	
127.0895	3703.7389	3703.75448	3703.42474	3703.42287	
127.0997	3703.7389	3703.75448	3703.42474	3703.42287	
127.1098	3703.7389	3703.75448	3703.42474	3703.42287	
127.1199	3703.7389	3703.75448	3703.42474	3703.42287	
127.1301	3703.7389	3703.75448	3703.42474	3703.42287	
127.1402	3703.7389	3703.75448	3703.42474	3703.42287	
127.1503	3703.7389	3703.75448	3703.42474	3703.42287	
127.1605	3703.7389	3703.75448	3703.42474	3703.42287	
127.1706	3703.7389	3703.75448	3703.42474	3703.42287	
127.1808	3703.7389	3703.75448	3703.42474	3703.42287	
127.1909	3703.7389	3703.75448	3703.42474	3703.42287	
127.2014	3703.7389	3703.75448	3703.42474	3703.42287	
127.2112	3703.7389	3703.75448	3703.42474	3703.42287	
127.2214	3703.7389	3703.75448	3703.42474	3703.42287	
127.2315	3703.7389	3703.75448	3703.42474	3703.42287	
127.2416	3703.7389	3703.75448	3703.42474	3703.42287	
127.2518	3703.7389	3703.75448	3703.42474	3703.42287	
127.2618	3703.7389	3703.75448	3703.42474	3703.42287	
127.272	3703.7389	3703.75448	3703.42474	3703.42287	
127.2822	3703.7389	3703.75448	3703.42474	3703.42287	
127.2923	3703.7389	3703.75448	3703.42474	3703.42287	
127.3025	3703.7389	3703.75448	3703.42474	3703.42287	
127.3126	3703.7389	3703.75448	3703.42474	3703.42287	
127.3228	3703.7389	3703.75448	3703.42474	3703.42287	
127.333	3703.7389	3703.75448	3703.42474	3703.42287	
127.3431	3703.7389	3703.75448	3703.42474	3703.42287	
127.3532	3703.7389	3703.75448	3703.42474	3703.42287	
127.3634	3703.7389	3703.75448	3703.42474	3703.42287	
127.3736	3703.7389	3703.75448	3703.42474	3703.42287	
127.3837	3703.7389	3703.75448	3703.42474	3703.42287	
127.3938	3703.7389	3703.75448	3703.42474	3703.42287	
127.404	3703.7389	3703.75448	3703.42474	3703.42287	
127.4142	3703.7389	3703.75448	3703.42474	3703.42287	
127.4242	3703.7389	3703.75448	3703.42474	3703.42287	
127.4344	3703.7389	3703.75448	3703.42474	3703.42287	
127.4445	3703.7389	3703.75448	3703.42474	3703.42287	
127.4547	3703.7389	3703.75448	3703.42474	3703.42287	
127.4648	3703.7389	3703.75448	3703.42474	3703.42287	
127.475	3703.7389	3703.75448	3703.42474	3703.42287	
127.4851	3703.7389	3703.75448	3703.42474	3703.42287	
127.4952	3703.7389	3703.75448	3703.42474	3703.42287	
127.5053	3703.7389	3703.75448	3703.42474	3703.42287	
127.5157	3703.7389	3703.75448	3703.42474	3703.42287	
127.535	3703.7389	3703.75448	3703.42474	3703.42287	
127.5397	3703.7389	3703.75448	3703.42474	3703.42287	
127.5498	3703.7389	3703.75448	3703.42474	3703.42287	
127.5599	3703.7389	3703.75448	3703.42474	3703.42287	
127.5701	3703.7389	3703.75448	3703.42474	3703.42287	
127.5802	3703.7389	3703.75448	3703.42474	3703.42287	
127.5903	3703.7389	3703.75448	3703.42474	3703.42287	
127.6005	3703.7389	3703.75448	3703.42474	3703.42287	
127.6107	3703.7389	3703.75448	3703.42474	3703.42287	
127.6208	3703.7389	3703.75448	3703.42474	3703.42287	
127.6309	3703.7389	3703.75448	3703.42474	3703.42287	
127.641	3703.7389	3703.75448	3703.42474	3703.42287	
127.6512	3703.7389	3703.75448	3703.42474	3703.42287	
127.6613	3703.7389	3703.75448	3703.42474	3703.42287	
127.6715	3703.7389	3703.75448	3703.42474	3703.42287	
127.6816	3703.7389	3703.75448	3703.42474	3703.42287	
127.6918	3703.7389	3703.75448	3703.42474	3703.42287	
127.7019	3703.7389	3703.75448	3703.42474	3703.42287	
127.7121	3703.7389	3703.75448	3703.42474	3703.42287	
127.7222	3703.7389	3703.75448	3703.42474	3703.42287	
127.7323	3703.7389	3703.75448	3703.42474	3703.42287	
127.7425	3703.7389	3703.75448	3703.42474	3703.42287	
127.7527	3703.7389	3703.75448	3703.42474	3703.42287	
127.7628	3703.7389	3703.75448	3703.42474	3703.42287	
127.773	3703.7389	3703.75448	3703.42474	3703.42287	
127.7831	3703.7389	3703.75448	3703.42474	3703.42287	
127.7933	3703.7389	3703.75448	3703.42474	3703.42287	
127.8034	3703.7389	3703.75448	3703.42474	3703.42287	
127.8134	3703.7389	3703.75448	3703.42474	3703.42287	
127.8237	3703.7389	3703.75448	3703.42474	3703.42287	
127.8338	3703.7389	3703.75448	3703.42474	3703.42287	
127.844	3703.7389	3703.75448	3703.42474	3703.42287	
127.8542	3703.7389	3703.75448	3703.42474	3703.42287	
127.8642	3703.7389	3703.75448	3703.42474	3703.42287	
127.8744	3703.7389	3703.75448	3703.42474	3703.42287	
127.8845	3703.7389	3703.75448	3703.42474	3703.42287	
127.8947	3703.7389	3703.75448	3703.42474	3703.42287	
127.9048	3703.7389	3703.75448	3703.42474	3703.42287	
127.9149	3703.7389	3703.75448	3703.42474	3703.42287	
127.9251	3703.7389	3703.75448	3703.42474	3703.42287	
127.9353	3703.7389	3703.75448	3703.42474	3703.42287	
127.9454	3703.7389	3703.75448	3703.42474	3703.42287	
127.9556	3703.7389	3703.75448	3703.42474	3703.42287	
127.9657	3703.7389	3703.75448	3703.42474	3703.42287	
127.9758	3703.7389	3703.75448	3703.42474	3703.42287	
127.986	3703.7389	3703.75448	3703.42474	3703.42287	
127.9961	3703.7389	3703.75448	3703.42474	3703.42287	
128.0062	3703.7389	3703.75448	3703.42474	3703.42287	
128.0164	3703.7389	3703.75448	3703.42474	3703.42287	
128.0265	3703.7389	3703.75448	3703.42474	3703.42287	
