174.598	445.107565	445.085139	445.133745	445.111319	
174.6032	445.108139	445.085139	445.134319	445.111319	
174.6133	445.110028	445.093866	445.136208	445.111319	
174.6234	445.112512	445.093866	445.138692	445.111319	
174.6335	445.115624	445.093866	445.141804	445.111319	
174.6437	445.119364	445.093866	445.145544	445.120046	
174.6538	445.123698	445.093866	445.149878	445.128772	
174.664	445.128675	445.093866	445.154855	445.128772	
174.6741	445.134245	445.093866	445.160425	445.137499	
174.6843	445.140471	445.093866	445.16665	445.146226	
174.6944	445.147258	445.093866	445.173438	445.146226	
174.7045	445.154695	445.093866	445.180875	445.163679	
174.7147	445.162762	445.093866	445.188942	445.163679	
174.7248	445.17141	445.093866	445.19759	445.181132	
174.7349	445.180679	445.102592	445.206859	445.181132	
174.745	445.190568	445.102592	445.216748	445.198586	
174.7552	445.201086	445.111319	445.227266	445.207312	
174.7731	445.222039	445.128772	445.248219	445.216039	
174.7776	445.227219	445.137499	445.253399	445.224766	
174.7878	445.239826	445.154952	445.266006	445.233492	
174.7979	445.25283	445.163679	445.27901	445.242219	
174.808	445.266554	445.181132	445.292734	445.250945	
174.8182	445.280895	445.198586	445.307075	445.259672	
174.8285	445.296149	445.224766	445.322329	445.268399	
174.8384	445.311441	445.242219	445.337621	445.285852	
174.8486	445.327624	445.268399	445.353804	445.294579	
174.8587	445.344472	445.285852	445.370652	445.312032	
174.8689	445.361875	445.303305	445.388055	445.320759	
174.879	445.379963	445.329485	445.406143	445.346939	
174.8892	445.3987	445.346939	445.42488	445.364392	
174.8993	445.417902	445.373119	445.444082	445.390572	
174.9095	445.437958	445.399298	445.464138	445.408025	
174.9196	445.458385	445.416752	445.484565	445.434205	
174.9297	445.479471	445.442932	445.505651	445.460385	
174.94	445.501556	445.469112	445.527736	445.486565	
174.95	445.523662	445.486565	445.549842	445.512745	
174.9602	445.546657	445.512745	445.572836	445.538925	
174.9704	445.570452	445.530198	445.596632	445.565105	
174.9809	445.595535	445.556378	445.621715	445.591285	
174.9907	445.619538	445.582558	445.645718	445.608738	
175.0007	445.6448	445.608738	445.67098	445.634918	
175.0109	445.670873	445.634918	445.697053	445.661098	
175.021	445.697551	445.652371	445.723731	445.678551	
175.0312	445.72486	445.687278	445.75104	445.704731	
175.0413	445.752957	445.713458	445.779137	445.730911	
175.0514	445.781321	445.739638	445.807501	445.757091	
175.0616	445.810605	445.765818	445.836785	445.774544	
175.0805	445.867701	445.826904	445.893881	445.835631	
175.0851	445.881301	445.835631	445.907481	445.844357	
175.0952	445.912439	445.870537	445.938619	445.879264	
175.1054	445.944449	445.896717	445.970629	445.914171	
175.1155	445.976712	445.931624	446.002892	445.940351	
175.1256	446.009769	445.957804	446.035949	445.975257	
175.1358	446.043423	445.99271	446.069603	446.010164	
175.1459	446.077839	446.01889	446.104019	446.04507	
175.1561	446.112838	446.053797	446.139018	446.088704	
175.1662	446.148119	446.088704	446.174299	446.12361	
175.1763	446.184271	446.12361	446.210451	446.158517	
175.1865	446.221101	446.158517	446.247281	446.193423	
175.1966	446.258402	446.20215	446.284582	446.237057	
175.2068	446.296403	446.237057	446.322583	446.271963	
175.2168	446.334833	446.28069	446.361013	446.315596	
175.227	446.374145	446.315596	446.400325	446.35923	
175.2371	446.413959	446.35923	446.440139	446.402863	
175.2474	446.455039	446.402863	446.481219	446.437769	
175.2576	446.496402	446.446496	446.522582	446.481403	
175.2677	446.537949	446.490129	446.564129	446.525036	
175.2779	446.580377	446.525036	446.606557	446.568669	
175.288	446.623257	446.568669	446.649437	446.612302	
175.2982	446.666817	446.612302	446.692997	446.647209	
175.3084	446.711177	446.664662	446.737357	446.690842	
175.3185	446.755727	446.699569	446.781907	446.734475	
175.3286	446.801234	446.743202	446.827414	446.778109	
175.3388	446.847277	446.786835	446.873457	446.821742	
175.3491	446.894877	446.830468	446.921057	446.865375	
175.359	446.941094	446.874102	446.967274	446.909008	
175.3692	446.989051	446.917735	447.015231	446.961368	
175.3793	447.037403	446.961368	447.063583	446.996275	
175.3895	447.086768	447.013728	447.112948	447.048635	
175.3996	447.136152	447.057361	447.162332	447.100994	
175.4097	447.186418	447.109721	447.212598	447.144628	
175.4199	447.237642	447.153354	447.263822	447.196988	
175.43	447.289023	447.214441	447.315203	447.240621	
175.4401	447.341247	447.258074	447.367427	447.292981	
175.4503	447.394418	447.310434	447.420598	447.345341	
175.4605	447.447854	447.362794	447.474034	447.3977	
175.4706	447.501545	447.42388	447.527725	447.45006	
175.4807	447.556196	447.47624	447.582375	447.511147	
175.4909	447.61164	447.537327	447.63782	447.563507	
175.5011	447.66803	447.589687	447.69421	447.624593	
175.5111	447.723735	447.650773	447.749914	447.68568	
175.5212	447.780965	447.71186	447.807145	447.746766	
175.5314	447.838781	447.772946	447.864961	447.799126	
175.5416	447.897349	447.825306	447.923529	447.868939	
175.5517	447.956291	447.886393	447.982471	447.930026	
175.5619	448.016117	447.956206	448.042297	447.991112	
175.572	448.07639	448.008566	448.10257	448.052199	
175.5824	448.138878	448.078379	448.165058	448.113285	
175.5926	448.200262	448.130739	448.226442	448.183099	
175.6029	448.263647	448.200552	448.289827	448.244185	
175.6128	448.324864	448.261638	448.351044	448.305272	
175.623	448.388125	448.322725	448.414305	448.366358	
175.6331	448.451983	448.383811	448.478163	448.427445	
175.6432	448.516515	448.444898	448.542695	448.497258	
175.6534	448.582042	448.514711	448.608222	448.558344	
175.6637	448.648692	448.575798	448.674872	448.619431	
175.6736	448.713858	448.636884	448.740038	448.680517	
175.6838	448.780843	448.697971	448.807023	448.741604	
175.6939	448.848344	448.767784	448.874524	448.811417	
175.7041	448.916732	448.82887	448.942912	448.872504	
175.7142	448.985471	448.898684	449.011651	448.942317	
175.7244	449.055186	448.968497	449.081366	449.01213	
175.7344	449.124836	449.03831	449.151016	449.073217	
175.7446	449.195511	449.11685	449.221691	449.14303	
175.7548	449.267216	449.186663	449.293396	449.212843	
175.7649	449.338761	449.265203	449.364941	449.291383	
175.775	449.411663	449.343743	449.437843	449.361196	
175.7851	449.484545	449.413556	449.510724	449.439736	
175.7953	449.558266	449.492096	449.584446	449.509549	
175.8132	449.691419	449.622995	449.717599	449.649175	
175.8177	449.724498	449.657902	449.750678	449.684082	
175.8279	449.800737	449.736442	449.826917	449.762622	
175.838	449.8767	449.806255	449.90288	449.841161	
175.8481	449.95375	449.876068	449.97993	449.919701	
175.8583	450.031355	449.963334	450.057535	449.998241	
175.8684	450.109756	450.041874	450.135936	450.076781	
175.8786	450.188635	450.120414	450.214815	450.155321	
175.8887	450.268132	450.198954	450.294312	450.242587	
175.8989	450.348213	450.277494	450.374393	450.3124	
175.909	450.429113	450.36476	450.455293	450.39094	
175.9192	450.510624	450.4433	450.536804	450.478207	
175.9293	450.592035	450.530566	450.618215	450.556746	
175.9394	450.674623	450.609106	450.700803	450.62656	
175.9496	450.758385	450.696373	450.784565	450.713826	
175.9597	450.841861	450.783639	450.868041	450.801092	
175.9699	450.926395	450.862179	450.952575	450.879632	
175.9801	451.012176	450.949445	451.038356	450.966899	
175.9902	451.097141	451.027985	451.123321	451.045439	
176.0081	451.250951	451.123978	451.27713	451.132705	
176.0126	451.289551	451.228698	451.315731	451.246151	
176.0227	451.376792	451.315965	451.402972	451.333418	
176.0329	451.465269	451.403231	451.491449	451.429411	
176.043	451.554153	451.490498	451.580333	451.516677	
176.0531	451.643413	451.586491	451.669593	451.603944	
176.0633	451.733521	451.673757	451.759701	451.708664	
176.0734	451.824173	451.761024	451.850353	451.79593	
176.0836	451.915906	451.857017	451.942086	451.883197	
176.0937	452.007739	451.944283	452.033919	451.970463	
176.1039	452.100519	452.040276	452.126699	452.05773	
176.114	452.193548	452.127543	452.219727	452.153723	
176.1242	452.287649	452.214809	452.313829	452.240989	
176.1342	452.381562	452.319529	452.407742	452.336982	
176.1444	452.476502	452.406795	452.502682	452.432975	
176.1545	452.572334	452.502789	452.598514	452.528968	
176.1647	452.6689	452.598782	452.69508	452.624962	
176.1748	452.765393	452.703501	452.791573	452.720955	
176.185	452.863186	452.790768	452.889366	452.825674	
176.1951	452.961112	452.886761	452.987292	452.930394	
176.2052	453.05978	452.982754	453.08596	453.026387	
176.2153	453.158886	453.087474	453.185066	453.12238	
176.2255	453.259213	453.17474	453.285393	453.2271	
176.2356	453.35944	453.270733	453.38562	453.323093	
176.2457	453.460461	453.366726	453.486641	453.419086	
176.2559	453.562583	453.46272	453.588763	453.515079	
176.266	453.664786	453.558713	453.690966	453.611073	
176.2762	453.768341	453.654706	453.794521	453.698339	
176.2863	453.871508	453.750699	453.897688	453.803059	
176.2965	453.975961	453.855419	454.00214	453.899052	
176.3066	454.081074	453.960138	454.107254	453.995045	
176.3167	454.18605	454.064858	454.21223	454.091038	
176.3269	454.29244	454.169578	454.31862	454.195758	
176.337	454.399003	454.274298	454.425183	454.300478	
176.3471	454.506406	454.387744	454.532585	454.413924	
176.3573	454.614404	454.501191	454.640584	454.52737	
176.3674	454.722922	454.60591	454.749102	454.640817	
176.3775	454.832034	454.719357	454.858214	454.754263	
176.3877	454.942035	454.832803	454.968215	454.86771	
176.3979	455.052842	454.937523	455.079022	454.989883	
176.408	455.163661	455.050969	455.189841	455.094602	
176.4183	455.280873	455.164416	455.307053	455.216776	
176.4283	455.388363	455.277862	455.414543	455.330222	
176.4386	455.507266	455.391308	455.533446	455.443668	
176.4497	455.627531	455.530935	455.653711	455.574568	
176.4596	455.738479	455.635655	455.764659	455.679288	
176.4697	455.85317	455.757828	455.87935	455.792734	
176.4798	455.968558	455.880001	455.994738	455.914907	
176.49	456.084711	456.002174	456.110891	456.028354	
176.5002	456.202307	456.124347	456.228487	456.1418	
176.5181	456.410437	456.24652	456.436617	456.263973	
176.5226	456.46325	456.394873	456.489429	456.412326	
176.5327	456.58149	456.508319	456.60767	456.525772	
176.5429	456.700924	456.630492	456.727104	456.656672	
176.553	456.820714	456.752665	456.846894	456.770119	
176.5632	456.941228	456.866112	456.967408	456.892292	
176.5733	457.062286	456.988285	457.088466	457.014465	
176.5842	457.193027	457.119184	457.219207	457.136638	
176.5943	457.314335	457.241357	457.340515	457.258811	
176.6045	457.436819	457.346077	457.462999	457.372257	
176.6146	457.557647	457.476977	457.583827	457.49443	
176.6247	457.679219	457.590423	457.705399	457.607877	
176.6349	457.801307	457.721323	457.827487	457.73005	
176.645	457.922411	457.843496	457.948591	457.852223	
176.6551	458.043731	457.974396	458.069911	457.974396	
176.6652	458.165543	458.087842	458.191723	458.096569	
176.6754	458.287739	458.218742	458.313919	458.218742	
176.6856	458.410271	458.340915	458.436451	458.340915	
176.6957	458.531495	458.463088	458.557675	458.471815	
176.7059	458.653319	458.593988	458.679499	458.585261	
176.7161	458.775767	458.707434	458.801947	458.716161	
176.7262	458.896703	458.838334	458.922883	458.838334	
176.7363	459.018275	458.960507	459.044455	458.969233	
176.7464	459.139967	459.08268	459.166147	459.091406	
176.7566	459.261587	459.196126	459.287767	459.213579	
176.7667	459.383303	459.327026	459.409483	459.344479	
176.7768	459.504755	459.440472	459.530935	459.475379	
176.787	459.626939	459.562645	459.653119	459.597552	
176.7971	459.748055	459.684818	459.774235	459.719725	
176.8072	459.869699	459.798265	459.895879	459.841898	
176.8174	459.991619	459.911711	460.017799	459.964071	
176.8275	460.113119	460.033884	460.139299	460.077517	
176.8377	460.235339	460.147331	460.261519	460.190964	
176.8478	460.356923	460.269504	460.383103	460.313137	
176.858	460.478255	460.38295	460.504435	460.426583	
176.8682	460.600727	460.496396	460.626907	460.54003	
176.8783	460.721963	460.61857	460.748143	460.653476	
176.8884	460.843175	460.732016	460.869355	460.775649	
176.8985	460.964903	460.845462	460.991083	460.889096	
176.9086	461.086571	460.967635	461.112751	461.011269	
176.9188	461.208455	461.081082	461.234635	461.133442	
176.929	461.330843	461.211981	461.357023	461.246888	
176.9391	461.451719	461.325428	461.477899	461.377788	
176.9492	461.573543	461.456328	461.599723	461.491234	
176.9594	461.695055	461.578501	461.721235	461.613407	
176.9695	461.816939	461.7094	461.843119	461.73558	
176.9796	461.938475	461.831573	461.964655	461.857753	
176.9898	462.060131	461.953746	462.086311	461.979926	
176.9999	462.181775	462.084646	462.207955	462.110826	
177.0101	462.303515	462.206819	462.329695	462.232999	
177.0204	462.427403	462.337719	462.453583	462.355172	
177.0386	462.645443	462.459892	462.671623	462.486072	
177.0431	462.699659	462.616972	462.725839	462.634425	
177.0532	462.821267	462.756598	462.847447	462.774051	
177.0633	462.942815	462.878771	462.968995	462.896224	
177.0735	463.064435	463.000944	463.090615	463.027124	
177.0836	463.185489	463.14057	463.211669	463.158024	
177.0938	463.30603	463.262743	463.33221	463.280197	
177.1039	463.425496	463.384916	463.451676	463.40237	
177.1141	463.544221	463.515816	463.570401	463.524543	
177.1243	463.663166	463.629262	463.689346	463.646716	
177.1343	463.780142	463.751436	463.806322	463.768889	
177.1445	463.897073	463.873609	463.923253	463.891062	
177.1546	464.013459	463.995782	464.039639	463.995782	
177.1648	464.129378	464.109228	464.155558	464.117955	
177.1749	464.244446	464.222674	464.270626	464.240128	
177.185	464.358957	464.336121	464.385137	464.344847	
177.1952	464.473144	464.449567	464.499324	464.458294	
177.2053	464.586416	464.563014	464.612596	464.57174	
177.2154	464.698666	464.67646	464.724846	464.685187	
177.2256	464.811712	464.78118	464.837892	464.798633	
177.2357	464.92288	464.8859	464.94906	464.903353	
177.2458	465.033741	464.990619	465.059921	465.016799	
177.256	465.143859	465.104066	465.170039	465.121519	
177.2661	465.253633	465.208785	465.279813	465.226239	
177.2763	465.362953	465.313505	465.389133	465.339685	
177.2864	465.471083	465.409498	465.497263	465.444405	
177.2965	465.578814	465.514218	465.604994	465.549125	
177.3066	465.685827	465.618938	465.712007	465.653844	
177.3168	465.792605	465.723658	465.818785	465.767291	
177.3269	465.898591	465.828377	465.924771	465.872011	
177.3371	466.004457	465.933097	466.030637	465.97673	
177.3473	466.109428	466.037817	466.135608	466.08145	
177.3574	466.213641	466.13381	466.239821	466.177443	
177.3675	466.316895	466.23853	466.343075	466.282163	
177.3777	466.420284	466.334523	466.446464	466.378156	
177.3881	466.524804	466.439243	466.550983	466.474149	
177.398	466.624031	466.543962	466.650211	466.578869	
177.4081	466.725333	466.639955	466.751513	466.683589	
177.4182	466.825666	466.744675	466.851846	466.788308	
177.4284	466.926187	466.849395	466.952367	466.884302	
177.4386	467.025175	466.954115	467.051355	466.989021	
177.4487	467.123573	467.050108	467.149753	467.093741	
177.4588	467.221878	467.154828	467.248058	467.198461	
177.469	467.319394	467.259547	467.345574	467.294454	
177.4794	467.419114	467.364267	467.445294	467.399174	
177.4893	467.512207	467.46026	467.538387	467.503893	
177.4998	467.611299	467.556253	467.637479	467.599887	
177.5096	467.703259	467.652246	467.729439	467.69588	
177.5196	467.796848	467.74824	467.823028	467.800599	
177.5298	467.89084	467.852959	467.91702	467.896593	
177.5399	467.983962	467.940226	468.010142	467.983859	
177.5501	468.076498	468.036219	468.102678	468.079852	
177.5603	468.168708	468.132212	468.194888	468.167119	
177.5704	468.260275	468.228205	468.286455	468.254385	
177.5818	468.361427	468.315472	468.387607	468.350378	
177.5907	468.4409	468.411465	468.46708	468.437645	
177.6008	468.530046	468.498731	468.556226	468.524911	
177.6112	468.620993	468.585998	468.647173	468.612178	
177.6211	468.70708	468.681991	468.73326	468.708171	
177.6312	468.794551	468.760531	468.820731	468.795437	
177.6413	468.881573	468.847797	468.907753	468.882704	
177.6515	468.968269	468.935063	468.994449	468.961243	
177.6618	469.054758	469.013603	469.080938	469.04851	
177.6719	469.139795	469.10087	469.165975	469.12705	
177.6819	469.223684	469.17941	469.249864	469.214316	
177.6921	469.308167	469.257949	469.334347	469.292856	
177.7022	469.390966	469.336489	469.417145	469.371396	
177.7123	469.473458	469.423756	469.499638	469.441209	
177.7225	469.555903	469.502295	469.582083	469.519749	
177.7326	469.637238	469.580835	469.663418	469.607015	
177.7428	469.71809	469.668102	469.74427	469.685555	
177.7531	469.799615	469.746642	469.825794	469.755368	
177.7631	469.878248	469.833908	469.904428	469.842635	
177.7732	469.957011	469.912448	469.983191	469.929901	
177.7833	470.035281	469.999714	470.061461	470.008441	
177.7936	470.114626	470.086981	470.140806	470.086981	
177.8036	470.190461	470.165521	470.216641	470.174247	
177.8138	470.267484	470.24406	470.293664	470.252787	
177.8239	470.343104	470.331327	470.369284	470.340053	
177.834	470.418185	470.40114	470.444365	470.418593	
177.8442	470.49376	470.470953	470.51994	470.497133	
177.8543	470.56723	470.549493	470.59341	470.575673	
177.8644	470.640861	470.628033	470.667041	470.654213	
177.8746	470.713836	470.697846	470.740016	470.724026	
177.8847	470.786102	470.767659	470.812282	470.802566	
177.8948	470.857681	470.837472	470.883861	470.872379	
177.905	470.928805	470.916012	470.954985	470.942192	
177.9151	470.999393	470.985825	471.025573	471.012005	
177.9253	471.069261	471.055638	471.095441	471.081818	
177.9354	471.138459	471.125452	471.164639	471.151632	
177.9455	471.207121	471.186538	471.233301	471.212718	
177.9556	471.275061	471.256351	471.301241	471.282531	
177.9658	471.342938	471.317438	471.369118	471.352344	
177.9759	471.409508	471.378524	471.435688	471.413431	
177.9861	471.475692	471.448338	471.501872	471.483244	
177.9963	471.541708	471.509424	471.567888	471.544331	
178.0064	471.606355	471.570511	471.632535	471.605417	
178.0165	471.670619	471.62287	471.696799	471.67523	
178.0266	471.734492	471.683957	471.760672	471.745044	
178.0368	471.797921	471.745044	471.824101	471.797403	
178.0469	471.860238	471.797403	471.886418	471.85849	
178.0571	471.92227	471.85849	471.94845	471.919576	
178.0672	471.983709	471.919576	472.009889	471.980663	
178.0773	472.044273	471.971936	472.070453	472.033023	
178.0875	472.10443	472.033023	472.13061	472.094109	
178.0976	472.164049	472.094109	472.190228	472.146469	
178.1078	472.223365	472.155196	472.249545	472.207556	
178.1179	472.281154	472.216282	472.307334	472.259916	
178.128	472.338906	472.286096	472.365086	472.321002	
178.1382	472.396138	472.347182	472.422318	472.373362	
178.1484	472.452771	472.408269	472.478951	472.434449	
178.1584	472.508358	472.460629	472.534538	472.495535	
178.1686	472.56379	472.530442	472.58997	472.547895	
178.1788	472.618839	472.582802	472.645019	472.617708	
178.1889	472.672428	472.635161	472.698608	472.670068	
178.199	472.725888	472.696248	472.752068	472.722428	
178.2092	472.778878	472.748608	472.805058	472.783514	
178.2193	472.830894	472.800968	472.857074	472.835874	
178.2294	472.882494	472.844601	472.908674	472.896961	
178.2396	472.933548	472.896961	472.959728	472.949321	
178.2497	472.983946	472.949321	473.010126	473.001681	
178.2598	473.033815	473.001681	473.059995	473.05404	
178.27	473.082926	473.05404	473.109106	473.097674	
178.2801	473.131621	473.088947	473.157801	473.141307	
178.2903	473.17982	473.141307	473.205999	473.193667	
178.3005	473.227426	473.193667	473.253606	473.246027	
178.3105	473.273775	473.228573	473.299955	473.280933	
178.3207	473.319937	473.280933	473.346117	473.333293	
178.3308	473.365627	473.324566	473.391807	473.376926	
178.3409	473.410405	473.3682	473.436585	473.42056	
178.3511	473.454885	473.403106	473.481065	473.455466	
178.3612	473.498656	473.455466	473.524836	473.499099	
178.3715	473.542156	473.490373	473.568336	473.542733	
178.3816	473.584534	473.534006	473.610714	473.577639	
178.3917	473.626294	473.577639	473.652474	473.621272	
178.4018	473.667851	473.612546	473.694031	473.664906	
178.4119	473.708382	473.656179	473.734562	473.699812	
178.4317	473.784853	473.734719	473.811033	473.778352	
178.4362	473.802631	473.752172	473.828811	473.795805	
178.4463	473.841129	473.795805	473.867309	473.839439	
178.4565	473.87927	473.839439	473.90545	473.874345	
178.4666	473.916774	473.883072	473.942953	473.909252	
178.4767	473.953719	473.926705	473.979899	473.952885	
178.4869	473.990091	473.961612	474.016271	473.987792	
178.497	474.025676	473.996518	474.051855	474.031425	
178.5072	474.06087	474.031425	474.08705	474.066331	
178.5173	474.095393	474.066331	474.121573	474.101238	
178.5275	474.129297	474.109965	474.155477	474.144871	
178.5379	474.163491	474.144871	474.189671	474.179778	
178.5479	474.195925	474.179778	474.222105	474.214684	
178.5581	474.22798	474.205958	474.25416	474.249591	
178.5682	474.259534	474.240864	474.285714	474.284498	
178.5783	474.290418	474.275771	474.316597	474.310678	
178.5886	474.321184	474.310678	474.347364	474.345584	
178.5987	474.350649	474.336857	474.376829	474.363037	
178.6088	474.379754	474.363037	474.405934	474.397944	
178.6191	474.408515	474.389217	474.434695	474.424124	
178.6295	474.43715	474.415397	474.46333	474.450304	
178.6393	474.463539	474.441577	474.489719	474.467757	
178.6494	474.49026	474.459031	474.51644	474.493937	
178.6596	474.516477	474.48521	474.542657	474.51139	
178.6697	474.542135	474.502664	474.568315	474.53757	
178.6799	474.567085	474.520117	474.593265	474.555024	
178.69	474.591798	474.546297	474.617978	474.572477	
178.7002	474.615284	474.56375	474.641464	474.598657	
178.7103	474.638516	474.58993	474.664696	474.624837	
178.7205	474.661066	474.607383	474.687246	474.64229	
178.7305	474.682967	474.624837	474.709147	474.66847	
178.7407	474.704476	474.651017	474.730656	474.685923	
178.7508	474.725232	474.66847	474.751412	474.712103	
178.761	474.745464	474.69465	474.771643	474.729557	
178.7711	474.765155	474.712103	474.791335	474.74701	
178.7814	474.784534	474.729557	474.810714	474.781916	
178.7915	474.802974	474.755736	474.829154	474.79937	
178.8017	474.821052	474.77319	474.847232	474.816823	
178.8119	474.838348	474.79937	474.864528	474.834276	
178.822	474.855035	474.816823	474.881215	474.85173	
178.8321	474.871215	474.834276	474.897395	474.87791	
178.8423	474.886839	474.860456	474.913019	474.886636	
178.8524	474.901892	474.869183	474.928072	474.912816	
178.8625	474.916301	474.895363	474.94248	474.921543	
178.8726	474.930169	474.904089	474.956349	474.938996	
178.8828	474.94353	474.921543	474.96971	474.956449	
178.8929	474.95625	474.938996	474.98243	474.973903	
178.9031	474.968434	474.947723	474.994614	474.982629	
178.9132	474.980052	474.956449	475.006232	474.991356	
178.9234	474.991186	474.965176	475.017366	475.000083	
178.9334	475.001619	474.973903	475.027799	475.008809	
178.9436	475.011572	474.973903	475.037752	475.026263	
178.9537	475.021001	474.982629	475.047181	475.026263	
178.9639	475.029847	474.991356	475.056027	475.026263	
178.974	475.038163	474.991356	475.064343	475.034989	
178.9841	475.045958	475.000083	475.072138	475.034989	
178.9943	475.053193	475.008809	475.079373	475.034989	
179.0044	475.060041	475.008809	475.086221	475.034989	
179.0146	475.066133	475.008809	475.092313	475.034989	
179.0247	475.071814	475.008809	475.097994	475.034989	
179.0349	475.077015	475.017536	475.103195	475.043716	
179.045	475.081687	475.026263	475.107867	475.043716	
179.0551	475.085888	475.026263	475.112067	475.043716	
179.0652	475.089617	475.034989	475.115797	475.043716	
179.0754	475.092891	475.034989	475.119071	475.052442	
179.0855	475.095725	475.034989	475.121905	475.061169	
179.0956	475.098132	475.043716	475.124312	475.061169	
179.106	475.100172	475.043716	475.126352	475.069896	
179.116	475.101791	475.043716	475.127971	475.078622	
179.1261	475.106561	475.043716	475.132741	475.087349	
179.1362	475.106561	475.043716	475.132741	475.096076	
179.1464	475.106561	475.043716	475.132741	475.096076	
179.1566	475.106561	475.043716	475.132741	475.096076	
179.1666	475.106561	475.043716	475.132741	475.104802	
179.1768	475.106561	475.052442	475.132741	475.104802	
179.187	475.106561	475.052442	475.132741	475.104802	
179.1971	475.106561	475.061169	475.132741	475.104802	
179.2072	475.106561	475.061169	475.132741	475.104802	
179.2173	475.106561	475.061169	475.132741	475.104802	
179.2275	475.106561	475.069896	475.132741	475.104802	
179.2376	475.106561	475.069896	475.132741	475.104802	
179.2477	475.106561	475.069896	475.132741	475.104802	
179.2579	475.106561	475.069896	475.132741	475.104802	
179.268	475.106561	475.069896	475.132741	475.104802	
179.2782	475.106561	475.069896	475.132741	475.104802	
179.2883	475.106561	475.069896	475.132741	475.104802	
179.2985	475.106561	475.069896	475.132741	475.104802	
179.3086	475.106561	475.069896	475.132741	475.104802	
179.3188	475.106561	475.069896	475.132741	475.104802	
179.3289	475.106561	475.069896	475.132741	475.104802	
179.3391	475.106561	475.069896	475.132741	475.104802	
179.3492	475.106561	475.069896	475.132741	475.104802	
179.3593	475.106561	475.069896	475.132741	475.104802	
179.3694	475.106561	475.069896	475.132741	475.104802	
179.3796	475.106561	475.069896	475.132741	475.104802	
179.3898	475.106561	475.069896	475.132741	475.104802	
179.3999	475.106561	475.069896	475.132741	475.104802	
179.41	475.106561	475.069896	475.132741	475.104802	
179.4201	475.106561	475.069896	475.132741	475.104802	
179.4381	475.106561	475.069896	475.132741	475.104802	
179.4426	475.106561	475.069896	475.132741	475.104802	
179.4528	475.106561	475.069896	475.132741	475.104802	
179.4629	475.106561	475.069896	475.132741	475.104802	
179.473	475.106561	475.069896	475.132741	475.104802	
179.4832	475.106561	475.069896	475.132741	475.104802	
179.4933	475.106561	475.069896	475.132741	475.104802	
179.5036	475.106561	475.069896	475.132741	475.104802	
179.5136	475.106561	475.069896	475.132741	475.104802	
179.5237	475.106561	475.069896	475.132741	475.104802	
179.5339	475.106561	475.069896	475.132741	475.104802	
179.544	475.106561	475.069896	475.132741	475.104802	
179.5541	475.106561	475.069896	475.132741	475.104802	
179.5644	475.106561	475.069896	475.132741	475.104802	
179.5744	475.106561	475.069896	475.132741	475.104802	
179.5851	475.106561	475.069896	475.132741	475.104802	
179.5947	475.106561	475.069896	475.132741	475.104802	
179.605	475.106561	475.069896	475.132741	475.104802	
179.615	475.106561	475.069896	475.132741	475.104802	
179.6252	475.106561	475.069896	475.132741	475.104802	
179.6353	475.106561	475.069896	475.132741	475.104802	
179.6455	475.106561	475.069896	475.132741	475.104802	
179.6556	475.106561	475.069896	475.132741	475.104802	
179.6657	475.106561	475.069896	475.132741	475.104802	
179.6759	475.106561	475.069896	475.132741	475.104802	
179.686	475.106561	475.069896	475.132741	475.104802	
179.6961	475.106561	475.069896	475.132741	475.104802	
179.7063	475.106561	475.069896	475.132741	475.104802	
179.7165	475.106561	475.069896	475.132741	475.104802	
179.7265	475.106561	475.069896	475.132741	475.104802	
179.7367	475.106561	475.069896	475.132741	475.104802	
179.7468	475.106561	475.069896	475.132741	475.104802	
179.757	475.106561	475.069896	475.132741	475.104802	
179.7671	475.106561	475.069896	475.132741	475.104802	
179.7772	475.106561	475.069896	475.132741	475.104802	
179.7874	475.106561	475.069896	475.132741	475.104802	
179.7975	475.106561	475.069896	475.132741	475.104802	
179.8076	475.106561	475.069896	475.132741	475.104802	
179.8179	475.106561	475.069896	475.132741	475.104802	
179.8279	475.106561	475.069896	475.132741	475.104802	
179.8381	475.106561	475.069896	475.132741	475.104802	
179.8482	475.106561	475.069896	475.132741	475.104802	
179.8584	475.106561	475.069896	475.132741	475.104802	
179.8685	475.106561	475.069896	475.132741	475.104802	
179.8786	475.106561	475.069896	475.132741	475.104802	
179.8888	475.106561	475.069896	475.132741	475.104802	
179.899	475.106561	475.069896	475.132741	475.104802	
179.9091	475.106561	475.069896	475.132741	475.104802	
179.9192	475.106561	475.069896	475.132741	475.104802	
179.9293	475.106561	475.069896	475.132741	475.104802	
179.9395	475.106561	475.069896	475.132741	475.104802	
179.9496	475.106561	475.069896	475.132741	475.104802	
179.9598	475.106561	475.069896	475.132741	475.104802	
179.9699	475.106561	475.069896	475.132741	475.104802	
179.98	475.106561	475.069896	475.132741	475.104802	
179.9902	475.106561	475.069896	475.132741	475.104802	
180.0081	475.106561	475.069896	475.132741	475.104802	
180.0126	475.106561	475.069896	475.132741	475.104802	
180.0227	475.106561	475.069896	475.132741	475.104802	
180.0329	475.106561	475.069896	475.132741	475.104802	
180.043	475.106561	475.069896	475.132741	475.104802	
180.0532	475.106561	475.069896	475.132741	475.104802	
180.0633	475.106561	475.069896	475.132741	475.104802	
180.0734	475.106561	475.069896	475.132741	475.104802	
180.0836	475.106561	475.069896	475.132741	475.104802	
180.0937	475.106561	475.069896	475.132741	475.104802	
180.1038	475.106561	475.069896	475.132741	475.104802	
180.114	475.106561	475.069896	475.132741	475.104802	
180.1241	475.106561	475.069896	475.132741	475.104802	
180.1343	475.106561	475.069896	475.132741	475.104802	
180.1444	475.106561	475.069896	475.132741	475.104802	
180.1546	475.106561	475.069896	475.132741	475.104802	
180.1647	475.106561	475.069896	475.132741	475.104802	
180.1748	475.106561	475.069896	475.132741	475.104802	
180.1849	475.106561	475.069896	475.132741	475.104802	
180.1951	475.106561	475.069896	475.132741	475.104802	
180.2052	475.106561	475.069896	475.132741	475.104802	
180.2153	475.106561	475.069896	475.132741	475.104802	
180.2255	475.106561	475.069896	475.132741	475.104802	
180.2356	475.106561	475.069896	475.132741	475.104802	
180.2458	475.106561	475.069896	475.132741	475.104802	
180.2559	475.106561	475.069896	475.132741	475.104802	
180.266	475.106561	475.069896	475.132741	475.104802	
180.2762	475.106561	475.069896	475.132741	475.104802	
180.2863	475.106561	475.069896	475.132741	475.104802	
180.2964	475.106561	475.069896	475.132741	475.104802	
180.3066	475.106561	475.069896	475.132741	475.104802	
180.3168	475.106561	475.069896	475.132741	475.104802	
180.3269	475.106561	475.069896	475.132741	475.104802	
180.337	475.106561	475.069896	475.132741	475.104802	
180.3472	475.106561	475.069896	475.132741	475.104802	
180.3573	475.106561	475.069896	475.132741	475.104802	
180.3674	475.106561	475.069896	475.132741	475.104802	
180.3776	475.106561	475.069896	475.132741	475.104802	
180.3878	475.106561	475.069896	475.132741	475.104802	
180.398	475.106561	475.069896	475.132741	475.104802	
180.4081	475.106561	475.069896	475.132741	475.104802	
180.4184	475.106561	475.069896	475.132741	475.104802	
180.4285	475.106561	475.069896	475.132741	475.104802	
180.4385	475.106561	475.069896	475.132741	475.104802	
180.4487	475.106561	475.069896	475.132741	475.104802	
180.4588	475.106561	475.069896	475.132741	475.104802	
180.469	475.106561	475.069896	475.132741	475.104802	
180.4791	475.106561	475.069896	475.132741	475.104802	
180.4892	475.106561	475.069896	475.132741	475.104802	
180.4993	475.106561	475.069896	475.132741	475.104802	
180.5095	475.106561	475.069896	475.132741	475.104802	
180.5196	475.106561	475.069896	475.132741	475.104802	
180.5298	475.106561	475.069896	475.132741	475.104802	
180.5399	475.106561	475.069896	475.132741	475.104802	
180.5501	475.106561	475.069896	475.132741	475.104802	
180.5603	475.106561	475.069896	475.132741	475.104802	
180.5705	475.106561	475.069896	475.132741	475.104802	
180.5806	475.106561	475.069896	475.132741	475.104802	
180.6007	475.106561	475.069896	475.132741	475.104802	
180.6053	475.106561	475.069896	475.132741	475.104802	
180.6154	475.106561	475.069896	475.132741	475.104802	
180.6256	475.106561	475.069896	475.132741	475.104802	
180.6357	475.106561	475.069896	475.132741	475.104802	
180.6459	475.106561	475.069896	475.132741	475.104802	
180.656	475.106561	475.069896	475.132741	475.104802	
180.6661	475.106561	475.069896	475.132741	475.104802	
180.6764	475.106561	475.069896	475.132741	475.104802	
180.6864	475.106561	475.069896	475.132741	475.104802	
180.6966	475.106561	475.069896	475.132741	475.113529	
180.7067	475.106561	475.069896	475.132741	475.113529	
180.7169	475.106561	475.069896	475.132741	475.113529	
180.727	475.106561	475.069896	475.132741	475.122256	
180.7371	475.106561	475.069896	475.132741	475.122256	
180.7473	475.106561	475.069896	475.132741	475.130982	
180.7574	475.106561	475.069896	475.132741	475.130982	
180.7675	475.106561	475.069896	475.132741	475.130982	
180.7777	475.106561	475.078622	475.132741	475.130982	
180.7879	475.106561	475.078622	475.132741	475.122256	
180.798	475.106561	475.078622	475.132741	475.122256	
180.8082	475.106561	475.078622	475.132741	475.122256	
180.8183	475.106561	475.087349	475.132741	475.122256	
180.8285	475.106561	475.096076	475.132741	475.122256	
180.8386	475.106561	475.104802	475.132741	475.122256	
180.8487	475.106561	475.104802	475.132741	475.122256	
180.8589	475.106561	475.113529	475.132741	475.122256	
180.869	475.106561	475.113529	475.132741	475.122256	
180.8792	475.106561	475.113529	475.132741	475.122256	
180.8893	475.106561	475.113529	475.132741	475.122256	
180.8994	475.106561	475.113529	475.132741	475.122256	
180.9096	475.106561	475.113529	475.132741	475.122256	
180.9197	475.106561	475.113529	475.132741	475.122256	
180.9299	475.106561	475.113529	475.132741	475.122256	
180.94	475.106561	475.113529	475.132741	475.122256	
180.9501	475.106561	475.113529	475.132741	475.122256	
180.9603	475.106561	475.113529	475.132741	475.122256	
180.9705	475.106561	475.113529	475.132741	475.122256	
180.9806	475.106561	475.113529	475.132741	475.122256	
180.9909	475.106561	475.113529	475.132741	475.122256	
181.0008	475.106561	475.113529	475.132741	475.122256	
181.0109	475.106561	475.113529	475.132741	475.122256	
181.0211	475.106561	475.113529	475.132741	475.122256	
181.0312	475.106561	475.113529	475.132741	475.122256	
181.0414	475.106561	475.113529	475.132741	475.122256	
181.0515	475.106561	475.113529	475.132741	475.122256	
181.0616	475.106561	475.113529	475.132741	475.122256	
181.0718	475.106561	475.113529	475.132741	475.122256	
181.0819	475.106561	475.113529	475.132741	475.122256	
181.0921	475.106561	475.113529	475.132741	475.122256	
181.1022	475.106561	475.113529	475.132741	475.122256	
181.1124	475.106561	475.113529	475.132741	475.122256	
181.1225	475.106561	475.113529	475.132741	475.122256	
181.1327	475.106561	475.113529	475.132741	475.122256	
181.1428	475.106561	475.113529	475.132741	475.122256	
181.1529	475.106561	475.113529	475.132741	475.122256	
181.1631	475.106561	475.113529	475.132741	475.122256	
181.1732	475.106561	475.113529	475.132741	475.122256	
181.1833	475.106561	475.113529	475.132741	475.122256	
181.1935	475.106561	475.113529	475.132741	475.122256	
181.2036	475.106561	475.113529	475.132741	475.122256	
181.2137	475.106561	475.113529	475.132741	475.122256	
181.2239	475.106561	475.113529	475.132741	475.122256	
181.234	475.106561	475.113529	475.132741	475.122256	
181.2442	475.106561	475.113529	475.132741	475.122256	
181.2543	475.106561	475.113529	475.132741	475.122256	
181.2644	475.106561	475.113529	475.132741	475.122256	
181.2745	475.106561	475.113529	475.132741	475.122256	
181.2847	475.106561	475.113529	475.132741	475.122256	
181.2948	475.106561	475.113529	475.132741	475.122256	
181.305	475.106561	475.113529	475.132741	475.122256	
181.3151	475.106561	475.113529	475.132741	475.122256	
181.3252	475.106561	475.113529	475.132741	475.122256	
181.3354	475.106561	475.113529	475.132741	475.122256	
181.3455	475.106561	475.113529	475.132741	475.122256	
181.3556	475.106561	475.113529	475.132741	475.122256	
181.3658	475.106561	475.113529	475.132741	475.122256	
181.3759	475.106561	475.113529	475.132741	475.122256	
181.3861	475.106561	475.113529	475.132741	475.122256	
181.3962	475.106561	475.113529	475.132741	475.122256	
181.4063	475.106561	475.113529	475.132741	475.122256	
181.4165	475.106561	475.113529	475.132741	475.122256	
181.4266	475.106561	475.113529	475.132741	475.122256	
181.4368	475.106561	475.113529	475.132741	475.122256	
181.4469	475.106561	475.113529	475.132741	475.122256	
181.457	475.106561	475.113529	475.132741	475.122256	
181.4672	475.106561	475.113529	475.132741	475.122256	
181.4773	475.106561	475.113529	475.132741	475.122256	
181.4874	475.106561	475.113529	475.132741	475.122256	
181.4976	475.106561	475.113529	475.132741	475.122256	
181.5078	475.106561	475.113529	475.132741	475.122256	
181.518	475.106561	475.113529	475.132741	475.122256	
181.5281	475.106561	475.113529	475.132741	475.122256	
181.5382	475.106561	475.113529	475.132741	475.122256	
181.5484	475.106561	475.113529	475.132741	475.122256	
181.5585	475.106561	475.113529	475.132741	475.122256	
181.5686	475.106561	475.113529	475.132741	475.122256	
181.5788	475.106561	475.113529	475.132741	475.122256	
181.5896	475.106561	475.113529	475.132741	475.122256	
181.5991	475.106561	475.113529	475.132741	475.122256	
181.6093	475.106561	475.113529	475.132741	475.122256	
181.6194	475.106561	475.113529	475.132741	475.122256	
181.6295	475.106561	475.113529	475.132741	475.122256	
181.6396	475.106561	475.113529	475.132741	475.122256	
181.6498	475.106561	475.113529	475.132741	475.122256	
181.6599	475.106561	475.113529	475.132741	475.122256	
181.6701	475.106561	475.113529	475.132741	475.122256	
181.6803	475.106561	475.113529	475.132741	475.122256	
181.6904	475.106561	475.113529	475.132741	475.122256	
181.7006	475.106561	475.113529	475.132741	475.122256	
181.7107	475.106561	475.113529	475.132741	475.122256	
181.7208	475.106561	475.113529	475.132741	475.122256	
181.7309	475.106561	475.113529	475.132741	475.122256	
181.7411	475.106561	475.113529	475.132741	475.122256	
181.7512	475.106561	475.113529	475.132741	475.122256	
181.7614	475.106561	475.113529	475.132741	475.122256	
181.7715	475.106561	475.113529	475.132741	475.122256	
181.7816	475.106561	475.113529	475.132741	475.122256	
181.7918	475.106561	475.113529	475.132741	475.122256	
181.802	475.106561	475.113529	475.132741	475.122256	
181.8121	475.106561	475.113529	475.132741	475.122256	
181.8222	475.106561	475.113529	475.132741	475.122256	
181.8324	475.106561	475.113529	475.132741	475.122256	
181.8425	475.106561	475.113529	475.132741	475.122256	
181.8527	475.106561	475.113529	475.132741	475.122256	
181.8628	475.106561	475.113529	475.132741	475.122256	
181.8729	475.106561	475.113529	475.132741	475.122256	
181.8831	475.106561	475.113529	475.132741	475.122256	
181.8932	475.106561	475.113529	475.132741	475.122256	
181.9033	475.106561	475.113529	475.132741	475.122256	
181.9135	475.106561	475.113529	475.132741	475.122256	
181.9236	475.106561	475.113529	475.132741	475.122256	
181.9338	475.106561	475.113529	475.132741	475.122256	
181.9439	475.106561	475.113529	475.132741	475.122256	
181.954	475.106561	475.113529	475.132741	475.122256	
181.9641	475.106561	475.113529	475.132741	475.122256	
181.9743	475.106561	475.113529	475.132741	475.122256	
181.9844	475.106561	475.113529	475.132741	475.122256	
181.9946	475.106561	475.113529	475.132741	475.122256	
182.0047	475.106561	475.113529	475.132741	475.122256	
182.0148	475.106561	475.113529	475.132741	475.122256	
182.025	475.106561	475.113529	475.132741	475.122256	
182.0353	475.106561	475.113529	475.132741	475.122256	
182.0452	475.106561	475.113529	475.132741	475.122256	
182.0554	475.106561	475.113529	475.132741	475.122256	
182.0655	475.106561	475.113529	475.132741	475.122256	
182.0757	475.106561	475.113529	475.132741	475.122256	
182.0858	475.106561	475.113529	475.132741	475.122256	
182.0959	475.106561	475.113529	475.132741	475.122256	
182.1061	475.106561	475.113529	475.132741	475.122256	
182.1162	475.106561	475.113529	475.132741	475.122256	
182.1264	475.106561	475.113529	475.132741	475.122256	
182.1365	475.106561	475.113529	475.132741	475.122256	
182.1467	475.106561	475.113529	475.132741	475.122256	
182.1568	475.106561	475.113529	475.132741	475.122256	
182.1669	475.106561	475.113529	475.132741	475.122256	
182.1771	475.106561	475.113529	475.132741	475.122256	
182.1872	475.106561	475.113529	475.132741	475.122256	
182.1973	475.106561	475.113529	475.132741	475.122256	
182.2075	475.106561	475.113529	475.132741	475.122256	
182.2177	475.106561	475.113529	475.132741	475.122256	
182.2279	475.106561	475.113529	475.132741	475.122256	
182.2459	475.106561	475.113529	475.132741	475.122256	
182.2505	475.106561	475.113529	475.132741	475.122256	
182.2606	475.106561	475.113529	475.132741	475.122256	
182.2707	475.106561	475.113529	475.132741	475.122256	
182.2808	475.106561	475.113529	475.132741	475.122256	
182.2909	475.106561	475.113529	475.132741	475.122256	
182.3011	475.106561	475.113529	475.132741	475.122256	
182.3112	475.106561	475.113529	475.132741	475.122256	
182.3213	475.106561	475.113529	475.132741	475.122256	
182.3315	475.106561	475.113529	475.132741	475.122256	
182.3416	475.106561	475.113529	475.132741	475.122256	
182.3518	475.106561	475.113529	475.132741	475.122256	
182.3619	475.106561	475.113529	475.132741	475.122256	
182.3721	475.106561	475.113529	475.132741	475.122256	
182.3823	475.106561	475.113529	475.132741	475.122256	
182.3924	475.106561	475.113529	475.132741	475.122256	
182.4025	475.106561	475.113529	475.132741	475.122256	
182.4127	475.106561	475.113529	475.132741	475.122256	
182.4318	475.106561	475.113529	475.132741	475.122256	
182.4363	475.106561	475.113529	475.132741	475.122256	
182.4465	475.106561	475.113529	475.132741	475.122256	
182.4566	475.106561	475.113529	475.132741	475.122256	
182.4668	475.106561	475.113529	475.132741	475.122256	
182.4769	475.106561	475.113529	475.132741	475.122256	
182.487	475.106561	475.113529	475.132741	475.122256	
182.4972	475.106561	475.113529	475.132741	475.122256	
182.5073	475.106561	475.113529	475.132741	475.122256	
182.5175	475.106561	475.113529	475.132741	475.122256	
182.5276	475.106561	475.113529	475.132741	475.122256	
182.5377	475.106561	475.113529	475.132741	475.122256	
182.5479	475.106561	475.113529	475.132741	475.122256	
182.5581	475.106561	475.113529	475.132741	475.122256	
182.5682	475.106561	475.113529	475.132741	475.122256	
182.5783	475.106561	475.113529	475.132741	475.122256	
182.5885	475.106561	475.113529	475.132741	475.122256	
182.5986	475.106561	475.113529	475.132741	475.122256	
182.6088	475.106561	475.113529	475.132741	475.122256	
182.619	475.106561	475.113529	475.132741	475.122256	
182.6291	475.106561	475.113529	475.132741	475.122256	
182.6392	475.106561	475.113529	475.132741	475.122256	
182.6493	475.106561	475.113529	475.132741	475.122256	
182.6595	475.106561	475.113529	475.132741	475.122256	
182.6696	475.106561	475.113529	475.132741	475.122256	
182.6798	475.106561	475.113529	475.132741	475.122256	
182.6899	475.106561	475.113529	475.132741	475.122256	
182.7001	475.106561	475.113529	475.132741	475.122256	
182.7104	475.106561	475.113529	475.132741	475.122256	
182.7204	475.106561	475.113529	475.132741	475.122256	
182.7305	475.106561	475.113529	475.132741	475.122256	
182.7407	475.106561	475.113529	475.132741	475.122256	
182.7507	475.106561	475.113529	475.132741	475.122256	
182.7611	475.106561	475.113529	475.132741	475.122256	
