125.0568	1110.1663	1110.15158	1110.17503	1110.1603	
125.0616	1110.16712	1110.15158	1110.17584	1110.1603	
125.0717	1110.16965	1110.15158	1110.17838	1110.1603	
125.0819	1110.17281	1110.15158	1110.18153	1110.1603	
125.092	1110.17658	1110.1603	1110.1853	1110.1603	
125.1022	1110.18099	1110.1603	1110.18972	1110.16903	
125.1123	1110.18599	1110.16903	1110.19472	1110.16903	
125.123	1110.19194	1110.16903	1110.20066	1110.16903	
125.133	1110.19811	1110.16903	1110.20683	1110.17776	
125.1431	1110.20499	1110.16903	1110.21372	1110.17776	
125.1534	1110.21257	1110.17776	1110.2213	1110.18648	
125.1634	1110.22063	1110.18648	1110.22936	1110.19521	
125.1736	1110.22937	1110.18648	1110.2381	1110.20394	
125.1838	1110.23878	1110.20394	1110.2475	1110.22139	
125.1939	1110.24875	1110.20394	1110.25748	1110.23012	
125.2041	1110.25937	1110.21266	1110.2681	1110.24757	
125.2142	1110.27059	1110.22139	1110.27931	1110.26502	
125.2244	1110.28245	1110.23884	1110.29117	1110.28248	
125.2346	1110.2949	1110.23884	1110.30362	1110.2912	
125.2447	1110.30796	1110.2563	1110.31669	1110.30866	
125.2549	1110.32167	1110.27375	1110.33039	1110.32611	
125.2651	1110.33603	1110.28248	1110.34475	1110.32611	
125.2752	1110.35093	1110.30866	1110.35965	1110.34356	
125.2854	1110.36659	1110.30866	1110.37532	1110.36102	
125.2955	1110.38274	1110.33484	1110.39147	1110.36102	
125.3057	1110.39959	1110.34356	1110.40832	1110.37847	
125.3159	1110.41696	1110.36102	1110.42569	1110.39592	
125.326	1110.43502	1110.37847	1110.44375	1110.40465	
125.3362	1110.45372	1110.3872	1110.46245	1110.4221	
125.3464	1110.47303	1110.40465	1110.48176	1110.43956	
125.3566	1110.49301	1110.41338	1110.50174	1110.46574	
125.3668	1110.51363	1110.43956	1110.52235	1110.48319	
125.3769	1110.5346	1110.44828	1110.54333	1110.50064	
125.3871	1110.55644	1110.48319	1110.56517	1110.52682	
125.3972	1110.5788	1110.50064	1110.58753	1110.553	
125.4074	1110.60187	1110.52682	1110.61059	1110.57046	
125.4176	1110.62558	1110.553	1110.63431	1110.60536	
125.4277	1110.6497	1110.58791	1110.65843	1110.63154	
125.438	1110.67497	1110.61409	1110.68369	1110.65772	
125.4481	1110.70025	1110.649	1110.70897	1110.67518	
125.4583	1110.72655	1110.67518	1110.73527	1110.71008	
125.4684	1110.7531	1110.71008	1110.76183	1110.73626	
125.4786	1110.78043	1110.74499	1110.78916	1110.76244	
125.4888	1110.80846	1110.7799	1110.81719	1110.7799	
125.499	1110.83721	1110.80608	1110.84594	1110.8148	
125.5092	1110.86641	1110.83226	1110.87514	1110.84971	
125.5193	1110.89621	1110.86716	1110.90493	1110.87589	
125.5297	1110.92727	1110.90207	1110.936	1110.9108	
125.5401	1110.9593	1110.93698	1110.96803	1110.9457	
125.5503	1110.991	1110.96316	1110.99972	1110.98061	
125.5605	1111.0234	1110.98934	1111.03213	1111.01552	
125.5706	1111.05627	1111.02424	1111.06499	1111.05042	
125.5808	1111.08987	1111.05042	1111.09859	1111.08533	
125.5909	1111.124	1111.0766	1111.13272	1111.12024	
125.6011	1111.15888	1111.11151	1111.16761	1111.15514	
125.6112	1111.1942	1111.14641	1111.20293	1111.19005	
125.6214	1111.23033	1111.18132	1111.23905	1111.21623	
125.6316	1111.26699	1111.21623	1111.27572	1111.25113	
125.6417	1111.30431	1111.25113	1111.31304	1111.28604	
125.6519	1111.34217	1111.28604	1111.3509	1111.32095	
125.662	1111.38064	1111.32095	1111.38936	1111.35585	
125.6728	1111.42226	1111.35585	1111.43098	1111.39076	
125.6823	1111.45955	1111.39949	1111.46827	1111.42567	
125.6925	1111.49987	1111.44312	1111.5086	1111.4693	
125.7027	1111.54113	1111.48675	1111.54986	1111.50421	
125.7128	1111.58262	1111.53039	1111.59135	1111.54784	
125.7312	1111.66031	1111.60893	1111.66904	1111.62638	
125.736	1111.68037	1111.63511	1111.68909	1111.65256	
125.7461	1111.7238	1111.67874	1111.73253	1111.68747	
125.7562	1111.76803	1111.72237	1111.77675	1111.73983	
125.7664	1111.81292	1111.77473	1111.82165	1111.79219	
125.7766	1111.85864	1111.81837	1111.86737	1111.83582	
125.7868	1111.90489	1111.87073	1111.91361	1111.89691	
125.7969	1111.95159	1111.91436	1111.96032	1111.94054	
125.8071	1111.99892	1111.96672	1112.00765	1111.9929	
125.8173	1112.04736	1112.01908	1112.05608	1112.03653	
125.8274	1112.09569	1112.07144	1112.10442	1112.08889	
125.8376	1112.1448	1112.1238	1112.15352	1112.14125	
125.8477	1112.19469	1112.16743	1112.20342	1112.18489	
125.8659	1112.28613	1112.22852	1112.29486	1112.23725	
125.8706	1112.3098	1112.28088	1112.31853	1112.29833	
125.8807	1112.3616	1112.33324	1112.37032	1112.35069	
125.8913	1112.41605	1112.39433	1112.42478	1112.40305	
125.9014	1112.46924	1112.43796	1112.47797	1112.45541	
125.9211	1112.57506	1112.54268	1112.58378	1112.55141	
125.9258	1112.60015	1112.57758	1112.60887	1112.56886	
125.9365	1112.65842	1112.62122	1112.66715	1112.62994	
125.9462	1112.7113	1112.6823	1112.72003	1112.67358	
125.9563	1112.76789	1112.72594	1112.77661	1112.73466	
125.9666	1112.82536	1112.7783	1112.83409	1112.7783	
125.9767	1112.88313	1112.83066	1112.89185	1112.83938	
125.9869	1112.94134	1112.89174	1112.95006	1112.89174	
125.997	1113.00007	1112.9441	1113.0088	1112.9441	
126.0072	1113.05965	1112.99646	1113.06837	1113.00519	
126.0174	1113.12032	1113.06628	1113.12905	1113.06628	
126.0275	1113.18067	1113.11864	1113.1894	1113.11864	
126.0377	1113.24222	1113.17972	1113.25095	1113.18845	
126.0479	1113.30485	1113.24081	1113.31358	1113.24954	
126.0581	1113.36767	1113.31062	1113.3764	1113.31062	
126.0683	1113.43123	1113.38044	1113.43996	1113.38044	
126.0788	1113.49745	1113.45025	1113.50617	1113.44152	
126.0885	1113.559	1113.52006	1113.56772	1113.50261	
126.0987	1113.62422	1113.58988	1113.63294	1113.57242	
126.1088	1113.68988	1113.65969	1113.69861	1113.64224	
126.1194	1113.76073	1113.7295	1113.76946	1113.71205	
126.1294	1113.82475	1113.80804	1113.83348	1113.78186	
126.1397	1113.89372	1113.87786	1113.90245	1113.85168	
126.1496	1113.95986	1113.94767	1113.96859	1113.93022	
126.1597	1114.02824	1114.01748	1114.03697	1114.00003	
126.1698	1114.09774	1114.08729	1114.10647	1114.06984	
126.18	1114.1677	1114.15711	1114.17642	1114.14838	
126.1901	1114.23839	1114.22692	1114.24712	1114.21819	
126.2003	1114.30967	1114.28801	1114.3184	1114.28801	
126.2104	1114.38159	1114.35782	1114.39032	1114.35782	
126.2206	1114.45416	1114.42763	1114.46288	1114.42763	
126.2308	1114.52793	1114.49745	1114.53666	1114.49745	
126.2409	1114.6013	1114.56726	1114.61003	1114.55853	
126.2511	1114.67609	1114.63707	1114.68482	1114.62835	
126.2613	1114.75091	1114.70689	1114.75964	1114.69816	
126.2714	1114.82649	1114.7767	1114.83521	1114.76797	
126.2816	1114.90311	1114.84651	1114.91184	1114.83779	
126.2917	1114.97967	1114.91633	1114.9884	1114.91633	
126.3019	1115.05726	1115.00359	1115.06599	1114.98614	
126.3121	1115.13568	1115.08213	1115.1444	1115.06468	
126.3222	1115.21416	1115.16067	1115.22289	1115.14322	
126.3324	1115.29346	1115.23049	1115.30219	1115.21303	
126.3425	1115.3735	1115.31775	1115.38223	1115.3003	
126.3527	1115.45443	1115.40502	1115.46316	1115.38757	
126.3709	1115.60135	1115.55337	1115.61008	1115.52719	
126.3757	1115.63941	1115.597	1115.64814	1115.57955	
126.3859	1115.72237	1115.68427	1115.7311	1115.66682	
126.3961	1115.80601	1115.77154	1115.81474	1115.75408	
126.4062	1115.88928	1115.8588	1115.898	1115.84135	
126.4163	1115.97371	1115.94607	1115.98244	1115.94607	
126.4265	1116.05953	1116.03334	1116.06826	1116.03334	
126.4368	1116.14649	1116.11188	1116.15521	1116.1206	
126.4471	1116.23377	1116.19914	1116.2425	1116.2166	
126.457	1116.3187	1116.28641	1116.32743	1116.30386	
126.4672	1116.40633	1116.37368	1116.41505	1116.39986	
126.4774	1116.49472	1116.45222	1116.50345	1116.48712	
126.4877	1116.58524	1116.54821	1116.59396	1116.57439	
126.4977	1116.6735	1116.63548	1116.68222	1116.66166	
126.5079	1116.76373	1116.73147	1116.77246	1116.74892	
126.5181	1116.8544	1116.81874	1116.86313	1116.83619	
126.5282	1116.94543	1116.906	1116.95416	1116.92345	
126.5383	1117.0372	1117.00199	1117.04593	1117.01072	
126.5488	1117.13242	1117.08926	1117.14115	1117.09799	
126.5668	1117.29941	1117.25507	1117.30814	1117.25507	
126.5716	1117.34273	1117.28997	1117.35146	1117.2987	
126.5817	1117.43729	1117.38597	1117.44602	1117.38597	
126.5919	1117.53279	1117.47323	1117.54152	1117.48196	
126.602	1117.62836	1117.56923	1117.63709	1117.57795	
126.6122	1117.72468	1117.65649	1117.7334	1117.67395	
126.6223	1117.82181	1117.75249	1117.83054	1117.77867	
126.6325	1117.91965	1117.84848	1117.92838	1117.87466	
126.6427	1118.01799	1117.9532	1118.02672	1117.97065	
126.6528	1118.11667	1118.04919	1118.1254	1118.07537	
126.663	1118.2165	1118.14519	1118.22523	1118.18009	
126.674	1118.32462	1118.24991	1118.33335	1118.28481	
126.6833	1118.41734	1118.35462	1118.42606	1118.38953	
126.6935	1118.51877	1118.45934	1118.52749	1118.49425	
126.7036	1118.62066	1118.56406	1118.62938	1118.59897	
126.7138	1118.7236	1118.66878	1118.73233	1118.70369	
126.7239	1118.82646	1118.78223	1118.83519	1118.80841	
126.7341	1118.93042	1118.89568	1118.93915	1118.91313	
126.7443	1119.03539	1119.0004	1119.04412	1119.01785	
126.7544	1119.14002	1119.10512	1119.14875	1119.12257	
126.7649	1119.24911	1119.21856	1119.25783	1119.22729	
126.7747	1119.35247	1119.32328	1119.3612	1119.32328	
126.7849	1119.45945	1119.428	1119.46818	1119.428	
126.7952	1119.56801	1119.54145	1119.57673	1119.53272	
126.8057	1119.681	1119.64617	1119.68973	1119.62872	
126.8156	1119.78562	1119.75961	1119.79435	1119.73343	
126.8257	1119.89512	1119.87306	1119.90384	1119.83815	
126.8359	1120.00491	1119.97778	1120.01363	1119.94287	
126.846	1120.11565	1120.0825	1120.12438	1120.04759	
126.8564	1120.22926	1120.19595	1120.23798	1120.16104	
126.8664	1120.33908	1120.30939	1120.3478	1120.27449	
126.8766	1120.45242	1120.41411	1120.46114	1120.37921	
126.8868	1120.56621	1120.52756	1120.57493	1120.48393	
126.897	1120.68036	1120.63228	1120.68909	1120.59737	
126.9071	1120.79448	1120.74573	1120.80321	1120.71955	
126.9172	1120.90883	1120.85045	1120.91756	1120.83299	
126.9274	1121.02508	1120.95517	1121.03381	1120.94644	
126.9376	1121.14175	1121.06861	1121.15048	1121.06861	
126.948	1121.26078	1121.18206	1121.26951	1121.18206	
126.9659	1121.46977	1121.30423	1121.4785	1121.30423	
126.9706	1121.52432	1121.44386	1121.53304	1121.46131	
126.9808	1121.64336	1121.56603	1121.65209	1121.57476	
126.991	1121.76318	1121.6882	1121.77191	1121.70566	
127.0011	1121.88289	1121.82783	1121.89161	1121.82783	
127.0112	1122.00357	1121.95	1122.0123	1121.95	
127.0214	1122.12498	1122.0809	1122.13371	1122.0809	
127.0316	1122.24705	1122.2118	1122.25578	1122.20308	
127.0418	1122.36938	1122.33398	1122.37811	1122.33398	
127.0519	1122.49092	1122.46488	1122.49964	1122.46488	
127.0621	1122.61282	1122.59577	1122.62155	1122.58705	
127.0722	1122.7351	1122.71795	1122.74383	1122.71795	
127.0824	1122.85684	1122.84012	1122.86557	1122.84012	
127.0925	1122.97867	1122.97102	1122.98739	1122.96229	
127.1027	1123.10095	1123.08447	1123.10967	1123.09319	
127.1131	1123.22487	1123.21537	1123.2336	1123.21537	
127.1242	1123.35906	1123.32881	1123.36778	1123.34627	
127.1333	1123.46835	1123.45971	1123.47708	1123.45971	
127.1435	1123.58996	1123.57316	1123.59869	1123.59061	
127.1537	1123.71255	1123.69533	1123.72128	1123.71279	
127.1638	1123.83399	1123.81751	1123.84272	1123.83496	
127.174	1123.95609	1123.92223	1123.96482	1123.95713	
127.1844	1124.08077	1124.0444	1124.0895	1124.0793	
127.1943	1124.19976	1124.16657	1124.20849	1124.18402	
127.2045	1124.32172	1124.27129	1124.33045	1124.3062	
127.2146	1124.4436	1124.39346	1124.45233	1124.42837	
127.2248	1124.5657	1124.51564	1124.57443	1124.54182	
127.2432	1124.78602	1124.72508	1124.79475	1124.75126	
127.248	1124.84384	1124.79489	1124.85257	1124.81234	
127.2581	1124.96509	1124.91706	1124.97381	1124.92579	
127.2682	1125.08625	1125.03924	1125.09498	1125.04796	
127.2783	1125.20822	1125.16141	1125.21695	1125.16141	
127.2885	1125.33014	1125.28358	1125.33887	1125.28358	
127.2986	1125.45196	1125.41448	1125.46069	1125.40575	
127.3089	1125.57538	1125.53665	1125.58411	1125.5192	
127.3191	1125.69734	1125.65883	1125.70607	1125.6501	
127.3291	1125.81786	1125.781	1125.82658	1125.77227	
127.3393	1125.94008	1125.9119	1125.9488	1125.89445	
127.3575	1126.15759	1126.12134	1126.16631	1126.10389	
127.3621	1126.21378	1126.19115	1126.22251	1126.16497	
127.3723	1126.33563	1126.3046	1126.34436	1126.27842	
127.3824	1126.4575	1126.4355	1126.46623	1126.40932	
127.4008	1126.67818	1126.54895	1126.68691	1126.53149	
127.4055	1126.73436	1126.71475	1126.74308	1126.68857	
127.4157	1126.85626	1126.83692	1126.86499	1126.81947	
127.4259	1126.97857	1126.9591	1126.98729	1126.94164	
127.4363	1127.10424	1127.09872	1127.11297	1127.07254	
127.4463	1127.2239	1127.2209	1127.23262	1127.19472	
127.4566	1127.34686	1127.34307	1127.35559	1127.32562	
127.4666	1127.46768	1127.46524	1127.4764	1127.43906	
127.4768	1127.58962	1127.58742	1127.59835	1127.56996	
127.487	1127.71257	1127.70086	1127.7213	1127.68341	
127.4976	1127.83956	1127.82304	1127.84828	1127.80558	
127.5073	1127.95572	1127.93648	1127.96444	1127.91903	
127.5175	1128.07782	1128.05866	1128.08654	1128.04993	
127.5276	1128.19888	1128.18083	1128.20761	1128.16338	
127.5381	1128.32236	1128.28555	1128.33108	1128.28555	
127.548	1128.43949	1128.40772	1128.44822	1128.40772	
127.5581	1128.55798	1128.52989	1128.5667	1128.52989	
127.5684	1128.67775	1128.64334	1128.68648	1128.65207	
127.5784	1128.79464	1128.76551	1128.80337	1128.76551	
127.5886	1128.91188	1128.87896	1128.92061	1128.88769	
127.5988	1129.02867	1129.00113	1129.03739	1129.00113	
127.6089	1129.14498	1129.12331	1129.15371	1129.12331	
127.6192	1129.26123	1129.23675	1129.26996	1129.24548	
127.6293	1129.37608	1129.35893	1129.3848	1129.35893	
127.6476	1129.5803	1129.55964	1129.58902	1129.56837	
127.6523	1129.63281	1129.612	1129.64154	1129.62945	
127.6625	1129.74575	1129.73417	1129.75447	1129.73417	
127.6734	1129.86619	1129.85634	1129.87492	1129.85634	
127.6828	1129.97009	1129.96106	1129.97881	1129.97852	
127.693	1130.08108	1130.06578	1130.0898	1130.08324	
127.7034	1130.19427	1130.17923	1130.20299	1130.19668	
127.7136	1130.3041	1130.28395	1130.31283	1130.31013	
127.7235	1130.41062	1130.38867	1130.41935	1130.42358	
127.7337	1130.51904	1130.49339	1130.52776	1130.5283	
127.7438	1130.62704	1130.59811	1130.63577	1130.63302	
127.754	1130.73422	1130.71156	1130.74295	1130.73774	
127.7641	1130.84095	1130.81628	1130.84968	1130.84246	
127.7743	1130.94682	1130.93845	1130.95555	1130.94718	
127.7844	1131.05216	1131.04317	1131.06089	1131.04317	
127.7946	1131.15717	1131.14789	1131.1659	1131.14789	
127.8049	1131.26276	1131.25261	1131.27148	1131.24388	
127.8149	1131.36563	1131.36605	1131.37436	1131.33987	
127.8251	1131.46805	1131.47077	1131.47677	1131.44459	
127.8353	1131.57126	1131.56677	1131.57999	1131.54931	
127.8454	1131.67239	1131.67149	1131.68112	1131.65403	
127.8556	1131.77354	1131.77621	1131.78227	1131.75875	
127.8658	1131.87461	1131.88093	1131.88333	1131.85475	
127.8759	1131.97418	1131.96819	1131.98291	1131.95947	
127.8863	1132.07835	1132.05546	1132.08707	1132.05546	
127.8963	1132.17288	1132.16018	1132.1816	1132.15145	
127.9065	1132.27128	1132.25617	1132.28	1132.24745	
127.9169	1132.37099	1132.34344	1132.37971	1132.35217	
127.9268	1132.46636	1132.43943	1132.47509	1132.44816	
127.937	1132.56261	1132.53542	1132.57133	1132.53542	
127.9473	1132.65948	1132.63142	1132.66821	1132.63142	
127.9572	1132.75201	1132.72741	1132.76073	1132.72741	
127.9674	1132.8464	1132.8234	1132.85513	1132.8234	
127.9777	1132.94111	1132.9194	1132.94984	1132.91067	
127.9877	1133.03349	1133.01539	1133.04222	1133.00666	
127.9981	1133.12812	1133.11138	1133.13685	1133.09393	
128.0082	1133.21909	1133.20738	1133.22782	1133.18992	
128.0184	1133.31137	1133.30337	1133.32009	1133.28592	
128.0284	1133.40042	1133.39936	1133.40914	1133.37318	
128.0385	1133.49032	1133.48663	1133.49905	1133.46918	
128.0487	1133.57991	1133.58262	1133.58863	1133.55644	
128.0589	1133.6688	1133.66116	1133.67753	1133.64371	
128.069	1133.75719	1133.75716	1133.76591	1133.7397	
128.0792	1133.84474	1133.8357	1133.85346	1133.81824	
128.0894	1133.93253	1133.93169	1133.94126	1133.91424	
128.0996	1134.0189	1134.01023	1134.02762	1133.99277	
128.1097	1134.10413	1134.09749	1134.11286	1134.08877	
128.1198	1134.18934	1134.18476	1134.19807	1134.16731	
128.1304	1134.2773	1134.2633	1134.28603	1134.25457	
128.1404	1134.3601	1134.35057	1134.36883	1134.34184	
128.1506	1134.44336	1134.42911	1134.45208	1134.42911	
128.1607	1134.52629	1134.50765	1134.53502	1134.51637	
128.1711	1134.6098	1134.59491	1134.61853	1134.59491	
128.1811	1134.68996	1134.67345	1134.69869	1134.68218	
128.1912	1134.77083	1134.76072	1134.77955	1134.76072	
128.2014	1134.85171	1134.83926	1134.86044	1134.84799	
128.2116	1134.93102	1134.9178	1134.93974	1134.92653	
128.2217	1135.01011	1134.98761	1135.01883	1135.00507	
128.2319	1135.08872	1135.07488	1135.09744	1135.07488	
128.242	1135.16641	1135.15342	1135.17513	1135.15342	
128.2522	1135.24366	1135.23196	1135.25239	1135.23196	
128.2624	1135.32031	1135.30177	1135.32903	1135.3105	
128.2725	1135.39638	1135.38904	1135.40511	1135.38904	
128.2827	1135.47176	1135.46758	1135.48049	1135.45885	
128.2928	1135.54645	1135.54612	1135.55517	1135.52866	
128.303	1135.62094	1135.61593	1135.62966	1135.6072	
128.3132	1135.69429	1135.68574	1135.70301	1135.68574	
128.3233	1135.76745	1135.75556	1135.77617	1135.76428	
128.3335	1135.84008	1135.82537	1135.84881	1135.84282	
128.3437	1135.91166	1135.90391	1135.92038	1135.91264	
128.3539	1135.98305	1135.97372	1135.99178	1135.98245	
128.364	1136.05318	1136.04354	1136.06191	1136.05226	
128.3741	1136.12308	1136.10462	1136.1318	1136.12208	
128.3843	1136.19276	1136.17444	1136.20148	1136.20062	
128.3945	1136.26112	1136.24425	1136.26985	1136.27043	
128.4046	1136.32924	1136.31406	1136.33797	1136.34024	
128.4148	1136.39663	1136.38388	1136.40536	1136.40133	
128.4249	1136.4636	1136.45369	1136.47232	1136.47114	
128.4354	1136.53186	1136.51478	1136.54058	1136.54096	
128.4455	1136.59725	1136.57586	1136.60598	1136.61077	
128.4557	1136.6622	1136.63695	1136.67093	1136.67186	
128.4659	1136.72679	1136.69804	1136.73551	1136.73294	
128.476	1136.79031	1136.76785	1136.79904	1136.79403	
128.4862	1136.85353	1136.83766	1136.86225	1136.85511	
128.4964	1136.91644	1136.89875	1136.92516	1136.9162	
128.5066	1136.97857	1136.95983	1136.9873	1136.97729	
128.5167	1137.03953	1137.02092	1137.04826	1137.02965	
128.5268	1137.10047	1137.08201	1137.1092	1137.09946	
128.537	1137.16041	1137.15182	1137.16914	1137.15182	
128.5472	1137.22058	1137.22163	1137.22931	1137.20418	
128.5573	1137.27916	1137.27399	1137.28788	1137.27399	
128.5675	1137.33751	1137.33508	1137.34624	1137.32635	
128.5777	1137.39556	1137.39617	1137.40428	1137.38744	
128.5879	1137.4527	1137.44853	1137.46143	1137.44853	
128.5981	1137.50923	1137.50089	1137.51796	1137.50961	
128.6082	1137.56509	1137.56197	1137.57381	1137.56197	
128.6183	1137.62022	1137.60561	1137.62895	1137.62306	
128.6285	1137.67481	1137.66669	1137.68354	1137.67542	
128.6387	1137.72891	1137.71033	1137.73764	1137.72778	
128.6489	1137.78251	1137.76269	1137.79123	1137.78887	
128.659	1137.83531	1137.81505	1137.84404	1137.8325	
128.6692	1137.88753	1137.86741	1137.89626	1137.88486	
128.6794	1137.93952	1137.91977	1137.94825	1137.93722	
128.6897	1137.99134	1137.97213	1138.00006	1137.98085	
128.6997	1138.04087	1138.02449	1138.0496	1138.03321	
128.7099	1138.09074	1138.06812	1138.09947	1138.07685	
128.72	1138.1399	1138.12921	1138.14862	1138.12048	
128.7302	1138.18847	1138.16411	1138.19719	1138.16411	
128.7403	1138.2365	1138.21647	1138.24523	1138.21647	
128.7586	1138.32056	1138.26883	1138.32929	1138.2601	
128.7635	1138.34267	1138.32992	1138.3514	1138.32119	
128.7736	1138.38863	1138.37355	1138.39736	1138.3561	
128.7838	1138.43405	1138.42591	1138.44278	1138.40846	
128.794	1138.47911	1138.47827	1138.48784	1138.46082	
128.8041	1138.52307	1138.51318	1138.5318	1138.50445	
128.8143	1138.56675	1138.56554	1138.57547	1138.54808	
128.8244	1138.60966	1138.60917	1138.61839	1138.60044	
128.8346	1138.65204	1138.6528	1138.66077	1138.63535	
128.8447	1138.69378	1138.68771	1138.7025	1138.68771	
128.8551	1138.73592	1138.73134	1138.74464	1138.73134	
128.8651	1138.77561	1138.77498	1138.78434	1138.77498	
128.8753	1138.81572	1138.81861	1138.82445	1138.80988	
128.8854	1138.85506	1138.86224	1138.86379	1138.85352	
128.8956	1138.89382	1138.89715	1138.90255	1138.88842	
128.9058	1138.93216	1138.93206	1138.94089	1138.93206	
128.9159	1138.96954	1138.96696	1138.97826	1138.96696	
128.9261	1139.00657	1139.00187	1139.0153	1139.00187	
128.9363	1139.04308	1139.03678	1139.0518	1139.03678	
128.9464	1139.07873	1139.07168	1139.08746	1139.07168	
128.9566	1139.11404	1139.10659	1139.12277	1139.10659	
128.9668	1139.14867	1139.1415	1139.1574	1139.1415	
128.9769	1139.18252	1139.1764	1139.19125	1139.1764	
128.9871	1139.216	1139.21131	1139.22473	1139.20258	
128.9972	1139.24862	1139.24622	1139.25735	1139.22876	
129.0074	1139.28083	1139.28112	1139.28955	1139.26367	
129.0176	1139.31263	1139.3073	1139.32136	1139.29858	
129.0277	1139.34341	1139.33348	1139.35214	1139.32476	
129.0379	1139.37395	1139.35966	1139.38267	1139.35966	
129.0481	1139.40382	1139.38584	1139.41255	1139.38584	
129.0586	1139.43379	1139.42075	1139.44251	1139.41202	
129.0684	1139.46132	1139.44693	1139.47005	1139.4382	
129.0787	1139.48979	1139.47311	1139.49851	1139.47311	
129.0887	1139.51677	1139.49056	1139.52549	1139.49929	
129.0989	1139.54357	1139.52547	1139.55229	1139.52547	
129.109	1139.56975	1139.55165	1139.57847	1139.55165	
129.1192	1139.5954	1139.57783	1139.60412	1139.57783	
129.1309	1139.62402	1139.60401	1139.63274	1139.60401	
129.1396	1139.64497	1139.63019	1139.6537	1139.63019	
129.1498	1139.66882	1139.66509	1139.67755	1139.64764	
129.1599	1139.69207	1139.68255	1139.70079	1139.67382	
129.1704	1139.71542	1139.70873	1139.72414	1139.69127	
129.1805	1139.73743	1139.73491	1139.74615	1139.71745	
129.1907	1139.75883	1139.75236	1139.76756	1139.73491	
129.2009	1139.77983	1139.76981	1139.78855	1139.75236	
129.2111	1139.80017	1139.78727	1139.80889	1139.77854	
129.2212	1139.81982	1139.80472	1139.82855	1139.78727	
129.2314	1139.83895	1139.8309	1139.84767	1139.81345	
129.2416	1139.85755	1139.83963	1139.86627	1139.8309	
129.2517	1139.87541	1139.85708	1139.88413	1139.85708	
129.2619	1139.89281	1139.87453	1139.90154	1139.86581	
129.2723	1139.91002	1139.89199	1139.91874	1139.89199	
129.2822	1139.92581	1139.90944	1139.93453	1139.90071	
129.2923	1139.94144	1139.91817	1139.95017	1139.91817	
129.3025	1139.95654	1139.93562	1139.96527	1139.92689	
129.3127	1139.97103	1139.94435	1139.97975	1139.94435	
129.3228	1139.98498	1139.9618	1139.99371	1139.95307	
129.333	1139.9983	1139.97925	1140.00703	1139.9618	
129.3431	1140.01111	1139.97925	1140.01984	1139.97053	
129.3533	1140.02331	1139.99671	1140.03204	1139.97925	
129.3634	1140.03496	1140.00543	1140.04368	1139.98798	
129.3736	1140.04608	1140.01416	1140.0548	1139.99671	
129.3838	1140.05663	1140.02289	1140.06536	1140.00543	
129.394	1140.06665	1140.04034	1140.07537	1140.02289	
129.4041	1140.07604	1140.04907	1140.08476	1140.03161	
129.4142	1140.08494	1140.04907	1140.09366	1140.04034	
129.4244	1140.0933	1140.06652	1140.10203	1140.05779	
129.4346	1140.10109	1140.07525	1140.10982	1140.06652	
129.4447	1140.10838	1140.08397	1140.11711	1140.08397	
129.4549	1140.11512	1140.08397	1140.12385	1140.0927	
129.4651	1140.12136	1140.0927	1140.13009	1140.10143	
129.4753	1140.12714	1140.10143	1140.13587	1140.10143	
129.4854	1140.13231	1140.11015	1140.14104	1140.11015	
129.4956	1140.13702	1140.11888	1140.14575	1140.11888	
129.5058	1140.14127	1140.11888	1140.14999	1140.11888	
129.5159	1140.14499	1140.11888	1140.15372	1140.11888	
129.5261	1140.14829	1140.12761	1140.15701	1140.11888	
129.5363	1140.15114	1140.13633	1140.15987	1140.11888	
129.5465	1140.15357	1140.13633	1140.1623	1140.11888	
129.5566	1140.15558	1140.13633	1140.16431	1140.11888	
129.5668	1140.15724	1140.14506	1140.16597	1140.11888	
129.5772	1140.16206	1140.14506	1140.17079	1140.11888	
129.5873	1140.16206	1140.14506	1140.17079	1140.12761	
129.5972	1140.16206	1140.14506	1140.17079	1140.12761	
129.6074	1140.16206	1140.14506	1140.17079	1140.12761	
129.6176	1140.16206	1140.13633	1140.17079	1140.12761	
129.6277	1140.16206	1140.13633	1140.17079	1140.12761	
129.6379	1140.16206	1140.13633	1140.17079	1140.12761	
129.6481	1140.16206	1140.13633	1140.17079	1140.12761	
129.6583	1140.16206	1140.13633	1140.17079	1140.12761	
129.6683	1140.16206	1140.14506	1140.17079	1140.12761	
129.6792	1140.16206	1140.14506	1140.17079	1140.12761	
129.6896	1140.16206	1140.14506	1140.17079	1140.12761	
129.6996	1140.16206	1140.14506	1140.17079	1140.12761	
129.7098	1140.16206	1140.13633	1140.17079	1140.12761	
129.7199	1140.16206	1140.13633	1140.17079	1140.12761	
129.7302	1140.16206	1140.13633	1140.17079	1140.12761	
129.7403	1140.16206	1140.13633	1140.17079	1140.12761	
129.7504	1140.16206	1140.13633	1140.17079	1140.12761	
129.761	1140.16206	1140.14506	1140.17079	1140.12761	
129.7707	1140.16206	1140.14506	1140.17079	1140.12761	
129.7809	1140.16206	1140.14506	1140.17079	1140.12761	
129.7911	1140.16206	1140.14506	1140.17079	1140.12761	
129.8012	1140.16206	1140.13633	1140.17079	1140.12761	
129.8114	1140.16206	1140.13633	1140.17079	1140.12761	
129.8216	1140.16206	1140.13633	1140.17079	1140.12761	
129.8317	1140.16206	1140.13633	1140.17079	1140.12761	
129.8419	1140.16206	1140.13633	1140.17079	1140.12761	
129.8521	1140.16206	1140.14506	1140.17079	1140.12761	
129.8622	1140.16206	1140.14506	1140.17079	1140.12761	
129.8724	1140.16206	1140.14506	1140.17079	1140.12761	
129.8825	1140.16206	1140.14506	1140.17079	1140.12761	
129.8927	1140.16206	1140.13633	1140.17079	1140.12761	
129.9029	1140.16206	1140.13633	1140.17079	1140.12761	
129.913	1140.16206	1140.13633	1140.17079	1140.12761	
129.9233	1140.16206	1140.13633	1140.17079	1140.12761	
129.9334	1140.16206	1140.13633	1140.17079	1140.12761	
129.9435	1140.16206	1140.14506	1140.17079	1140.12761	
129.9538	1140.16206	1140.14506	1140.17079	1140.12761	
129.9638	1140.16206	1140.14506	1140.17079	1140.12761	
129.974	1140.16206	1140.14506	1140.17079	1140.12761	
129.9842	1140.16206	1140.13633	1140.17079	1140.12761	
129.9943	1140.16206	1140.13633	1140.17079	1140.12761	
130.0045	1140.16206	1140.13633	1140.17079	1140.12761	
130.0146	1140.16206	1140.13633	1140.17079	1140.12761	
130.0248	1140.16206	1140.13633	1140.17079	1140.12761	
130.035	1140.16206	1140.13633	1140.17079	1140.12761	
130.0452	1140.16206	1140.14506	1140.17079	1140.12761	
130.0554	1140.16206	1140.14506	1140.17079	1140.12761	
130.0655	1140.16206	1140.14506	1140.17079	1140.12761	
130.0759	1140.16206	1140.14506	1140.17079	1140.12761	
130.0858	1140.16206	1140.13633	1140.17079	1140.12761	
130.096	1140.16206	1140.13633	1140.17079	1140.12761	
130.1064	1140.16206	1140.13633	1140.17079	1140.12761	
130.1163	1140.16206	1140.13633	1140.17079	1140.12761	
130.1266	1140.16206	1140.14506	1140.17079	1140.12761	
130.1367	1140.16206	1140.14506	1140.17079	1140.12761	
130.1468	1140.16206	1140.14506	1140.17079	1140.12761	
130.1572	1140.16206	1140.14506	1140.17079	1140.12761	
130.1672	1140.16206	1140.14506	1140.17079	1140.12761	
130.1773	1140.16206	1140.14506	1140.17079	1140.12761	
130.1875	1140.16206	1140.13633	1140.17079	1140.12761	
130.1976	1140.16206	1140.13633	1140.17079	1140.12761	
130.2166	1140.16206	1140.14506	1140.17079	1140.12761	
130.2213	1140.16206	1140.14506	1140.17079	1140.12761	
130.2315	1140.16206	1140.14506	1140.17079	1140.12761	
130.2417	1140.16206	1140.14506	1140.17079	1140.12761	
130.2518	1140.16206	1140.14506	1140.17079	1140.12761	
130.2619	1140.16206	1140.14506	1140.17079	1140.12761	
130.2721	1140.16206	1140.14506	1140.17079	1140.12761	
130.2823	1140.16206	1140.14506	1140.17079	1140.12761	
130.2924	1140.16206	1140.14506	1140.17079	1140.12761	
130.3026	1140.16206	1140.14506	1140.17079	1140.12761	
130.3128	1140.16206	1140.14506	1140.17079	1140.12761	
130.3229	1140.16206	1140.14506	1140.17079	1140.12761	
130.3331	1140.16206	1140.14506	1140.17079	1140.12761	
130.3432	1140.16206	1140.14506	1140.17079	1140.12761	
130.3534	1140.16206	1140.14506	1140.17079	1140.12761	
130.3635	1140.16206	1140.14506	1140.17079	1140.12761	
130.3737	1140.16206	1140.14506	1140.17079	1140.12761	
130.3838	1140.16206	1140.14506	1140.17079	1140.12761	
130.394	1140.16206	1140.14506	1140.17079	1140.12761	
130.4042	1140.16206	1140.14506	1140.17079	1140.12761	
130.4143	1140.16206	1140.14506	1140.17079	1140.12761	
130.4245	1140.16206	1140.14506	1140.17079	1140.12761	
130.4347	1140.16206	1140.14506	1140.17079	1140.12761	
130.4448	1140.16206	1140.14506	1140.17079	1140.12761	
130.455	1140.16206	1140.14506	1140.17079	1140.12761	
130.4652	1140.16206	1140.14506	1140.17079	1140.12761	
130.4754	1140.16206	1140.14506	1140.17079	1140.13633	
130.4855	1140.16206	1140.14506	1140.17079	1140.13633	
130.4957	1140.16206	1140.14506	1140.17079	1140.13633	
130.5059	1140.16206	1140.14506	1140.17079	1140.13633	
130.516	1140.16206	1140.14506	1140.17079	1140.13633	
130.5344	1140.16206	1140.14506	1140.17079	1140.13633	
130.5391	1140.16206	1140.14506	1140.17079	1140.13633	
130.5493	1140.16206	1140.14506	1140.17079	1140.13633	
130.5676	1140.16206	1140.14506	1140.17079	1140.13633	
130.5723	1140.16206	1140.14506	1140.17079	1140.13633	
130.5825	1140.16206	1140.14506	1140.17079	1140.13633	
130.5927	1140.16206	1140.14506	1140.17079	1140.13633	
130.6028	1140.16206	1140.14506	1140.17079	1140.13633	
130.613	1140.16206	1140.14506	1140.17079	1140.14506	
130.6232	1140.16206	1140.14506	1140.17079	1140.14506	
130.6333	1140.16206	1140.14506	1140.17079	1140.14506	
130.6435	1140.16206	1140.14506	1140.17079	1140.14506	
130.6536	1140.16206	1140.14506	1140.17079	1140.15379	
