83.04724	3583.74028	3583.74564	3583.42612	3583.43148	
83.0574	3583.74197	3583.74564	3583.42781	3583.43148	
83.06745	3583.74424	3583.74564	3583.43008	3583.43148	
83.07761	3583.74715	3583.74564	3583.43299	3583.43148	
83.08779	3583.7507	3583.74564	3583.43654	3583.43148	
83.09787	3583.75482	3583.74564	3583.44066	3583.43148	
83.10802	3583.75958	3583.75437	3583.44542	3583.43148	
83.11816	3583.76496	3583.75437	3583.4508	3583.43148	
83.12831	3583.77096	3583.75437	3583.4568	3583.44021	
83.13845	3583.77758	3583.75437	3583.46342	3583.44021	
83.14857	3583.78479	3583.75437	3583.47063	3583.44021	
83.15871	3583.79263	3583.75437	3583.47847	3583.44021	
83.16883	3583.80108	3583.75437	3583.48692	3583.44021	
83.17897	3583.81015	3583.75437	3583.49599	3583.44021	
83.18912	3583.81986	3583.76309	3583.5057	3583.44021	
83.19925	3583.83016	3583.77182	3583.516	3583.44893	
83.20943	3583.84114	3583.78055	3583.52698	3583.45766	
83.21953	3583.85263	3583.78927	3583.53847	3583.46639	
83.22967	3583.86479	3583.80673	3583.55063	3583.47511	
83.23986	3583.87763	3583.82418	3583.56347	3583.49257	
83.24995	3583.89096	3583.83291	3583.5768	3583.51002	
83.26011	3583.90501	3583.85036	3583.59085	3583.52747	
83.27025	3583.91965	3583.85909	3583.60549	3583.54493	
83.28038	3583.93487	3583.87654	3583.62071	3583.56238	
83.29058	3583.95084	3583.89399	3583.63668	3583.57111	
83.30066	3583.96721	3583.91145	3583.65305	3583.58856	
83.31078	3583.98429	3583.9289	3583.67013	3583.59729	
83.32096	3584.00208	3583.94635	3583.68792	3583.61474	
83.33109	3584.02039	3583.96381	3583.70623	3583.63219	
83.34123	3584.03933	3583.98126	3583.72517	3583.64092	
83.35136	3584.05888	3583.99871	3583.74472	3583.6671	
83.36153	3584.07911	3584.02489	3583.76495	3583.67583	
83.37164	3584.09987	3584.04235	3583.78571	3583.70201	
83.38178	3584.12126	3584.06853	3583.80711	3583.71946	
83.39194	3584.14336	3584.09471	3583.8292	3583.73691	
83.40207	3584.16598	3584.11216	3583.85182	3583.77182	
83.41221	3584.18925	3584.13834	3583.87509	3583.798	
83.42452	3584.2185	3584.17325	3583.90434	3583.82418	
83.43253	3584.2378	3584.1907	3583.92364	3583.85036	
83.44272	3584.26305	3584.21688	3583.94889	3583.87654	
83.45281	3584.28865	3584.24306	3583.97449	3583.91145	
83.463	3584.31514	3584.27797	3584.00098	3583.94635	
83.47341	3584.34286	3584.30415	3584.02871	3583.98126	
83.48325	3584.36962	3584.33032	3584.05546	3584.00744	
83.49338	3584.39782	3584.36523	3584.08366	3584.04235	
83.50356	3584.42674	3584.39141	3584.11258	3584.06853	
83.51366	3584.45607	3584.41759	3584.14191	3584.10343	
83.52381	3584.48616	3584.4525	3584.172	3584.13834	
83.53394	3584.51679	3584.4874	3584.20263	3584.17325	
83.54417	3584.54839	3584.52231	3584.23423	3584.20815	
83.55431	3584.58028	3584.55722	3584.26612	3584.24306	
83.56452	3584.61304	3584.5834	3584.29888	3584.26924	
83.5747	3584.64634	3584.6183	3584.33218	3584.30415	
83.5848	3584.67996	3584.65321	3584.3658	3584.33032	
83.59494	3584.71433	3584.67939	3584.40017	3584.36523	
83.60506	3584.74929	3584.7143	3584.43513	3584.40014	
83.6152	3584.78492	3584.7492	3584.47076	3584.43504	
83.62545	3584.82153	3584.78411	3584.50737	3584.46995	
83.63554	3584.85821	3584.81902	3584.54405	3584.50486	
83.64566	3584.89562	3584.85392	3584.58146	3584.53976	
83.65586	3584.93394	3584.88883	3584.61978	3584.57467	
83.66594	3584.97239	3584.92374	3584.65823	3584.60958	
83.67607	3585.01166	3584.95864	3584.6975	3584.64448	
83.68622	3585.05165	3584.99355	3584.73749	3584.67939	
83.69635	3585.09215	3585.03718	3584.77799	3584.7143	
83.70652	3585.1335	3585.07209	3584.81934	3584.75793	
83.71663	3585.17515	3585.11572	3584.861	3584.80156	
83.72678	3585.21756	3585.15063	3584.90341	3584.8452	
83.73702	3585.26104	3585.19426	3584.94688	3584.88883	
83.74713	3585.30458	3585.2379	3584.99042	3584.92374	
83.75724	3585.34867	3585.29026	3585.03451	3584.9761	
83.76738	3585.39358	3585.33389	3585.07942	3585.01973	
83.77755	3585.43919	3585.37752	3585.12503	3585.06336	
83.78764	3585.48509	3585.42988	3585.17093	3585.11572	
83.79779	3585.53183	3585.47352	3585.21767	3585.16808	
83.80795	3585.57927	3585.52588	3585.26511	3585.21172	
83.81808	3585.62718	3585.56951	3585.31302	3585.26408	
83.8287	3585.67816	3585.6306	3585.364	3585.31644	
83.83847	3585.7255	3585.67423	3585.41134	3585.37752	
83.84861	3585.77534	3585.73531	3585.46118	3585.42988	
83.85879	3585.82599	3585.77895	3585.51183	3585.48224	
83.86889	3585.87684	3585.84003	3585.56268	3585.5346	
83.87903	3585.92848	3585.89239	3585.61432	3585.58696	
83.88923	3585.9811	3585.94475	3585.66694	3585.64805	
83.8993	3586.03363	3585.99711	3585.71947	3585.70041	
83.90945	3586.08718	3586.04947	3585.77302	3585.76149	
83.91959	3586.14131	3586.10183	3585.82715	3585.81385	
83.92972	3586.19605	3586.16292	3585.88189	3585.86621	
83.93985	3586.25134	3586.21528	3585.93719	3585.9273	
83.94999	3586.30733	3586.26764	3585.99317	3585.97966	
83.96016	3586.36414	3586.32	3586.04998	3586.04075	
83.97028	3586.42122	3586.38109	3586.10706	3586.09311	
83.98043	3586.47909	3586.44217	3586.16493	3586.14547	
83.9906	3586.53773	3586.49453	3586.22357	3586.20655	
84.00069	3586.59652	3586.54689	3586.28236	3586.25891	
84.01086	3586.65638	3586.60798	3586.34222	3586.32	
84.02101	3586.71672	3586.66907	3586.40256	3586.37236	
84.03116	3586.77778	3586.72143	3586.46362	3586.43345	
84.04134	3586.8395	3586.79124	3586.52534	3586.49453	
84.05145	3586.90147	3586.8436	3586.58731	3586.54689	
84.06174	3586.96522	3586.90469	3586.65106	3586.60798	
84.07188	3587.02861	3586.96577	3586.71445	3586.66907	
84.08201	3587.09259	3587.03559	3586.77843	3586.73015	
84.09214	3587.15714	3587.09667	3586.84298	3586.79124	
84.10227	3587.22229	3587.15776	3586.90813	3586.86105	
84.11242	3587.28832	3587.21884	3586.97416	3586.91341	
84.12256	3587.35475	3587.27993	3587.04059	3586.98323	
84.13267	3587.42169	3587.34974	3587.10753	3587.05304	
84.14282	3587.48946	3587.41956	3587.1753	3587.12285	
84.15331	3587.56069	3587.48937	3587.24653	3587.19266	
84.16331	3587.62822	3587.55918	3587.31406	3587.26248	
84.17328	3587.69661	3587.62027	3587.38245	3587.33229	
84.18341	3587.76671	3587.69008	3587.45255	3587.4021	
84.19359	3587.83777	3587.76862	3587.52361	3587.48064	
84.20368	3587.90887	3587.83844	3587.59471	3587.55046	
84.21382	3587.98089	3587.90825	3587.66673	3587.629	
84.22417	3588.05506	3587.98679	3587.7409	3587.70754	
84.23416	3588.12728	3588.06533	3587.81312	3587.77735	
84.24425	3588.20077	3588.13514	3587.88661	3587.85589	
84.25438	3588.27522	3588.22241	3587.96106	3587.9257	
84.26453	3588.35036	3588.30095	3588.0362	3587.99552	
84.27493	3588.42814	3588.37949	3588.11398	3588.07406	
84.28484	3588.50274	3588.46676	3588.18858	3588.1526	
84.29498	3588.57972	3588.53657	3588.26556	3588.22241	
84.30523	3588.65812	3588.62383	3588.34396	3588.30095	
84.31527	3588.73554	3588.70237	3588.42138	3588.37949	
84.32546	3588.81482	3588.78091	3588.50066	3588.45803	
84.33559	3588.89417	3588.85945	3588.58001	3588.53657	
84.34578	3588.97463	3588.93799	3588.66047	3588.61511	
84.35584	3589.05466	3589.01653	3588.7405	3588.69365	
84.36613	3589.13724	3589.09507	3588.82308	3588.77219	
84.37613	3589.218	3589.17361	3588.90384	3588.85073	
84.38625	3589.30037	3589.25215	3588.98621	3588.93799	
84.39639	3589.38345	3589.33069	3589.06929	3589.00781	
84.40652	3589.46716	3589.40923	3589.153	3589.09507	
84.41669	3589.5518	3589.48777	3589.23764	3589.18234	
84.42795	3589.64636	3589.57504	3589.3322	3589.26088	
84.44492	3589.79075	3589.72339	3589.47659	3589.41796	
84.44951	3589.82973	3589.7583	3589.51557	3589.45287	
84.45962	3589.91647	3589.84557	3589.60231	3589.54013	
84.46975	3590.00406	3589.93283	3589.6899	3589.6274	
84.48012	3590.09427	3590.02882	3589.78011	3589.71467	
84.49006	3590.18134	3590.10736	3589.86718	3589.81066	
84.5002	3590.27078	3590.20336	3589.95662	3589.89793	
84.51033	3590.36075	3590.29935	3590.04659	3589.98519	
84.52047	3590.45148	3590.38662	3590.13732	3590.07246	
84.53076	3590.5442	3590.48261	3590.23004	3590.16845	
84.54074	3590.6346	3590.5786	3590.32044	3590.26444	
84.55087	3590.72707	3590.66587	3590.41291	3590.35171	
84.56112	3590.82126	3590.77059	3590.50711	3590.4477	
84.57115	3590.91409	3590.85786	3590.59993	3590.5437	
84.58132	3591.00875	3590.95385	3590.69459	3590.63969	
84.59144	3591.10348	3591.04984	3590.78933	3590.73568	
84.60162	3591.19954	3591.14584	3590.88538	3590.83168	
84.61174	3591.29559	3591.24183	3590.98143	3590.9364	
84.62187	3591.39237	3591.3291	3591.07821	3591.03239	
84.63201	3591.48986	3591.43381	3591.1757	3591.13711	
84.64215	3591.58795	3591.52981	3591.2738	3591.24183	
84.65228	3591.68651	3591.6258	3591.37235	3591.34655	
84.66263	3591.78802	3591.73052	3591.47386	3591.44254	
84.67257	3591.8859	3591.82651	3591.57174	3591.54726	
84.6829	3591.98887	3591.92251	3591.67471	3591.64325	
84.69288	3592.08796	3592.02723	3591.7738	3591.74797	
84.70301	3592.18972	3592.13195	3591.87556	3591.85269	
84.71333	3592.29399	3592.22794	3591.97983	3591.94869	
84.72328	3592.39509	3592.33266	3592.08093	3592.05341	
84.73344	3592.49895	3592.42865	3592.18479	3592.15813	
84.74357	3592.60307	3592.5421	3592.28891	3592.25412	
84.75371	3592.70793	3592.63809	3592.39377	3592.35884	
84.76382	3592.81316	3592.74281	3592.499	3592.46356	
84.77398	3592.91945	3592.84753	3592.60529	3592.56828	
84.78417	3593.02671	3592.96098	3592.71255	3592.673	
84.79434	3593.1344	3593.0657	3592.82024	3592.77772	
84.80442	3593.24172	3593.17914	3592.92756	3592.89116	
84.81455	3593.35025	3593.28386	3593.03609	3592.99588	
84.82487	3593.46137	3593.39731	3593.14721	3593.1006	
84.83486	3593.56962	3593.51076	3593.25546	3593.21405	
84.84509	3593.68103	3593.61548	3593.36687	3593.31877	
84.85514	3593.79105	3593.72892	3593.47689	3593.42349	
84.86547	3593.90489	3593.83364	3593.59073	3593.53694	
84.87545	3594.01535	3593.94709	3593.70119	3593.64166	
84.88559	3594.1282	3594.05181	3593.81404	3593.7551	
84.89584	3594.24307	3594.15653	3593.92891	3593.85982	
84.90764	3594.37612	3594.26998	3594.06196	3593.97327	
84.91596	3594.47013	3594.38342	3594.15597	3594.08672	
84.92622	3594.58686	3594.49687	3594.2727	3594.20016	
84.93623	3594.7015	3594.61031	3594.38734	3594.31361	
84.94649	3594.81937	3594.73249	3594.50521	3594.42705	
84.95649	3594.93504	3594.85466	3594.62088	3594.54923	
84.96667	3595.05329	3594.96811	3594.73913	3594.66267	
84.97678	3595.17143	3595.09901	3594.85727	3594.78485	
84.99478	3595.38413	3595.30845	3595.06997	3594.99429	
84.99938	3595.43836	3595.36081	3595.1242	3595.04665	
85.00953	3595.55888	3595.48298	3595.24472	3595.16882	
85.01961	3595.67929	3595.60515	3595.36513	3595.29099	
85.02973	3595.80071	3595.72732	3595.48655	3595.41317	
85.03994	3595.92314	3595.8495	3595.60898	3595.53534	
85.05003	3596.04428	3595.97167	3595.73012	3595.66624	
85.06029	3596.16737	3596.10257	3595.85321	3595.78841	
85.07031	3596.28756	3596.22474	3595.97341	3595.91931	
85.08053	3596.41024	3596.35564	3596.09608	3596.05021	
85.09075	3596.53293	3596.47782	3596.21877	3596.17238	
85.10097	3596.65552	3596.60872	3596.34136	3596.30328	
85.11099	3596.77581	3596.73962	3596.46165	3596.42546	
85.12113	3596.89743	3596.86179	3596.58327	3596.54763	
85.13123	3597.01864	3596.98396	3596.70448	3596.67853	
85.14136	3597.14018	3597.12359	3596.82602	3596.80943	
85.15149	3597.26178	3597.24576	3596.94763	3596.9316	
85.16168	3597.38403	3597.36793	3597.06987	3597.05378	
85.17179	3597.50541	3597.49011	3597.19125	3597.17595	
85.18192	3597.62688	3597.61228	3597.31273	3597.30685	
85.19208	3597.74884	3597.73445	3597.43468	3597.42902	
85.20221	3597.87041	3597.85663	3597.55625	3597.55992	
85.21238	3597.99255	3597.9788	3597.67839	3597.68209	
85.22249	3598.11381	3598.10097	3597.79965	3597.80427	
85.23271	3598.23635	3598.21442	3597.92219	3597.92644	
85.24289	3598.35922	3598.33659	3598.04506	3598.04861	
85.25301	3598.48001	3598.45004	3598.16585	3598.17079	
85.26314	3598.60161	3598.57221	3598.28745	3598.29296	
85.27337	3598.72431	3598.69438	3598.41015	3598.41513	
85.28358	3598.84682	3598.80783	3598.53266	3598.53731	
85.29356	3598.96667	3598.93	3598.65251	3598.65075	
85.3037	3599.08834	3599.04345	3598.77418	3598.77292	
85.31386	3599.21031	3599.16562	3598.89615	3598.88637	
85.32398	3599.33163	3599.2878	3599.01747	3599.00854	
85.33417	3599.45396	3599.39252	3599.1398	3599.13072	
85.34433	3599.57588	3599.51469	3599.26172	3599.23544	
85.3544	3599.69679	3599.63686	3599.38263	3599.35761	
85.36471	3599.82045	3599.75904	3599.50629	3599.47978	
85.37473	3599.94063	3599.88121	3599.62647	3599.59323	
85.38499	3600.06377	3599.99465	3599.74961	3599.7154	
85.39499	3600.18382	3600.12555	3599.86966	3599.82885	
85.40513	3600.30543	3600.239	3599.99127	3599.95102	
85.41551	3600.43001	3600.36117	3600.11585	3600.07319	
85.43339	3600.64474	3600.48335	3600.33058	3600.19537	
85.43798	3600.6996	3600.64043	3600.38545	3600.35245	
85.44828	3600.82329	3600.75387	3600.50913	3600.46589	
85.45826	3600.94304	3600.8935	3600.62888	3600.59679	
85.4685	3601.06593	3601.01567	3600.75177	3600.71897	
85.47852	3601.18622	3601.13785	3600.87206	3600.84114	
85.48866	3601.30782	3601.27747	3600.99367	3600.96331	
85.49898	3601.4317	3601.39965	3601.11754	3601.08549	
85.50895	3601.55134	3601.52182	3601.23718	3601.20766	
85.51909	3601.673	3601.64399	3601.35884	3601.32983	
85.52934	3601.79508	3601.76616	3601.48092	3601.46073	
85.53939	3601.91411	3601.89706	3601.59996	3601.57418	
85.54953	3602.03363	3602.01051	3601.71947	3601.69635	
85.55966	3602.15242	3602.13268	3601.83827	3601.81852	
85.56981	3602.27087	3602.25486	3601.95671	3601.9407	
85.57995	3602.38854	3602.37703	3602.07438	3602.06287	
85.5901	3602.50579	3602.4992	3602.19163	3602.18504	
85.60024	3602.62221	3602.61265	3602.30805	3602.30722	
85.61053	3602.73975	3602.73482	3602.42559	3602.42066	
85.6205	3602.85309	3602.84827	3602.53893	3602.54284	
85.63066	3602.96832	3602.96171	3602.65416	3602.65628	
85.64096	3603.08376	3603.08389	3602.7696	3602.77846	
85.65096	3603.19557	3603.19733	3602.88141	3602.90063	
85.66111	3603.30849	3603.30205	3602.99433	3603.00535	
85.67126	3603.42072	3603.42423	3603.10656	3603.11879	
85.68144	3603.53271	3603.52895	3603.21855	3603.23224	
85.69153	3603.64318	3603.63367	3603.32902	3603.34569	
85.70179	3603.75471	3603.74711	3603.44055	3603.45913	
85.71185	3603.86356	3603.85183	3603.5494	3603.56385	
85.72197	3603.97247	3603.95655	3603.65831	3603.6773	
85.73212	3604.08117	3604.06127	3603.76701	3603.78202	
85.74234	3604.18979	3604.16599	3603.87563	3603.89547	
85.75252	3604.29745	3604.27071	3603.98329	3604.00019	
85.76248	3604.40227	3604.37543	3604.08811	3604.10491	
85.77279	3604.51009	3604.48015	3604.19593	3604.20963	
85.78278	3604.61391	3604.58487	3604.29975	3604.31434	
85.79299	3604.71947	3604.68959	3604.40531	3604.41906	
85.80317	3604.82419	3604.79431	3604.51003	3604.51506	
85.8132	3604.92655	3604.8903	3604.61239	3604.61978	
85.82333	3605.02942	3604.99502	3604.71527	3604.71577	
85.83363	3605.13347	3605.09974	3604.81931	3604.82049	
85.84363	3605.23373	3605.20446	3604.91957	3604.92521	
85.85376	3605.33487	3605.30918	3605.02071	3605.0212	
85.86413	3605.43763	3605.40518	3605.12347	3605.12592	
85.87422	3605.53702	3605.5099	3605.22286	3605.22192	
85.88421	3605.63484	3605.61462	3605.32068	3605.32664	
85.89434	3605.73344	3605.71061	3605.41928	3605.42263	
85.90447	3605.83145	3605.81533	3605.51729	3605.51862	
85.91461	3605.92888	3605.92005	3605.61472	3605.62334	
85.92474	3606.02567	3606.02477	3605.71151	3605.71933	
85.93491	3606.12224	3606.12076	3605.80808	3605.81533	
85.94504	3606.21779	3606.21675	3605.90363	3605.91132	
85.95517	3606.31262	3606.30402	3605.99846	3606.00731	
85.96531	3606.40709	3606.40874	3606.09294	3606.10331	
85.98326	3606.57193	3606.49601	3606.25777	3606.19057	
85.98783	3606.61389	3606.61818	3606.29973	3606.31275	
85.99797	3606.70634	3606.70545	3606.39219	3606.40001	
86.00813	3606.79835	3606.80144	3606.48419	3606.49601	
86.01825	3606.88938	3606.89743	3606.57522	3606.592	
86.02842	3606.98021	3606.9847	3606.66605	3606.67927	
86.03854	3607.07007	3607.07197	3606.75591	3606.77526	
86.0487	3607.15966	3607.17668	3606.8455	3606.87125	
86.05902	3607.2499	3607.26395	3606.93575	3606.94979	
86.06896	3607.33637	3607.35122	3607.02221	3607.04579	
86.0791	3607.42391	3607.43848	3607.10975	3607.12432	
86.08927	3607.5111	3607.52575	3607.19694	3607.21159	
86.09939	3607.59719	3607.61302	3607.28303	3607.29886	
86.10951	3607.68278	3607.70028	3607.36862	3607.38612	
86.11965	3607.76794	3607.7701	3607.45378	3607.46466	
86.1298	3607.85245	3607.85736	3607.53829	3607.5432	
86.13993	3607.93629	3607.94463	3607.62213	3607.62174	
86.15008	3608.01963	3608.01444	3607.70547	3607.70901	
86.16029	3608.10286	3608.10171	3607.7887	3607.78755	
86.17042	3608.1848	3608.18025	3607.87064	3607.86609	
86.18055	3608.26615	3608.25879	3607.95199	3607.94463	
86.19067	3608.34687	3608.3286	3608.03271	3608.0319	
86.20083	3608.42726	3608.40714	3608.1131	3608.10171	
86.211	3608.50701	3608.48568	3608.19286	3608.18898	
86.22112	3608.58587	3608.56422	3608.27171	3608.26752	
86.23124	3608.66412	3608.64276	3608.34996	3608.34606	
86.24154	3608.74311	3608.7213	3608.42895	3608.41587	
86.25153	3608.81922	3608.79984	3608.50506	3608.50314	
86.26167	3608.89573	3608.88711	3608.58158	3608.58167	
86.2718	3608.9716	3608.95692	3608.65744	3608.65149	
86.28211	3609.0482	3609.03546	3608.73404	3608.73003	
86.29209	3609.12176	3609.114	3608.8076	3608.79984	
86.30236	3609.19676	3609.19254	3608.8826	3608.87838	
86.31239	3609.26945	3609.27108	3608.95529	3608.95692	
86.32249	3609.34211	3609.34089	3609.02795	3609.02673	
86.33271	3609.41492	3609.41071	3609.10076	3609.10527	
86.34284	3609.48677	3609.48925	3609.17261	3609.17509	
86.35301	3609.55786	3609.56779	3609.2437	3609.25363	
86.36326	3609.62908	3609.6376	3609.31492	3609.32344	
86.37327	3609.69799	3609.70741	3609.38383	3609.39325	
86.38343	3609.76739	3609.77723	3609.45323	3609.46307	
86.39373	3609.83706	3609.84704	3609.5229	3609.53288	
86.40371	3609.90398	3609.90813	3609.58982	3609.60269	
86.41386	3609.97152	3609.97794	3609.65736	3609.67251	
86.42402	3610.03846	3610.03902	3609.7243	3609.74232	
86.43421	3610.10495	3610.10884	3609.79079	3609.81213	
86.44443	3610.17102	3610.16992	3609.85686	3609.87322	
86.45445	3610.23522	3610.23101	3609.92106	3609.94303	
86.46461	3610.29977	3610.30082	3609.98561	3610.00412	
86.47478	3610.36368	3610.35318	3610.04952	3610.0652	
86.48487	3610.42656	3610.423	3610.1124	3610.12629	
86.49501	3610.48908	3610.48408	3610.17492	3610.1961	
86.50515	3610.55099	3610.54517	3610.23683	3610.24846	
86.51528	3610.61229	3610.60626	3610.29813	3610.30955	
86.52549	3610.67344	3610.66734	3610.35928	3610.37064	
86.53562	3610.7335	3610.72843	3610.41934	3610.43172	
86.54579	3610.79317	3610.78079	3610.47901	3610.48408	
86.55583	3610.85147	3610.84188	3610.53731	3610.54517	
86.56613	3610.91072	3610.90296	3610.59656	3610.60626	
86.57617	3610.96778	3610.95532	3610.65363	3610.66734	
86.58625	3611.02452	3611.01641	3610.71036	3610.7197	
86.59639	3611.08103	3611.06877	3610.76687	3610.78079	
86.60654	3611.13693	3611.12113	3610.82277	3610.83315	
86.61668	3611.19218	3611.18222	3610.87802	3610.89424	
86.6347	3611.28809	3611.27821	3610.97393	3610.99896	
86.63927	3611.31243	3611.30439	3610.99827	3611.02514	
86.64946	3611.36597	3611.35675	3611.05181	3611.0775	
86.65954	3611.41836	3611.40911	3611.1042	3611.12986	
86.66986	3611.47142	3611.47019	3611.15726	3611.18222	
86.67981	3611.52191	3611.52255	3611.20775	3611.23458	
86.68995	3611.57281	3611.57491	3611.25865	3611.27821	
86.70008	3611.62305	3611.61855	3611.30889	3611.33057	
86.71024	3611.67281	3611.67091	3611.35865	3611.38293	
86.72037	3611.72184	3611.71454	3611.40768	3611.43529	
86.7305	3611.77027	3611.7669	3611.45611	3611.48765	
86.74064	3611.81814	3611.81926	3611.50398	3611.52255	
86.75078	3611.86551	3611.86289	3611.55135	3611.57491	
86.76093	3611.91207	3611.90653	3611.59791	3611.61855	
86.77109	3611.95819	3611.95889	3611.64403	3611.66218	
86.78136	3612.00423	3611.99379	3611.69007	3611.70581	
86.79147	3612.04896	3612.04615	3611.7348	3611.74945	
86.80164	3612.09332	3612.08979	3611.77916	3611.79308	
86.81174	3612.13678	3612.13342	3611.82262	3611.83671	
86.82188	3612.17981	3612.16833	3611.86566	3611.87162	
86.83207	3612.22244	3612.21196	3611.90828	3611.92398	
86.84217	3612.26411	3612.25559	3611.94995	3611.95889	
86.85232	3612.30539	3612.29923	3611.99123	3612.00252	
86.86244	3612.34594	3612.34286	3612.03178	3612.04615	
86.87258	3612.38596	3612.37777	3612.0718	3612.08106	
86.88287	3612.42596	3612.41267	3612.1118	3612.12469	
86.89299	3612.46468	3612.44758	3612.15052	3612.1596	
86.90347	3612.50477	3612.48249	3612.19061	3612.20323	
86.91331	3612.54066	3612.52612	3612.2265	3612.23814	
86.92338	3612.57742	3612.56103	3612.26326	3612.28177	
86.93351	3612.61382	3612.59593	3612.29966	3612.31668	
86.94367	3612.64971	3612.63084	3612.33555	3612.35159	
86.95382	3612.68497	3612.67447	3612.37081	3612.38649	
86.96395	3612.71954	3612.70938	3612.40538	3612.4214	
86.97414	3612.75375	3612.74429	3612.43959	3612.44758	
86.98426	3612.78708	3612.77919	3612.47292	3612.48249	
86.99438	3612.81984	3612.8141	3612.50568	3612.51739	
87.00451	3612.85205	3612.849	3612.53789	3612.5523	
87.01464	3612.88365	3612.87518	3612.56949	3612.57848	
87.02478	3612.91469	3612.91009	3612.60053	3612.61339	
87.03503	3612.94546	3612.945	3612.63131	3612.63957	
87.0451	3612.97509	3612.97118	3612.66093	3612.67447	
87.05523	3613.00434	3613.00608	3612.69018	3612.70938	
87.07328	3613.05411	3613.04099	3612.73995	3612.73556	
87.07783	3613.0667	3613.0759	3612.75254	3612.77047	
87.08804	3613.09425	3613.10208	3612.78009	3612.79665	
87.0981	3613.12078	3613.12826	3612.80662	3612.8141	
87.10825	3613.14694	3613.15444	3612.83278	3612.849	
87.11838	3613.17248	3613.18062	3612.85833	3612.86646	
87.12853	3613.1975	3613.2068	3612.88334	3612.89264	
87.13868	3613.22188	3613.23298	3612.90772	3612.91882	
87.14879	3613.24562	3613.25043	3612.93146	3612.93627	
87.15899	3613.26897	3613.27661	3612.95481	3612.96245	
87.16908	3613.29147	3613.29406	3612.97731	3612.98863	
87.17923	3613.31352	3613.32024	3612.99936	3613.00608	
87.18935	3613.33494	3613.3377	3613.02078	3613.02354	
87.19954	3613.35589	3613.35515	3613.04173	3613.04972	
87.20971	3613.37623	3613.38133	3613.06207	3613.05844	
87.21978	3613.3958	3613.39878	3613.08164	3613.08462	
87.22993	3613.41494	3613.42496	3613.10078	3613.10208	
87.2401	3613.43352	3613.43369	3613.11936	3613.11953	
87.25021	3613.45142	3613.45114	3613.13726	3613.12826	
87.26034	3613.46878	3613.4686	3613.15462	3613.14571	
87.27049	3613.48559	3613.48605	3613.17143	3613.16316	
87.2807	3613.50193	3613.49478	3613.18777	3613.18062	
87.29091	3613.51767	3613.51223	3613.20352	3613.18934	
87.30101	3613.53268	3613.52096	3613.21853	3613.19807	
87.31112	3613.54715	3613.52968	3613.23299	3613.21552	
87.32132	3613.56116	3613.54714	3613.247	3613.22425	
87.3314	3613.57445	3613.55586	3613.26029	3613.23298	
87.34155	3613.58726	3613.56459	3613.2731	3613.2417	
87.35168	3613.59949	3613.57332	3613.28533	3613.25043	
87.36186	3613.61138	3613.58204	3613.29722	3613.25916	
87.37198	3613.6223	3613.59077	3613.30814	3613.26788	
87.38212	3613.63285	3613.5995	3613.31869	3613.27661	
87.39228	3613.64288	3613.5995	3613.32872	3613.28534	
87.40255	3613.65245	3613.60822	3613.33829	3613.29406	
87.41253	3613.66123	3613.61695	3613.34707	3613.30279	
87.42267	3613.6696	3613.61695	3613.35544	3613.30279	
87.43491	3613.67886	3613.62568	3613.3647	3613.31152	
87.44307	3613.68477	3613.6344	3613.37061	3613.32024	
87.45316	3613.69152	3613.6344	3613.37736	3613.32897	
87.46331	3613.69777	3613.64313	3613.38361	3613.3377	
87.47352	3613.70355	3613.64313	3613.38939	3613.3377	
87.48358	3613.70875	3613.65186	3613.39459	3613.3377	
87.49373	3613.71349	3613.66058	3613.39933	3613.34642	
87.50388	3613.71775	3613.66931	3613.40359	3613.35515	
87.51409	3613.72156	3613.66931	3613.4074	3613.35515	
87.52416	3613.72486	3613.66931	3613.4107	3613.36388	
87.53433	3613.72774	3613.67804	3613.41359	3613.36388	
87.54445	3613.7302	3613.68676	3613.41604	3613.3726	
87.5546	3613.73225	3613.68676	3613.4181	3613.3726	
87.56484	3613.73395	3613.68676	3613.41979	3613.3726	
87.5749	3613.7389	3613.69549	3613.42474	3613.3726	
87.58501	3613.7389	3613.69549	3613.42474	3613.3726	
87.59517	3613.7389	3613.70422	3613.42474	3613.3726	
87.6053	3613.7389	3613.70422	3613.42474	3613.3726	
87.61553	3613.7389	3613.70422	3613.42474	3613.38133	
87.62568	3613.7389	3613.70422	3613.42474	3613.38133	
87.63579	3613.7389	3613.70422	3613.42474	3613.38133	
87.64588	3613.7389	3613.70422	3613.42474	3613.38133	
87.65605	3613.7389	3613.70422	3613.42474	3613.38133	
87.66616	3613.7389	3613.70422	3613.42474	3613.38133	
87.67631	3613.7389	3613.70422	3613.42474	3613.38133	
87.68645	3613.7389	3613.70422	3613.42474	3613.38133	
87.69659	3613.7389	3613.70422	3613.42474	3613.38133	
87.70672	3613.7389	3613.70422	3613.42474	3613.38133	
87.71691	3613.7389	3613.70422	3613.42474	3613.38133	
87.72709	3613.7389	3613.70422	3613.42474	3613.38133	
87.73716	3613.7389	3613.70422	3613.42474	3613.38133	
87.7473	3613.7389	3613.70422	3613.42474	3613.38133	
87.75742	3613.7389	3613.70422	3613.42474	3613.38133	
87.76756	3613.7389	3613.70422	3613.42474	3613.38133	
87.77776	3613.7389	3613.70422	3613.42474	3613.38133	
87.78786	3613.7389	3613.70422	3613.42474	3613.38133	
87.79798	3613.7389	3613.70422	3613.42474	3613.38133	
87.80816	3613.7389	3613.70422	3613.42474	3613.38133	
87.81829	3613.7389	3613.70422	3613.42474	3613.38133	
87.82843	3613.7389	3613.70422	3613.42474	3613.38133	
87.83855	3613.7389	3613.70422	3613.42474	3613.38133	
87.84874	3613.7389	3613.70422	3613.42474	3613.38133	
87.85891	3613.7389	3613.70422	3613.42474	3613.38133	
87.86902	3613.7389	3613.70422	3613.42474	3613.38133	
87.87915	3613.7389	3613.70422	3613.42474	3613.38133	
87.8893	3613.7389	3613.70422	3613.42474	3613.38133	
87.89942	3613.7389	3613.70422	3613.42474	3613.38133	
87.90957	3613.7389	3613.70422	3613.42474	3613.38133	
87.91971	3613.7389	3613.70422	3613.42474	3613.38133	
87.9299	3613.7389	3613.70422	3613.42474	3613.38133	
87.94	3613.7389	3613.70422	3613.42474	3613.38133	
87.95013	3613.7389	3613.70422	3613.42474	3613.38133	
87.9603	3613.7389	3613.70422	3613.42474	3613.38133	
87.97042	3613.7389	3613.70422	3613.42474	3613.38133	
87.98056	3613.7389	3613.70422	3613.42474	3613.38133	
87.99071	3613.7389	3613.70422	3613.42474	3613.38133	
88.00084	3613.7389	3613.70422	3613.42474	3613.38133	
88.01103	3613.7389	3613.70422	3613.42474	3613.38133	
88.02111	3613.7389	3613.70422	3613.42474	3613.38133	
88.03128	3613.7389	3613.70422	3613.42474	3613.38133	
88.04149	3613.7389	3613.70422	3613.42474	3613.38133	
88.05155	3613.7389	3613.70422	3613.42474	3613.38133	
88.06168	3613.7389	3613.70422	3613.42474	3613.38133	
88.07182	3613.7389	3613.70422	3613.42474	3613.38133	
88.08197	3613.7389	3613.70422	3613.42474	3613.38133	
88.0921	3613.7389	3613.70422	3613.42474	3613.38133	
88.10226	3613.7389	3613.70422	3613.42474	3613.38133	
88.11242	3613.7389	3613.70422	3613.42474	3613.38133	
88.12252	3613.7389	3613.70422	3613.42474	3613.38133	
88.13267	3613.7389	3613.70422	3613.42474	3613.38133	
88.1428	3613.7389	3613.70422	3613.42474	3613.38133	
88.153	3613.7389	3613.70422	3613.42474	3613.38133	
88.16314	3613.7389	3613.70422	3613.42474	3613.38133	
88.17324	3613.7389	3613.70422	3613.42474	3613.38133	
88.18343	3613.7389	3613.70422	3613.42474	3613.38133	
88.19359	3613.7389	3613.70422	3613.42474	3613.38133	
88.20366	3613.7389	3613.70422	3613.42474	3613.38133	
88.21379	3613.7389	3613.70422	3613.42474	3613.38133	
88.22394	3613.7389	3613.70422	3613.42474	3613.38133	
88.23415	3613.7389	3613.70422	3613.42474	3613.38133	
88.24425	3613.7389	3613.70422	3613.42474	3613.38133	
88.25438	3613.7389	3613.70422	3613.42474	3613.38133	
88.26452	3613.7389	3613.70422	3613.42474	3613.38133	
88.27466	3613.7389	3613.70422	3613.42474	3613.38133	
88.28482	3613.7389	3613.70422	3613.42474	3613.38133	
88.29497	3613.7389	3613.70422	3613.42474	3613.38133	
88.3051	3613.7389	3613.70422	3613.42474	3613.38133	
88.31522	3613.7389	3613.70422	3613.42474	3613.38133	
88.32544	3613.7389	3613.70422	3613.42474	3613.38133	
88.33558	3613.7389	3613.70422	3613.42474	3613.38133	
88.34572	3613.7389	3613.70422	3613.42474	3613.38133	
88.35584	3613.7389	3613.70422	3613.42474	3613.38133	
88.36614	3613.7389	3613.70422	3613.42474	3613.38133	
88.37611	3613.7389	3613.70422	3613.42474	3613.38133	
88.38622	3613.7389	3613.70422	3613.42474	3613.38133	
88.39635	3613.7389	3613.70422	3613.42474	3613.38133	
88.4065	3613.7389	3613.70422	3613.42474	3613.38133	
88.41668	3613.7389	3613.70422	3613.42474	3613.38133	
88.42683	3613.7389	3613.70422	3613.42474	3613.38133	
88.44675	3613.7389	3613.70422	3613.42474	3613.38133	
88.45143	3613.7389	3613.70422	3613.42474	3613.38133	
88.46158	3613.7389	3613.70422	3613.42474	3613.38133	
88.47172	3613.7389	3613.70422	3613.42474	3613.38133	
88.4819	3613.7389	3613.70422	3613.42474	3613.38133	
88.492	3613.7389	3613.70422	3613.42474	3613.38133	
88.50213	3613.7389	3613.70422	3613.42474	3613.38133	
88.51232	3613.7389	3613.70422	3613.42474	3613.38133	
88.52242	3613.7389	3613.70422	3613.42474	3613.38133	
88.53256	3613.7389	3613.70422	3613.42474	3613.38133	
88.5427	3613.7389	3613.70422	3613.42474	3613.38133	
88.55301	3613.7389	3613.70422	3613.42474	3613.38133	
88.56317	3613.7389	3613.70422	3613.42474	3613.38133	
88.57329	3613.7389	3613.70422	3613.42474	3613.38133	
88.58343	3613.7389	3613.70422	3613.42474	3613.38133	
88.59363	3613.7389	3613.70422	3613.42474	3613.38133	
88.6037	3613.7389	3613.70422	3613.42474	3613.38133	
88.61386	3613.7389	3613.70422	3613.42474	3613.38133	
88.62439	3613.7389	3613.70422	3613.42474	3613.38133	
88.63417	3613.7389	3613.70422	3613.42474	3613.38133	
88.64434	3613.7389	3613.70422	3613.42474	3613.38133	
88.65475	3613.7389	3613.70422	3613.42474	3613.38133	
88.66459	3613.7389	3613.70422	3613.42474	3613.38133	
88.67474	3613.7389	3613.70422	3613.42474	3613.38133	
88.68487	3613.7389	3613.70422	3613.42474	3613.38133	
88.69502	3613.7389	3613.70422	3613.42474	3613.38133	
88.70519	3613.7389	3613.70422	3613.42474	3613.38133	
88.7153	3613.7389	3613.70422	3613.42474	3613.38133	
88.73326	3613.7389	3613.70422	3613.42474	3613.38133	
88.73786	3613.7389	3613.70422	3613.42474	3613.38133	
88.74796	3613.7389	3613.70422	3613.42474	3613.38133	
88.75812	3613.7389	3613.70422	3613.42474	3613.38133	
88.7683	3613.7389	3613.70422	3613.42474	3613.38133	
88.77838	3613.7389	3613.70422	3613.42474	3613.38133	
88.78853	3613.7389	3613.70422	3613.42474	3613.38133	
88.79865	3613.7389	3613.70422	3613.42474	3613.38133	
88.8088	3613.7389	3613.70422	3613.42474	3613.38133	
88.81895	3613.7389	3613.70422	3613.42474	3613.38133	
88.82945	3613.7389	3613.70422	3613.42474	3613.38133	
88.83922	3613.7389	3613.70422	3613.42474	3613.38133	
88.84934	3613.7389	3613.70422	3613.42474	3613.38133	
88.85949	3613.7389	3613.70422	3613.42474	3613.38133	
88.86966	3613.7389	3613.70422	3613.42474	3613.38133	
88.87978	3613.7389	3613.70422	3613.42474	3613.39006	
88.88997	3613.7389	3613.70422	3613.42474	3613.39006	
88.90005	3613.7389	3613.70422	3613.42474	3613.39006	
88.91022	3613.7389	3613.70422	3613.42474	3613.39006	
88.92038	3613.7389	3613.70422	3613.42474	3613.39006	
88.93048	3613.7389	3613.70422	3613.42474	3613.39006	
88.94061	3613.7389	3613.70422	3613.42474	3613.39006	
88.95076	3613.7389	3613.70422	3613.42474	3613.39006	
88.9609	3613.7389	3613.70422	3613.42474	3613.39878	
88.97111	3613.7389	3613.70422	3613.42474	3613.39878	
88.98119	3613.7389	3613.70422	3613.42474	3613.40751	
88.99134	3613.7389	3613.70422	3613.42474	3613.40751	
89.00152	3613.7389	3613.70422	3613.42474	3613.40751	
89.01162	3613.7389	3613.70422	3613.42474	3613.41624	
89.02177	3613.7389	3613.70422	3613.42474	3613.41624	
89.03191	3613.7389	3613.70422	3613.42474	3613.42496	
89.04205	3613.7389	3613.70422	3613.42474	3613.42496	
89.05218	3613.7389	3613.70422	3613.42474	3613.42496	
89.06232	3613.7389	3613.71294	3613.42474	3613.42496	
89.07254	3613.7389	3613.72167	3613.42474	3613.42496	
89.08261	3613.7389	3613.72167	3613.42474	3613.42496	
89.09275	3613.7389	3613.7304	3613.42474	3613.42496	
89.10304	3613.7389	3613.7304	3613.42474	3613.42496	
89.11304	3613.7389	3613.73912	3613.42474	3613.42496	
89.12323	3613.7389	3613.73912	3613.42474	3613.42496	
89.13335	3613.7389	3613.73912	3613.42474	3613.42496	
89.14348	3613.7389	3613.73912	3613.42474	3613.42496	
89.15368	3613.7389	3613.73912	3613.42474	3613.42496	
89.16375	3613.7389	3613.73912	3613.42474	3613.42496	
89.17389	3613.7389	3613.73912	3613.42474	3613.42496	
89.18416	3613.7389	3613.73912	3613.42474	3613.42496	
89.19422	3613.7389	3613.73912	3613.42474	3613.42496	
89.20433	3613.7389	3613.73912	3613.42474	3613.42496	
89.21449	3613.7389	3613.73912	3613.42474	3613.42496	
89.22464	3613.7389	3613.73912	3613.42474	3613.42496	
89.23477	3613.7389	3613.73912	3613.42474	3613.42496	
89.2449	3613.7389	3613.73912	3613.42474	3613.42496	
89.25507	3613.7389	3613.73912	3613.42474	3613.42496	
89.26519	3613.7389	3613.73912	3613.42474	3613.42496	
89.27533	3613.7389	3613.73912	3613.42474	3613.42496	
89.28555	3613.7389	3613.73912	3613.42474	3613.42496	
89.29563	3613.7389	3613.73912	3613.42474	3613.42496	
89.30588	3613.7389	3613.73912	3613.42474	3613.42496	
89.31592	3613.7389	3613.73912	3613.42474	3613.42496	
89.32606	3613.7389	3613.73912	3613.42474	3613.42496	
89.3364	3613.7389	3613.73912	3613.42474	3613.42496	
89.34635	3613.7389	3613.73912	3613.42474	3613.42496	
89.3565	3613.7389	3613.73912	3613.42474	3613.42496	
89.36663	3613.7389	3613.73912	3613.42474	3613.42496	
89.37679	3613.7389	3613.73912	3613.42474	3613.42496	
89.38719	3613.7389	3613.73912	3613.42474	3613.42496	
89.3971	3613.7389	3613.73912	3613.42474	3613.42496	
89.40724	3613.7389	3613.73912	3613.42474	3613.42496	
89.41737	3613.7389	3613.73912	3613.42474	3613.42496	
89.42752	3613.7389	3613.73912	3613.42474	3613.42496	
89.43968	3613.7389	3613.73912	3613.42474	3613.42496	
89.44796	3613.7389	3613.73912	3613.42474	3613.42496	
89.45793	3613.7389	3613.73912	3613.42474	3613.42496	
89.46824	3613.7389	3613.73912	3613.42474	3613.42496	
89.47819	3613.7389	3613.73912	3613.42474	3613.42496	
89.48839	3613.7389	3613.73912	3613.42474	3613.42496	
89.49849	3613.7389	3613.73912	3613.42474	3613.42496	
89.50863	3613.7389	3613.73912	3613.42474	3613.42496	
89.51877	3613.7389	3613.73912	3613.42474	3613.42496	
89.52893	3613.7389	3613.73912	3613.42474	3613.42496	
89.54695	3613.7389	3613.73912	3613.42474	3613.42496	
89.5515	3613.7389	3613.73912	3613.42474	3613.42496	
89.56171	3613.7389	3613.73912	3613.42474	3613.42496	
89.57179	3613.7389	3613.73912	3613.42474	3613.42496	
89.58192	3613.7389	3613.73912	3613.42474	3613.42496	
89.59207	3613.7389	3613.73912	3613.42474	3613.42496	
89.60225	3613.7389	3613.73912	3613.42474	3613.42496	
89.61237	3613.7389	3613.73912	3613.42474	3613.42496	
89.62253	3613.7389	3613.73912	3613.42474	3613.42496	
89.63266	3613.7389	3613.73912	3613.42474	3613.42496	
89.64279	3613.7389	3613.73912	3613.42474	3613.42496	
89.65312	3613.7389	3613.73912	3613.42474	3613.42496	
89.66311	3613.7389	3613.73912	3613.42474	3613.42496	
89.67323	3613.7389	3613.73912	3613.42474	3613.42496	
89.6834	3613.7389	3613.73912	3613.42474	3613.42496	
89.69351	3613.7389	3613.73912	3613.42474	3613.42496	
89.70368	3613.7389	3613.73912	3613.42474	3613.42496	
89.714	3613.7389	3613.73912	3613.42474	3613.42496	
89.72394	3613.7389	3613.73912	3613.42474	3613.42496	
89.73425	3613.7389	3613.73912	3613.42474	3613.42496	
89.74431	3613.7389	3613.73912	3613.42474	3613.42496	
89.7544	3613.7389	3613.73912	3613.42474	3613.42496	
89.76453	3613.7389	3613.73912	3613.42474	3613.42496	
89.77465	3613.7389	3613.73912	3613.42474	3613.42496	
89.78495	3613.7389	3613.73912	3613.42474	3613.42496	
89.79495	3613.7389	3613.73912	3613.42474	3613.42496	
89.80531	3613.7389	3613.73912	3613.42474	3613.42496	
89.81545	3613.7389	3613.73912	3613.42474	3613.42496	
89.82543	3613.7389	3613.73912	3613.42474	3613.42496	
89.83557	3613.7389	3613.73912	3613.42474	3613.42496	
89.84613	3613.7389	3613.73912	3613.42474	3613.42496	
89.85584	3613.7389	3613.73912	3613.42474	3613.42496	
89.86595	3613.7389	3613.73912	3613.42474	3613.42496	
89.87605	3613.7389	3613.73912	3613.42474	3613.42496	
89.88621	3613.7389	3613.73912	3613.42474	3613.42496	
89.8964	3613.7389	3613.73912	3613.42474	3613.42496	
89.90649	3613.7389	3613.73912	3613.42474	3613.42496	
89.91667	3613.7389	3613.73912	3613.42474	3613.42496	
89.92679	3613.7389	3613.73912	3613.42474	3613.42496	
89.93698	3613.7389	3613.73912	3613.42474	3613.42496	
89.94718	3613.7389	3613.73912	3613.42474	3613.42496	
89.95754	3613.7389	3613.73912	3613.42474	3613.42496	
89.96768	3613.7389	3613.73912	3613.42474	3613.42496	
89.97784	3613.7389	3613.73912	3613.42474	3613.42496	
89.98813	3613.7389	3613.73912	3613.42474	3613.42496	
89.99807	3613.7389	3613.73912	3613.42474	3613.42496	
90.00826	3613.7389	3613.73912	3613.42474	3613.42496	
90.01838	3613.7389	3613.73912	3613.42474	3613.42496	
90.0285	3613.7389	3613.73912	3613.42474	3613.42496	
90.03866	3613.7389	3613.73912	3613.42474	3613.42496	
90.04894	3613.7389	3613.73912	3613.42474	3613.42496	
90.05893	3613.7389	3613.73912	3613.42474	3613.42496	
90.06905	3613.7389	3613.73912	3613.42474	3613.42496	
90.07918	3613.7389	3613.73912	3613.42474	3613.42496	
90.08934	3613.7389	3613.73912	3613.42474	3613.42496	
90.09948	3613.7389	3613.73912	3613.42474	3613.42496	
90.10962	3613.7389	3613.73912	3613.42474	3613.42496	
90.11978	3613.7389	3613.73912	3613.42474	3613.42496	
90.12995	3613.7389	3613.73912	3613.42474	3613.42496	
90.14004	3613.7389	3613.73912	3613.42474	3613.42496	
90.15018	3613.7389	3613.73912	3613.42474	3613.42496	
90.16035	3613.7389	3613.73912	3613.42474	3613.42496	
90.17046	3613.7389	3613.73912	3613.42474	3613.42496	
90.1806	3613.7389	3613.73912	3613.42474	3613.42496	
90.19074	3613.7389	3613.73912	3613.42474	3613.42496	
90.20088	3613.7389	3613.73912	3613.42474	3613.42496	
90.21103	3613.7389	3613.73912	3613.42474	3613.42496	
90.22137	3613.7389	3613.73912	3613.42474	3613.42496	
90.23135	3613.7389	3613.73912	3613.42474	3613.42496	
90.24144	3613.7389	3613.73912	3613.42474	3613.42496	
90.25157	3613.7389	3613.73912	3613.42474	3613.42496	
90.2617	3613.7389	3613.73912	3613.42474	3613.42496	
90.27184	3613.7389	3613.73912	3613.42474	3613.42496	
90.282	3613.7389	3613.73912	3613.42474	3613.42496	
90.29213	3613.7389	3613.73912	3613.42474	3613.42496	
90.30227	3613.7389	3613.73912	3613.42474	3613.42496	
90.31243	3613.7389	3613.73912	3613.42474	3613.42496	
90.32254	3613.7389	3613.73912	3613.42474	3613.42496	
90.33286	3613.7389	3613.73912	3613.42474	3613.42496	
90.34284	3613.7389	3613.73912	3613.42474	3613.42496	
90.35301	3613.7389	3613.73912	3613.42474	3613.42496	
90.36326	3613.7389	3613.73912	3613.42474	3613.42496	
90.37328	3613.7389	3613.73912	3613.42474	3613.42496	
90.38341	3613.7389	3613.73912	3613.42474	3613.42496	
90.39361	3613.7389	3613.73912	3613.42474	3613.42496	
90.4037	3613.7389	3613.73912	3613.42474	3613.42496	
90.41383	3613.7389	3613.73912	3613.42474	3613.42496	
90.42397	3613.7389	3613.73912	3613.42474	3613.42496	
90.43417	3613.7389	3613.73912	3613.42474	3613.42496	
90.44436	3613.7389	3613.73912	3613.42474	3613.42496	
90.45447	3613.7389	3613.73912	3613.42474	3613.42496	
90.46463	3613.7389	3613.73912	3613.42474	3613.42496	
90.47473	3613.7389	3613.73912	3613.42474	3613.42496	
90.48487	3613.7389	3613.73912	3613.42474	3613.42496	
90.495	3613.7389	3613.73912	3613.42474	3613.42496	
90.50517	3613.7389	3613.73912	3613.42474	3613.42496	
90.51542	3613.7389	3613.73912	3613.42474	3613.42496	
90.52555	3613.7389	3613.73912	3613.42474	3613.42496	
90.54359	3613.7389	3613.73912	3613.42474	3613.42496	
90.54815	3613.7389	3613.73912	3613.42474	3613.42496	
90.55829	3613.7389	3613.73912	3613.42474	3613.42496	
90.56872	3613.7389	3613.73912	3613.42474	3613.42496	
90.57858	3613.7389	3613.73912	3613.42474	3613.42496	
90.5887	3613.7389	3613.73912	3613.42474	3613.42496	
90.59884	3613.7389	3613.73912	3613.42474	3613.42496	
90.60899	3613.7389	3613.73912	3613.42474	3613.42496	
90.61913	3613.7389	3613.73912	3613.42474	3613.42496	
90.62926	3613.7389	3613.73912	3613.42474	3613.42496	
90.63941	3613.7389	3613.73912	3613.42474	3613.42496	
90.64954	3613.7389	3613.73912	3613.42474	3613.42496	
90.65967	3613.7389	3613.73912	3613.42474	3613.42496	
90.66998	3613.7389	3613.73912	3613.42474	3613.42496	
90.67996	3613.7389	3613.73912	3613.42474	3613.42496	
90.69013	3613.7389	3613.73912	3613.42474	3613.42496	
90.70024	3613.7389	3613.73912	3613.42474	3613.42496	
90.71037	3613.7389	3613.73912	3613.42474	3613.42496	
90.72054	3613.7389	3613.73912	3613.42474	3613.42496	
90.73065	3613.7389	3613.73912	3613.42474	3613.42496	
90.74078	3613.7389	3613.73912	3613.42474	3613.42496	
90.75094	3613.7389	3613.73912	3613.42474	3613.42496	
90.7611	3613.7389	3613.73912	3613.42474	3613.42496	
90.77126	3613.7389	3613.73912	3613.42474	3613.42496	
90.78135	3613.7389	3613.73912	3613.42474	3613.42496	
90.79149	3613.7389	3613.73912	3613.42474	3613.42496	
90.80168	3613.7389	3613.73912	3613.42474	3613.42496	
90.81178	3613.7389	3613.73912	3613.42474	3613.42496	
90.82191	3613.7389	3613.73912	3613.42474	3613.42496	
90.83205	3613.7389	3613.73912	3613.42474	3613.42496	
90.84219	3613.7389	3613.73912	3613.42474	3613.42496	
90.85235	3613.7389	3613.73912	3613.42474	3613.42496	
90.86248	3613.7389	3613.73912	3613.42474	3613.42496	
90.87267	3613.7389	3613.73912	3613.42474	3613.42496	
90.8828	3613.7389	3613.73912	3613.42474	3613.42496	
90.89299	3613.7389	3613.73912	3613.42474	3613.42496	
90.90351	3613.7389	3613.73912	3613.42474	3613.42496	
90.91339	3613.7389	3613.73912	3613.42474	3613.42496	
90.92341	3613.7389	3613.73912	3613.42474	3613.42496	
90.9335	3613.7389	3613.73912	3613.42474	3613.42496	
90.94365	3613.7389	3613.73912	3613.42474	3613.42496	
90.95412	3613.7389	3613.73912	3613.42474	3613.42496	
90.96393	3613.7389	3613.73912	3613.42474	3613.42496	
90.97412	3613.7389	3613.73912	3613.42474	3613.42496	
90.98442	3613.7389	3613.73912	3613.42474	3613.42496	
90.99451	3613.7389	3613.73912	3613.42474	3613.42496	
91.00474	3613.7389	3613.73912	3613.42474	3613.42496	
91.01463	3613.7389	3613.73912	3613.42474	3613.42496	
91.02478	3613.7389	3613.73912	3613.42474	3613.42496	
91.03491	3613.7389	3613.73912	3613.42474	3613.42496	
91.04506	3613.7389	3613.73912	3613.42474	3613.42496	
91.05522	3613.7389	3613.73912	3613.42474	3613.42496	
91.06542	3613.7389	3613.73912	3613.42474	3613.42496	
91.07554	3613.7389	3613.73912	3613.42474	3613.42496	
91.08563	3613.7389	3613.73912	3613.42474	3613.42496	
91.09584	3613.7389	3613.73912	3613.42474	3613.42496	
91.10594	3613.7389	3613.73912	3613.42474	3613.42496	
91.11604	3613.7389	3613.73912	3613.42474	3613.42496	
91.12621	3613.7389	3613.73912	3613.42474	3613.42496	
91.13637	3613.7389	3613.73912	3613.42474	3613.42496	
91.14648	3613.7389	3613.73912	3613.42474	3613.42496	
91.1566	3613.7389	3613.73912	3613.42474	3613.42496	
91.16678	3613.7389	3613.73912	3613.42474	3613.42496	
91.17696	3613.7389	3613.73912	3613.42474	3613.42496	
91.18713	3613.7389	3613.73912	3613.42474	3613.42496	
91.19724	3613.7389	3613.73912	3613.42474	3613.42496	
91.20753	3613.7389	3613.73912	3613.42474	3613.42496	
91.21753	3613.7389	3613.73912	3613.42474	3613.42496	
91.22764	3613.7389	3613.73912	3613.42474	3613.42496	
91.2378	3613.7389	3613.73912	3613.42474	3613.42496	
91.24794	3613.7389	3613.73912	3613.42474	3613.42496	
91.25808	3613.7389	3613.73912	3613.42474	3613.42496	
91.26822	3613.7389	3613.73912	3613.42474	3613.42496	
91.27833	3613.7389	3613.73912	3613.42474	3613.42496	
91.28851	3613.7389	3613.73912	3613.42474	3613.42496	
91.2986	3613.7389	3613.73912	3613.42474	3613.42496	
91.30877	3613.7389	3613.73912	3613.42474	3613.42496	
91.31889	3613.7389	3613.73912	3613.42474	3613.42496	
91.3292	3613.7389	3613.73912	3613.42474	3613.42496	
91.33918	3613.7389	3613.73912	3613.42474	3613.42496	
91.34928	3613.7389	3613.73912	3613.42474	3613.42496	
91.35943	3613.7389	3613.73912	3613.42474	3613.42496	
91.3696	3613.7389	3613.73912	3613.42474	3613.42496	
91.37972	3613.7389	3613.73912	3613.42474	3613.42496	
91.38987	3613.7389	3613.73912	3613.42474	3613.42496	
91.4	3613.7389	3613.73912	3613.42474	3613.42496	
91.41019	3613.7389	3613.73912	3613.42474	3613.42496	
91.42031	3613.7389	3613.73912	3613.42474	3613.42496	
91.43042	3613.7389	3613.73912	3613.42474	3613.42496	
91.44259	3613.7389	3613.73912	3613.42474	3613.42496	
91.45072	3613.7389	3613.73912	3613.42474	3613.42496	
91.46084	3613.7389	3613.73912	3613.42474	3613.42496	
91.47099	3613.7389	3613.73912	3613.42474	3613.42496	
91.48117	3613.7389	3613.73912	3613.42474	3613.42496	
91.49134	3613.7389	3613.73912	3613.42474	3613.42496	
91.50144	3613.7389	3613.73912	3613.42474	3613.42496	
91.5116	3613.7389	3613.73912	3613.42474	3613.42496	
91.52179	3613.7389	3613.73912	3613.42474	3613.42496	
91.53184	3613.7389	3613.73912	3613.42474	3613.42496	
91.54212	3613.7389	3613.73912	3613.42474	3613.42496	
91.55212	3613.7389	3613.73912	3613.42474	3613.42496	
91.56227	3613.7389	3613.73912	3613.42474	3613.42496	
91.57241	3613.7389	3613.73912	3613.42474	3613.42496	
91.58258	3613.7389	3613.73912	3613.42474	3613.42496	
91.5928	3613.7389	3613.73912	3613.42474	3613.42496	
91.60297	3613.7389	3613.73912	3613.42474	3613.42496	
91.61306	3613.7389	3613.73912	3613.42474	3613.42496	
91.6232	3613.7389	3613.73912	3613.42474	3613.42496	
91.63337	3613.7389	3613.73912	3613.42474	3613.42496	
91.64353	3613.7389	3613.73912	3613.42474	3613.42496	
91.65365	3613.7389	3613.73912	3613.42474	3613.42496	
91.66381	3613.7389	3613.73912	3613.42474	3613.42496	
91.67398	3613.7389	3613.73912	3613.42474	3613.42496	
91.68417	3613.7389	3613.73912	3613.42474	3613.42496	
91.69424	3613.7389	3613.73912	3613.42474	3613.42496	
91.70456	3613.7389	3613.73912	3613.42474	3613.42496	
91.71452	3613.7389	3613.73912	3613.42474	3613.42496	
91.72466	3613.7389	3613.73912	3613.42474	3613.42496	
91.73495	3613.7389	3613.73912	3613.42474	3613.42496	
91.74497	3613.7389	3613.73912	3613.42474	3613.42496	
91.75511	3613.7389	3613.73912	3613.42474	3613.42496	
91.76524	3613.7389	3613.73912	3613.42474	3613.42496	
91.77545	3613.7389	3613.73912	3613.42474	3613.42496	
91.78568	3613.7389	3613.73912	3613.42474	3613.42496	
91.79583	3613.7389	3613.73912	3613.42474	3613.42496	
91.80591	3613.7389	3613.73912	3613.42474	3613.42496	
91.81605	3613.7389	3613.73912	3613.42474	3613.42496	
91.82622	3613.7389	3613.73912	3613.42474	3613.42496	
91.83632	3613.7389	3613.73912	3613.42474	3613.42496	
91.84647	3613.7389	3613.73912	3613.42474	3613.42496	
91.85663	3613.7389	3613.73912	3613.42474	3613.42496	
91.8669	3613.7389	3613.73912	3613.42474	3613.42496	
91.87688	3613.7389	3613.73912	3613.42474	3613.42496	
91.88707	3613.7389	3613.73912	3613.42474	3613.42496	
91.89717	3613.7389	3613.73912	3613.42474	3613.42496	
91.90736	3613.7389	3613.73912	3613.42474	3613.42496	
91.91745	3613.7389	3613.73912	3613.42474	3613.42496	
91.92758	3613.7389	3613.73912	3613.42474	3613.42496	
91.93775	3613.7389	3613.73912	3613.42474	3613.42496	
91.94785	3613.7389	3613.73912	3613.42474	3613.42496	
91.95799	3613.7389	3613.73912	3613.42474	3613.42496	
91.96815	3613.7389	3613.73912	3613.42474	3613.42496	
91.97828	3613.7389	3613.73912	3613.42474	3613.42496	
91.98841	3613.7389	3613.73912	3613.42474	3613.42496	
91.99858	3613.7389	3613.73912	3613.42474	3613.42496	
92.0087	3613.7389	3613.73912	3613.42474	3613.42496	
92.01882	3613.7389	3613.73912	3613.42474	3613.42496	
92.02895	3613.7389	3613.73912	3613.42474	3613.42496	
92.03911	3613.7389	3613.73912	3613.42474	3613.42496	
92.04924	3613.7389	3613.73912	3613.42474	3613.42496	
92.05955	3613.7389	3613.73912	3613.42474	3613.42496	
92.06953	3613.7389	3613.73912	3613.42474	3613.42496	
92.07967	3613.7389	3613.73912	3613.42474	3613.42496	
92.08989	3613.7389	3613.73912	3613.42474	3613.42496	
92.10014	3613.7389	3613.73912	3613.42474	3613.42496	
92.1101	3613.7389	3613.73912	3613.42474	3613.42496	
92.12023	3613.7389	3613.73912	3613.42474	3613.42496	
92.13037	3613.7389	3613.73912	3613.42474	3613.42496	
92.14049	3613.7389	3613.73912	3613.42474	3613.42496	
92.15064	3613.7389	3613.73912	3613.42474	3613.42496	
92.16078	3613.7389	3613.73912	3613.42474	3613.42496	
92.17092	3613.7389	3613.73912	3613.42474	3613.42496	
92.18104	3613.7389	3613.73912	3613.42474	3613.42496	
92.19118	3613.7389	3613.73912	3613.42474	3613.42496	
92.20148	3613.7389	3613.73912	3613.42474	3613.42496	
92.21151	3613.7389	3613.73912	3613.42474	3613.42496	
92.22162	3613.7389	3613.73912	3613.42474	3613.42496	
92.23176	3613.7389	3613.73912	3613.42474	3613.42496	
92.24197	3613.7389	3613.73912	3613.42474	3613.42496	
92.25219	3613.7389	3613.73912	3613.42474	3613.42496	
92.26233	3613.7389	3613.73912	3613.42474	3613.42496	
92.27233	3613.7389	3613.73912	3613.42474	3613.42496	
92.2825	3613.7389	3613.73912	3613.42474	3613.42496	
92.29261	3613.7389	3613.73912	3613.42474	3613.42496	
92.30275	3613.7389	3613.73912	3613.42474	3613.42496	
92.31317	3613.7389	3613.73912	3613.42474	3613.42496	
92.32304	3613.7389	3613.73912	3613.42474	3613.42496	
92.33319	3613.7389	3613.73912	3613.42474	3613.42496	
92.34334	3613.7389	3613.73912	3613.42474	3613.42496	
92.35348	3613.7389	3613.73912	3613.42474	3613.42496	
92.36365	3613.7389	3613.73912	3613.42474	3613.42496	
92.37376	3613.7389	3613.73912	3613.42474	3613.42496	
92.38391	3613.7389	3613.73912	3613.42474	3613.42496	
92.39414	3613.7389	3613.73912	3613.42474	3613.42496	
92.40458	3613.7389	3613.73912	3613.42474	3613.42496	
92.41434	3613.7389	3613.73912	3613.42474	3613.42496	
92.42454	3613.7389	3613.73912	3613.42474	3613.42496	
92.43465	3613.7389	3613.73912	3613.42474	3613.42496	
92.44682	3613.7389	3613.73912	3613.42474	3613.42496	
92.45492	3613.7389	3613.73912	3613.42474	3613.42496	
92.46505	3613.7389	3613.73912	3613.42474	3613.42496	
92.4752	3613.7389	3613.73912	3613.42474	3613.42496	
92.48534	3613.7389	3613.73912	3613.42474	3613.42496	
92.49554	3613.7389	3613.73912	3613.42474	3613.42496	
92.50564	3613.7389	3613.73912	3613.42474	3613.42496	
92.51581	3613.7389	3613.73912	3613.42474	3613.42496	
