35.88761	629.850814	629.836967	629.082869	629.069022	
35.89223	629.851512	629.836967	629.083567	629.069022	
35.90239	629.85384	629.836967	629.085896	629.069022	
35.91254	629.856781	629.845694	629.088836	629.069022	
35.92266	629.86033	629.845694	629.092385	629.069022	
35.93284	629.864521	629.85442	629.096576	629.069022	
35.94294	629.869293	629.85442	629.101348	629.077749	
35.95306	629.874685	629.85442	629.10674	629.086476	
35.96321	629.880713	629.863147	629.112768	629.086476	
35.97335	629.887354	629.871874	629.119409	629.103929	
35.98355	629.894658	629.871874	629.126713	629.103929	
35.99364	629.902494	629.8806	629.134549	629.112656	
36.00377	629.910971	629.889327	629.143026	629.121382	
36.01398	629.920145	629.898054	629.1522	629.130109	
36.02408	629.929828	629.90678	629.161883	629.138835	
36.0342	629.940147	629.90678	629.172202	629.147562	
36.04434	629.951107	629.915507	629.183162	629.156289	
36.05448	629.962685	629.924234	629.19474	629.165015	
36.06462	629.974871	629.924234	629.206926	629.173742	
36.07494	629.987932	629.93296	629.219987	629.173742	
36.08488	630.001089	629.941687	629.233144	629.191195	
36.09503	630.01515	629.950414	629.247205	629.199922	
36.10517	630.029794	629.95914	629.261849	629.208649	
36.11546	630.045318	629.976594	629.277373	629.226102	
36.12545	630.060966	629.994047	629.293021	629.243555	
36.13562	630.077524	630.0115	629.309579	629.252282	
36.14572	630.094592	630.03768	629.326647	629.278462	
36.15586	630.112331	630.055133	629.344386	629.295915	
36.16602	630.130737	630.081313	629.362792	629.313368	
36.17614	630.149668	630.107493	629.381723	629.348275	
36.18627	630.169238	630.133673	629.401293	629.365728	
36.19643	630.189489	630.151126	629.421545	629.391908	
36.20656	630.210296	630.186033	629.442351	629.418088	
36.21669	630.231723	630.203486	629.463778	629.444268	
36.22683	630.253784	630.22094	629.485839	629.470448	
36.237	630.276541	630.255846	629.508596	629.496628	
36.2471	630.29974	630.273299	629.531795	629.522808	
36.25724	630.323651	630.299479	629.555706	629.557714	
36.26736	630.348126	630.325659	629.580181	629.575168	
36.27755	630.373412	630.351839	629.605467	629.601348	
36.28807	630.400161	630.378019	629.632216	629.627528	
36.29818	630.426495	630.404199	629.65855	629.653708	
36.30833	630.453558	630.430379	629.685613	629.679888	
36.31854	630.48137	630.456559	629.713425	629.697341	
36.32873	630.50976	630.482739	629.741815	629.723521	
36.33892	630.538799	630.508919	629.770854	629.749701	
36.34894	630.568017	630.535099	629.800072	629.767154	
36.35909	630.598059	630.561279	629.830114	629.793334	
36.36921	630.628721	630.587459	629.860776	629.819514	
36.37936	630.660086	630.604912	629.892142	629.845694	
36.38948	630.692002	630.639819	629.924057	629.871874	
36.39968	630.72478	630.665999	629.956836	629.90678	
36.40975	630.757722	630.692179	629.989778	629.941687	
36.4199	630.791543	630.718358	630.023598	629.976594	
36.43026	630.826769	630.753265	630.058824	630.0115	
36.4402	630.8611	630.788172	630.093155	630.046407	
36.45037	630.89685	630.831805	630.128905	630.081313	
36.46046	630.93294	630.875438	630.164996	630.124946	
36.47058	630.969769	630.919071	630.201824	630.16858	
36.48088	631.007883	630.962705	630.239938	630.212213	
36.49087	631.045455	631.006338	630.27751	630.255846	
36.50103	631.084259	631.058698	630.316314	630.299479	
36.51114	631.123508	631.102331	630.355563	630.343113	
36.52128	631.163499	631.145964	630.395555	630.386746	
36.53143	631.204125	631.198324	630.43618	630.430379	
36.54162	631.245542	631.233231	630.477597	630.474012	
36.55175	631.287296	631.276864	630.519351	630.517646	
36.56183	631.329511	631.320497	630.561566	630.561279	
36.57197	631.372583	631.355404	630.604638	630.604912	
36.58217	631.416506	631.407763	630.648561	630.639819	
36.59228	631.460659	631.44267	630.692715	630.692179	
36.6024	631.505485	631.486303	630.73754	630.727085	
36.61253	631.550953	631.529937	630.783008	630.770718	
36.62271	631.597329	631.57357	630.829384	630.814352	
36.63286	631.644106	631.617203	630.876161	630.857985	
36.64301	631.691534	631.65211	630.923589	630.901618	
36.65312	631.739412	631.695743	630.971467	630.945251	
36.66325	631.787981	631.739376	631.020036	630.988884	
36.6734	631.837221	631.783009	631.069276	631.032518	
36.68353	631.887058	631.826643	631.119113	631.076151	
36.69368	631.937552	631.879002	631.169607	631.128511	
36.70385	631.988782	631.922636	631.220837	631.163417	
36.71394	632.040248	631.966269	631.272303	631.215777	
36.72407	632.092472	632.027355	631.324528	631.268137	
36.73425	632.145657	632.079715	631.377712	631.320497	
36.74439	632.199201	632.140802	631.431256	631.372857	
36.75451	632.253248	632.201888	631.485303	631.433943	
36.76491	632.309454	632.254248	631.541509	631.49503	
36.77477	632.363341	632.315335	631.595396	631.54739	
36.78496	632.419637	632.385148	631.651692	631.617203	
36.79505	632.475971	632.446234	631.708026	631.67829	
36.80724	632.545058	632.507321	631.777113	631.739376	
36.81539	632.591441	632.568407	631.823496	631.800463	
36.82547	632.649646	632.629494	631.881701	631.861549	
36.83561	632.708686	632.699307	631.940741	631.931362	
36.84579	632.768641	632.760394	632.000696	631.992449	
36.8559	632.828837	632.830207	632.060892	632.053535	
36.86603	632.889678	632.882567	632.121733	632.105895	
36.87616	632.951189	632.943653	632.183244	632.175708	
36.88632	633.013472	633.013466	632.245527	632.236795	
36.89643	633.076122	633.065826	632.308177	632.297881	
36.9066	633.139703	633.126913	632.371758	632.358968	
36.91671	633.203539	633.187999	632.435594	632.420054	
36.92686	633.268286	633.249086	632.500341	632.489868	
36.93723	633.335049	633.310172	632.567104	632.542228	
36.94717	633.399656	633.371259	632.631711	632.612041	
36.95738	633.466625	633.432345	632.69868	632.673127	
36.96759	633.534179	633.502159	632.766234	632.734214	
36.9779	633.603646	633.563245	632.835701	632.804027	
36.98781	633.669906	633.633058	632.901961	632.865113	
36.99795	633.738902	633.694145	632.970957	632.9262	
37.0081	633.808551	633.763958	633.040606	632.996013	
37.01824	633.878789	633.833771	633.110844	633.0571	
37.02855	633.950742	633.894858	633.182797	633.126913	
37.03865	634.021954	633.973397	633.254009	633.196726	
37.04873	634.093598	634.043211	633.325653	633.275266	
37.05891	634.166556	634.12175	633.398611	633.345079	
37.06905	634.239887	634.20029	633.471942	633.432345	
37.07918	634.313747	634.270103	633.545802	633.502159	
37.08932	634.388207	634.35737	633.620262	633.589425	
37.09946	634.463351	634.444636	633.695406	633.667965	
37.10958	634.539036	634.51445	633.771091	633.746505	
37.11977	634.615741	634.601716	633.847796	633.833771	
37.12985	634.692322	634.680256	633.924378	633.921038	
37.14007	634.770529	634.758796	634.002584	633.990851	
37.15022	634.84883	634.846062	634.080886	634.078117	
37.16035	634.927679	634.924602	634.159734	634.156657	
37.17041	635.006487	635.003142	634.238542	634.235197	
37.18056	635.086612	635.081682	634.318667	634.313737	
37.19073	635.167628	635.160221	634.399683	634.392277	
37.20089	635.249096	635.238761	634.481151	634.470816	
37.211	635.330741	635.317301	634.562797	634.549356	
37.22113	635.413255	635.387114	634.64531	634.619169	
37.23129	635.4966	635.456927	634.728655	634.697709	
37.24145	635.580531	635.535467	634.812586	634.776249	
37.2516	635.665006	635.622734	634.897061	634.854789	
37.26169	635.749649	635.701273	634.981704	634.933329	
37.27188	635.835706	635.771087	635.067761	635.011868	
37.28195	635.921389	635.858353	635.153444	635.099135	
37.29209	636.008217	635.94562	635.240272	635.177675	
37.30227	636.096106	636.032886	635.328161	635.264941	
37.32144	636.264244	636.189966	635.496299	635.439474	
37.32598	636.303951	636.233599	635.536006	635.483107	
37.3361	636.393305	636.329592	635.62536	635.5791	
37.34627	636.483722	636.416858	635.715777	635.666367	
37.35638	636.574299	636.512852	635.806354	635.771087	
37.36656	636.666026	636.608845	635.898081	635.86708	
37.37669	636.757935	636.704838	635.989991	635.963073	
37.38682	636.850488	636.800831	636.082543	636.059066	
37.39699	636.943971	636.905551	636.176027	636.155059	
37.40709	637.037552	637.001544	636.269607	636.251052	
37.41722	637.131924	637.097537	636.363979	636.347045	
37.42735	637.226949	637.202257	636.459004	636.443038	
37.43758	637.323449	637.29825	636.555504	636.539031	
37.44771	637.419769	637.394243	636.651824	636.635025	
37.4578	637.516223	637.498963	636.748279	636.731018	
37.46794	637.613832	637.586229	636.845888	636.827011	
37.47813	637.712567	637.690949	636.944622	636.923004	
37.48826	637.811168	637.795669	637.043223	637.018997	
37.49837	637.910344	637.891662	637.142399	637.123717	
37.50853	638.010522	637.987655	637.242577	637.21971	
37.51872	638.111629	638.074921	637.343685	637.32443	
37.5288	638.212391	638.179641	637.444447	637.420423	
37.53895	638.314352	638.275634	637.546407	637.516416	
37.54909	638.41688	638.371627	637.648935	637.621136	
37.55935	638.521236	638.46762	637.753291	637.717129	
37.56935	638.623508	638.563613	637.855563	637.813122	
37.57969	638.729963	638.668333	637.962018	637.909115	
37.58985	638.835168	638.773053	638.067223	638.005108	
37.60002	638.941129	638.877773	638.173184	638.109828	
37.61015	639.047194	638.982492	638.279249	638.205821	
37.62022	639.15331	639.087212	638.385366	638.310541	
37.63044	639.261553	639.191932	638.493608	638.41526	
37.6405	639.368745	639.296652	638.6008	638.528707	
37.6508	639.479214	639.410098	638.711269	638.633427	
37.66078	639.586733	639.523545	638.818788	638.7556	
37.67091	639.69663	639.645718	638.928685	638.877773	
37.68125	639.809321	639.750437	639.041376	638.991219	
37.69123	639.918684	639.87261	639.150739	639.113392	
37.70137	640.030467	639.994783	639.262522	639.235565	
37.71166	640.144565	640.10823	639.376621	639.357738	
37.72168	640.256198	640.230403	639.488254	639.471185	
37.73181	640.369755	640.343849	639.60181	639.593358	
37.74198	640.484348	640.466022	639.716403	639.706804	
37.7521	640.598911	640.588195	639.830966	639.82025	
37.76222	640.714202	640.710368	639.946257	639.933697	
37.77235	640.830109	640.823815	640.062164	640.047143	
37.7825	640.946978	640.937261	640.179033	640.169316	
37.79265	641.064443	641.059434	640.296498	640.274036	
37.80277	641.182115	641.181607	640.41417	640.396209	
37.81299	641.301757	641.286327	640.533812	640.518382	
37.82308	641.420263	641.399773	640.652318	640.623102	
37.83324	641.540306	641.521947	640.772362	640.745275	
37.84341	641.660994	641.635393	640.893049	640.867448	
37.85352	641.781699	641.740113	641.013754	640.980894	
37.8637	641.903889	641.853559	641.135944	641.094341	
37.87378	642.024837	641.975732	641.256892	641.216514	
37.88392	642.146469	642.089179	641.378524	641.321234	
37.89425	642.270513	642.202625	641.502568	641.443407	
37.90433	642.391461	642.316071	641.623516	641.56558	
37.91448	642.513201	642.438244	641.745256	641.679026	
37.9246	642.634581	642.560417	641.866636	641.801199	
37.93487	642.757893	642.68259	641.989948	641.923372	
37.94499	642.879297	642.804764	642.111352	642.054272	
37.95501	642.999549	642.926937	642.231604	642.176445	
37.96516	643.121361	643.057836	642.353416	642.298618	
37.97543	643.244673	643.188736	642.476728	642.429518	
37.98544	643.364733	643.310909	642.596788	642.560417	
37.99558	643.486401	643.441809	642.718456	642.68259	
38.00571	643.607937	643.572708	642.839992	642.822217	
38.01586	643.729749	643.703608	642.961804	642.94439	
38.02596	643.850973	643.834508	643.083028	643.07529	
38.03609	643.972569	643.956681	643.204624	643.206189	
38.04627	644.094657	644.078854	643.326712	643.328362	
38.05637	644.215869	644.209754	643.447924	643.450535	
38.0665	644.337405	644.331927	643.56946	643.572708	
38.07663	644.459025	644.462826	643.69108	643.694881	
38.08682	644.581281	644.584999	643.813336	643.825781	
38.09696	644.702949	644.707172	643.935004	643.939228	
38.10712	644.824869	644.820619	644.056924	644.061401	
38.11724	644.946285	644.942792	644.17834	644.183574	
38.12738	645.068025	645.056238	644.30008	644.29702	
38.13756	645.190149	645.169685	644.422204	644.410466	
38.14765	645.311241	645.291858	644.543296	644.523913	
38.15778	645.432813	645.405304	644.664868	644.637359	
38.16797	645.555093	645.51875	644.787148	644.742079	
38.17806	645.676161	645.632197	644.908216	644.864252	
38.1882	645.797829	645.75437	645.029884	644.968972	
38.19839	645.920097	645.867816	645.152152	645.091145	
38.20853	646.041801	645.989989	645.273856	645.204591	
38.21872	646.164045	646.103436	645.3961	645.326764	
38.2288	646.284969	646.234335	645.517024	645.440211	
38.23894	646.406745	646.347782	645.6388	645.579837	
38.24912	646.528833	646.478682	645.760888	645.70201	
38.25921	646.649913	646.600855	645.881968	645.824183	
38.26936	646.771737	646.731754	646.003792	645.955083	
38.27953	646.893777	646.853927	646.125832	646.077256	
38.28963	647.014953	646.9761	646.247008	646.208156	
38.29979	647.136849	647.107	646.368904	646.339055	
38.31028	647.262777	647.229173	646.494832	646.461228	
38.32012	647.380833	647.360073	646.612888	646.592128	
38.33019	647.501637	647.490973	646.733692	646.723028	
38.3405	647.625489	647.621872	646.857544	646.845201	
38.35049	647.745369	647.744045	646.977424	646.9761	
38.36059	647.865635	647.874945	647.09769	647.107	
38.37074	647.985906	647.997118	647.217961	647.229173	
38.38087	648.10526	648.119291	647.337315	647.351346	
38.391	648.224144	648.232737	647.456199	647.473519	
38.40899	648.432824	648.442177	647.664879	647.682959	
38.41358	648.486049	648.494537	647.718105	647.735319	
38.42374	648.603259	648.61671	647.835314	647.848765	
38.4338	648.718648	648.72143	647.950703	647.953485	
38.44394	648.834432	648.826149	648.066487	648.066931	
38.45408	648.94948	648.930869	648.181535	648.180378	
38.46423	649.064164	649.044316	648.296219	648.285097	
38.47437	649.178046	649.149035	648.410101	648.389817	
38.4845	649.291284	649.253755	648.523339	648.494537	
38.49464	649.403922	649.367201	648.635977	648.599257	
38.50476	649.515763	649.471921	648.747818	648.703976	
38.51492	649.627431	649.585368	648.859486	648.817423	
38.52508	649.738594	649.690087	648.97065	648.930869	
38.53519	649.848475	649.803534	649.08053	649.035589	
38.54541	649.958917	649.908254	649.190972	649.157762	
38.55556	650.068035	650.0217	649.30009	649.271208	
38.56569	650.176287	650.12642	649.408342	649.384655	
38.57586	650.284446	650.239866	649.516501	649.489375	
38.586	650.391644	650.344586	649.623699	649.602821	
38.5961	650.497824	650.458032	649.729879	649.716267	
38.60629	650.604217	650.571479	649.836272	649.829714	
38.61637	650.709046	650.676198	649.941101	649.94316	
38.62653	650.813926	650.780918	650.045981	650.04788	
38.6368	650.919334	650.894365	650.151389	650.161326	
38.6468	651.021434	651.007811	650.253489	650.274773	
38.65693	651.124288	651.121257	650.356343	650.379492	
38.66706	651.226483	651.234704	650.458538	650.484212	
38.67722	651.328396	651.339424	650.560451	650.588932	
38.68736	651.429399	651.444143	650.661455	650.684925	
38.69753	651.530216	651.548863	650.762271	650.780918	
38.70764	651.629734	651.653583	650.861789	650.876911	
38.71779	651.729131	651.758303	650.961186	650.964178	
38.72819	651.83019	651.845569	651.062245	651.060171	
38.73806	651.925667	651.941562	651.157722	651.147437	
38.74821	652.023116	652.037555	651.255171	651.234704	
38.75837	652.120153	652.124822	651.352208	651.330697	
38.7685	652.216201	652.212088	651.448256	651.417963	
38.77869	652.312267	652.299355	651.544322	651.513956	
38.78877	652.406733	652.386621	651.638788	651.60995	
38.79895	652.501397	652.482614	651.733452	651.705943	
38.81143	652.616593	652.569881	651.848648	651.801936	
38.81923	652.688246	652.665874	651.920301	651.897929	
38.82937	652.780747	652.75314	652.012802	651.993922	
38.83958	652.873312	652.840407	652.105368	652.089915	
38.84966	652.964047	652.945126	652.196102	652.177182	
38.85979	653.05472	653.032393	652.286775	652.273175	
38.86998	653.145258	653.128386	652.377313	652.369168	
38.88014	653.234928	653.224379	652.466983	652.456434	
38.89023	653.323265	653.311646	652.55532	652.543701	
38.9004	653.411836	653.407639	652.643891	652.630967	
38.9105	653.499178	653.494905	652.731233	652.72696	
38.92064	653.586135	653.582172	652.81819	652.814227	
38.93075	653.672383	653.678165	652.904438	652.91022	
38.94092	653.758444	653.765431	652.990499	652.997486	
38.95105	653.843543	653.852698	653.075598	653.084753	
38.96126	653.928752	653.939964	653.160807	653.172019	
38.97135	654.012287	654.027231	653.244342	653.259286	
38.98932	654.158888	654.166857	653.390943	653.407639	
38.99386	654.195909	654.201764	653.427965	653.442545	
39.00403	654.278186	654.280303	653.510241	653.521085	
39.01416	654.359541	654.358843	653.591596	653.599625	
39.0243	654.440383	654.437383	653.672438	653.678165	
39.03443	654.520483	654.507196	653.752538	653.747978	
39.0446	654.60038	654.585736	653.832435	653.817791	
39.05473	654.679279	654.655549	653.911334	653.887604	
39.06486	654.757541	654.725362	653.989596	653.957417	
39.075	654.835363	654.795175	654.067418	654.027231	
39.08515	654.912599	654.873715	654.144654	654.097044	
39.0953	654.989233	654.952255	654.221288	654.175584	
39.10543	655.06508	655.030795	654.297135	654.254123	
39.11557	655.140454	655.109335	654.372509	654.332663	
39.12571	655.215168	655.179148	654.447223	654.411203	
39.13587	655.28947	655.248961	654.521525	654.498469	
39.14603	655.363111	655.336228	654.595166	654.577009	
39.15612	655.435638	655.406041	654.667693	654.655549	
39.16634	655.508564	655.484581	654.74062	654.734089	
39.1764	655.579658	655.56312	654.811713	654.812629	
39.18653	655.650701	655.632934	654.882756	654.891169	
39.19668	655.721234	655.702747	654.953289	654.960982	
39.20681	655.791091	655.77256	655.023147	655.030795	
39.21696	655.860423	655.8511	655.092478	655.100608	
39.22708	655.928939	655.929639	655.160994	655.170421	
39.23726	655.997215	655.999453	655.22927	655.240234	
39.24763	656.066225	656.069266	655.29828	655.301321	
39.25756	656.131675	656.139079	655.36373	655.371134	
39.26766	656.197606	656.208892	655.429661	655.432221	
39.27779	656.263186	656.278705	655.495241	655.493307	
39.28798	656.328552	656.339792	655.560607	655.56312	
39.29807	656.392654	656.400878	655.624709	655.632934	
39.30856	656.459534	656.461965	655.69159	655.69402	
39.3184	656.520007	656.523051	655.752062	655.755107	
39.32851	656.582373	656.575411	655.814428	655.816193	
39.33879	656.645258	656.627771	655.877313	655.87728	
39.34881	656.705873	656.680131	655.937928	655.947093	
39.35893	656.766583	656.741218	655.998638	655.999453	
39.3691	656.826894	656.793577	656.058949	656.051813	
39.37922	656.886354	656.845937	656.118409	656.112899	
39.38937	656.945394	656.907024	656.177449	656.165259	
39.39955	657.003986	656.959384	656.236041	656.226345	
39.40963	657.06139	657.029197	656.293445	656.278705	
39.41978	657.118586	657.081557	656.350641	656.331065	
39.4299	657.175033	657.142643	656.407088	656.383425	
39.44016	657.231616	657.20373	656.463671	656.435785	
39.45021	657.286475	657.264816	656.51853	656.496871	
39.46054	657.342199	657.325903	656.574255	656.549231	
39.47066	657.396222	657.378263	656.628277	656.610318	
39.48078	657.449653	657.439349	656.681708	656.662678	
39.49091	657.502498	657.491709	656.734553	656.715038	
39.50105	657.554806	657.552796	656.786861	656.767398	
39.5112	657.606566	657.605156	656.838621	656.828484	
39.52136	657.657771	657.657515	656.889826	656.889571	
39.53154	657.708463	657.701149	656.940518	656.94193	
39.54169	657.758374	657.762235	656.990429	656.99429	
39.55184	657.807734	657.805868	657.039789	657.04665	
39.56211	657.857045	657.858228	657.0891	657.09901	
39.57208	657.904319	657.901862	657.136374	657.133917	
39.58225	657.951939	657.954221	657.183994	657.186277	
39.59238	657.998759	658.006581	657.230814	657.238636	
39.60251	658.044969	658.041488	657.277024	657.273543	
39.61262	658.090518	658.093848	657.322573	657.325903	
39.62276	658.135621	658.137481	657.367676	657.369536	
39.63289	658.180032	658.181114	657.412088	657.413169	
39.64303	658.223942	658.224747	657.455997	657.448076	
39.65319	658.267274	658.268381	657.49933	657.491709	
39.66331	658.309873	658.312014	657.541928	657.535342	
39.67346	658.351967	658.355647	657.584022	657.578976	
39.68358	658.393356	658.390554	657.625411	657.622609	
39.69371	658.434207	658.42546	657.666262	657.657515	
39.70389	658.474654	658.460367	657.706709	657.701149	
39.71399	658.51417	658.495273	657.746225	657.736055	
39.72412	658.553202	658.53018	657.785257	657.779688	
39.73429	658.591811	658.565087	657.823866	657.814595	
39.74439	658.62954	658.60872	657.861595	657.849502	
39.75452	658.666772	658.652353	657.898827	657.884408	
39.76466	658.703451	658.68726	657.935506	657.919315	
39.77485	658.73972	658.730893	657.971775	657.954221	
39.78497	658.775153	658.774526	658.007209	657.997855	
39.7951	658.809992	658.809433	658.042047	658.032761	
39.80523	658.844371	658.844339	658.076426	658.067668	
39.81547	658.87828	658.879246	658.110335	658.111301	
39.82558	658.911281	658.914153	658.143336	658.146208	
39.83571	658.943775	658.949059	658.17583	658.181114	
39.84585	658.975664	658.983966	658.20772	658.207294	
39.85601	659.007056	659.018872	658.239112	658.242201	
39.8661	659.037625	659.053779	658.26968	658.268381	
39.87627	659.067862	659.079959	658.299917	658.303287	
39.88644	659.097471	659.114865	658.329526	658.329467	
39.89654	659.126304	659.141045	658.358359	658.355647	
39.90667	659.154609	659.167225	658.386664	658.390554	
39.9168	659.182356	659.193405	658.414411	658.416734	
39.927	659.209673	659.219585	658.441729	658.442914	
39.93717	659.23633	659.245765	658.468385	658.469094	
39.94726	659.262202	659.263218	658.494257	658.495273	
39.9574	659.287594	659.289398	658.519649	658.521453	
39.96757	659.312477	659.315578	658.544533	658.538907	
39.97767	659.336592	659.333032	658.568647	658.565087	
39.98785	659.360308	659.359211	658.592363	658.58254	
39.998	659.383381	659.376665	658.615436	658.599993	
40.00815	659.405866	659.402845	658.637921	658.626173	
40.01827	659.42769	659.420298	658.659745	658.643626	
40.0284	659.448956	659.437751	658.681011	658.66108	
40.03855	659.469683	659.455205	658.701738	658.678533	
40.04873	659.489885	659.472658	658.721941	658.695986	
40.05889	659.509452	659.490111	658.741507	658.71344	
40.06896	659.528291	659.507564	658.760346	658.73962	
40.07928	659.546981	659.525018	658.779036	658.757073	
40.08933	659.564632	659.542471	658.796687	658.774526	
40.09942	659.581761	659.559924	658.813816	658.791979	
40.10955	659.598398	659.577378	658.830453	658.809433	
40.11977	659.614594	659.594831	658.846649	658.826886	
40.12983	659.629972	659.612284	658.862027	658.844339	
40.14824	659.655807	659.629737	658.887862	658.861793	
40.15279	659.66225	659.647191	658.894305	658.887973	
40.16292	659.675881	659.664644	658.907936	658.905426	
40.17305	659.688953	659.682097	658.921008	658.914153	
40.1832	659.701486	659.699551	658.933541	658.931606	
40.19337	659.713492	659.717004	658.945547	658.949059	
40.20348	659.724861	659.717004	658.956916	658.949059	
40.21359	659.735685	659.734457	658.967741	658.966512	
40.22382	659.746064	659.751911	658.978119	658.975239	
40.23388	659.755745	659.751911	658.987801	658.983966	
40.24401	659.764944	659.760637	658.997	658.992692	
40.25414	659.773613	659.769364	659.005668	659.001419	
40.26428	659.781743	659.77809	659.013799	659.010146	
40.27441	659.789331	659.786817	659.021386	659.018872	
40.28454	659.796403	659.786817	659.028458	659.018872	
40.29493	659.803095	659.786817	659.03515	659.018872	
40.30483	659.808995	659.786817	659.04105	659.027599	
40.31497	659.814525	659.786817	659.046581	659.027599	
40.3251	659.819551	659.786817	659.051606	659.027599	
40.33524	659.824096	659.786817	659.056151	659.027599	
40.34541	659.828167	659.786817	659.060222	659.027599	
40.35552	659.831756	659.786817	659.063811	659.027599	
40.36564	659.834898	659.786817	659.066953	659.027599	
40.37587	659.837626	659.795544	659.069682	659.027599	
40.38592	659.839908	659.795544	659.071963	659.027599	
40.39607	659.841821	659.795544	659.073876	659.027599	
40.40618	659.84337	659.80427	659.075425	659.036326	
40.41632	659.847791	659.80427	659.079846	659.036326	
40.42647	659.847791	659.80427	659.079846	659.036326	
40.4366	659.847791	659.80427	659.079846	659.036326	
40.44673	659.847791	659.80427	659.079846	659.036326	
40.45688	659.847791	659.812997	659.079846	659.036326	
40.46703	659.847791	659.812997	659.079846	659.045052	
40.47717	659.847791	659.812997	659.079846	659.053779	
40.48731	659.847791	659.821724	659.079846	659.053779	
40.49748	659.847791	659.821724	659.079846	659.053779	
40.50764	659.847791	659.821724	659.079846	659.053779	
40.51776	659.847791	659.821724	659.079846	659.053779	
40.52795	659.847791	659.821724	659.079846	659.053779	
40.53805	659.847791	659.821724	659.079846	659.053779	
40.54819	659.847791	659.821724	659.079846	659.053779	
40.55838	659.847791	659.821724	659.079846	659.053779	
40.56849	659.847791	659.821724	659.079846	659.053779	
40.57869	659.847791	659.821724	659.079846	659.053779	
40.5888	659.847791	659.821724	659.079846	659.053779	
40.59894	659.847791	659.821724	659.079846	659.053779	
40.60908	659.847791	659.821724	659.079846	659.053779	
40.6192	659.847791	659.821724	659.079846	659.053779	
40.62936	659.847791	659.821724	659.079846	659.053779	
40.6395	659.847791	659.821724	659.079846	659.053779	
40.64962	659.847791	659.821724	659.079846	659.053779	
40.65975	659.847791	659.821724	659.079846	659.053779	
40.66989	659.847791	659.821724	659.079846	659.053779	
40.68014	659.847791	659.821724	659.079846	659.053779	
40.6902	659.847791	659.821724	659.079846	659.053779	
40.70038	659.847791	659.821724	659.079846	659.053779	
40.7105	659.847791	659.821724	659.079846	659.053779	
40.7206	659.847791	659.821724	659.079846	659.053779	
40.73073	659.847791	659.821724	659.079846	659.053779	
40.74087	659.847791	659.821724	659.079846	659.053779	
40.75108	659.847791	659.821724	659.079846	659.053779	
40.76126	659.847791	659.821724	659.079846	659.053779	
40.77134	659.847791	659.821724	659.079846	659.053779	
40.78948	659.847791	659.821724	659.079846	659.053779	
40.79403	659.847791	659.821724	659.079846	659.053779	
40.80415	659.847791	659.821724	659.079846	659.053779	
40.81642	659.847791	659.821724	659.079846	659.053779	
40.82443	659.847791	659.821724	659.079846	659.053779	
40.83457	659.847791	659.821724	659.079846	659.053779	
40.84471	659.847791	659.821724	659.079846	659.053779	
40.85484	659.847791	659.821724	659.079846	659.053779	
40.86498	659.847791	659.821724	659.079846	659.053779	
40.87511	659.847791	659.821724	659.079846	659.053779	
40.88528	659.847791	659.821724	659.079846	659.053779	
40.89538	659.847791	659.821724	659.079846	659.053779	
40.90552	659.847791	659.821724	659.079846	659.053779	
40.91567	659.847791	659.821724	659.079846	659.053779	
40.92582	659.847791	659.821724	659.079846	659.053779	
40.936	659.847791	659.821724	659.079846	659.053779	
40.9461	659.847791	659.821724	659.079846	659.053779	
40.95622	659.847791	659.821724	659.079846	659.053779	
40.96639	659.847791	659.821724	659.079846	659.053779	
40.97651	659.847791	659.821724	659.079846	659.053779	
40.98664	659.847791	659.821724	659.079846	659.062505	
40.99678	659.847791	659.821724	659.079846	659.071232	
41.00692	659.847791	659.821724	659.079846	659.071232	
41.01705	659.847791	659.821724	659.079846	659.079959	
41.02735	659.847791	659.83045	659.079846	659.079959	
41.0376	659.847791	659.83045	659.079846	659.079959	
41.04781	659.847791	659.839177	659.079846	659.088685	
41.05776	659.847791	659.839177	659.079846	659.088685	
41.06805	659.847791	659.847904	659.079846	659.088685	
41.07804	659.847791	659.847904	659.079846	659.088685	
41.08824	659.847791	659.847904	659.079846	659.088685	
41.09832	659.847791	659.839177	659.079846	659.088685	
41.10849	659.847791	659.839177	659.079846	659.088685	
41.1187	659.847791	659.839177	659.079846	659.088685	
41.12891	659.847791	659.839177	659.079846	659.088685	
41.13923	659.847791	659.839177	659.079846	659.088685	
41.14903	659.847791	659.839177	659.079846	659.088685	
41.15918	659.847791	659.839177	659.079846	659.088685	
41.16936	659.847791	659.839177	659.079846	659.088685	
41.17945	659.847791	659.839177	659.079846	659.088685	
41.18961	659.847791	659.839177	659.079846	659.088685	
41.19977	659.847791	659.839177	659.079846	659.088685	
41.20989	659.847791	659.839177	659.079846	659.088685	
41.22019	659.847791	659.839177	659.079846	659.088685	
41.23019	659.847791	659.839177	659.079846	659.088685	
41.24041	659.847791	659.839177	659.079846	659.088685	
41.25045	659.847791	659.839177	659.079846	659.088685	
41.26115	659.847791	659.839177	659.079846	659.088685	
41.27081	659.847791	659.839177	659.079846	659.088685	
41.2809	659.847791	659.839177	659.079846	659.088685	
41.29142	659.847791	659.839177	659.079846	659.088685	
41.30118	659.847791	659.839177	659.079846	659.088685	
41.31235	659.847791	659.839177	659.079846	659.088685	
41.32956	659.847791	659.839177	659.079846	659.088685	
41.3341	659.847791	659.839177	659.079846	659.088685	
41.34438	659.847791	659.839177	659.079846	659.088685	
41.3545	659.847791	659.839177	659.079846	659.088685	
41.36463	659.847791	659.839177	659.079846	659.088685	
41.37479	659.847791	659.839177	659.079846	659.088685	
41.3849	659.847791	659.839177	659.079846	659.088685	
41.39505	659.847791	659.839177	659.079846	659.088685	
41.4052	659.847791	659.839177	659.079846	659.088685	
41.41531	659.847791	659.839177	659.079846	659.088685	
41.42548	659.847791	659.839177	659.079846	659.088685	
41.4356	659.847791	659.839177	659.079846	659.088685	
41.44578	659.847791	659.839177	659.079846	659.088685	
41.45597	659.847791	659.839177	659.079846	659.088685	
41.46603	659.847791	659.839177	659.079846	659.088685	
41.47617	659.847791	659.839177	659.079846	659.088685	
41.48631	659.847791	659.839177	659.079846	659.088685	
41.49646	659.847791	659.839177	659.079846	659.088685	
41.50676	659.847791	659.839177	659.079846	659.088685	
41.51672	659.847791	659.839177	659.079846	659.088685	
41.52688	659.847791	659.839177	659.079846	659.088685	
41.53701	659.847791	659.839177	659.079846	659.088685	
41.54719	659.847791	659.839177	659.079846	659.088685	
41.55731	659.847791	659.839177	659.079846	659.088685	
41.56744	659.847791	659.839177	659.079846	659.088685	
41.57759	659.847791	659.839177	659.079846	659.088685	
41.58775	659.847791	659.839177	659.079846	659.088685	
41.59788	659.847791	659.839177	659.079846	659.088685	
41.60806	659.847791	659.839177	659.079846	659.088685	
41.61817	659.847791	659.839177	659.079846	659.088685	
41.62829	659.847791	659.839177	659.079846	659.088685	
41.63847	659.847791	659.839177	659.079846	659.088685	
41.64864	659.847791	659.839177	659.079846	659.088685	
41.65875	659.847791	659.839177	659.079846	659.088685	
41.6689	659.847791	659.839177	659.079846	659.088685	
41.67902	659.847791	659.839177	659.079846	659.088685	
41.68916	659.847791	659.839177	659.079846	659.088685	
41.6993	659.847791	659.839177	659.079846	659.088685	
41.70948	659.847791	659.839177	659.079846	659.088685	
41.71959	659.847791	659.839177	659.079846	659.088685	
41.7297	659.847791	659.839177	659.079846	659.088685	
41.73986	659.847791	659.839177	659.079846	659.088685	
41.75812	659.847791	659.839177	659.079846	659.088685	
41.76267	659.847791	659.839177	659.079846	659.088685	
41.77282	659.847791	659.839177	659.079846	659.088685	
41.78295	659.847791	659.839177	659.079846	659.088685	
41.79309	659.847791	659.839177	659.079846	659.088685	
41.80322	659.847791	659.839177	659.079846	659.088685	
41.81377	659.847791	659.839177	659.079846	659.088685	
41.82354	659.847791	659.839177	659.079846	659.088685	
41.83367	659.847791	659.839177	659.079846	659.088685	
41.84379	659.847791	659.839177	659.079846	659.088685	
41.85394	659.847791	659.839177	659.079846	659.088685	
41.86415	659.847791	659.839177	659.079846	659.088685	
41.87423	659.847791	659.839177	659.079846	659.088685	
41.88437	659.847791	659.839177	659.079846	659.088685	
41.89454	659.847791	659.839177	659.079846	659.088685	
41.90464	659.847791	659.839177	659.079846	659.088685	
41.91479	659.847791	659.839177	659.079846	659.088685	
41.9249	659.847791	659.839177	659.079846	659.088685	
41.93505	659.847791	659.839177	659.079846	659.088685	
41.94518	659.847791	659.839177	659.079846	659.088685	
41.95533	659.847791	659.839177	659.079846	659.088685	
41.96551	659.847791	659.839177	659.079846	659.088685	
41.9756	659.847791	659.839177	659.079846	659.088685	
41.98574	659.847791	659.839177	659.079846	659.088685	
41.99587	659.847791	659.839177	659.079846	659.088685	
42.00604	659.847791	659.839177	659.079846	659.088685	
42.01621	659.847791	659.839177	659.079846	659.088685	
42.0263	659.847791	659.839177	659.079846	659.088685	
42.03644	659.847791	659.839177	659.079846	659.088685	
42.0466	659.847791	659.839177	659.079846	659.088685	
42.05671	659.847791	659.839177	659.079846	659.088685	
42.06684	659.847791	659.839177	659.079846	659.088685	
42.077	659.847791	659.839177	659.079846	659.088685	
42.0872	659.847791	659.839177	659.079846	659.088685	
42.09734	659.847791	659.839177	659.079846	659.088685	
42.10755	659.847791	659.839177	659.079846	659.088685	
42.11763	659.847791	659.839177	659.079846	659.088685	
42.12782	659.847791	659.839177	659.079846	659.088685	
42.1379	659.847791	659.839177	659.079846	659.088685	
42.14805	659.847791	659.839177	659.079846	659.088685	
42.15819	659.847791	659.839177	659.079846	659.088685	
42.16835	659.847791	659.839177	659.079846	659.088685	
42.17855	659.847791	659.839177	659.079846	659.088685	
42.1887	659.847791	659.839177	659.079846	659.088685	
42.19878	659.847791	659.839177	659.079846	659.088685	
42.20891	659.847791	659.839177	659.079846	659.088685	
42.21905	659.847791	659.839177	659.079846	659.088685	
42.22919	659.847791	659.839177	659.079846	659.088685	
42.23934	659.847791	659.839177	659.079846	659.088685	
42.2497	659.847791	659.839177	659.079846	659.088685	
42.25966	659.847791	659.839177	659.079846	659.088685	
42.2698	659.847791	659.839177	659.079846	659.088685	
42.28784	659.847791	659.839177	659.079846	659.088685	
42.29239	659.847791	659.839177	659.079846	659.088685	
42.30257	659.847791	659.839177	659.079846	659.088685	
42.31267	659.847791	659.839177	659.079846	659.088685	
42.32281	659.847791	659.839177	659.079846	659.088685	
42.33296	659.847791	659.839177	659.079846	659.088685	
42.34321	659.847791	659.839177	659.079846	659.088685	
42.3532	659.847791	659.839177	659.079846	659.088685	
42.36334	659.847791	659.839177	659.079846	659.088685	
42.37348	659.847791	659.839177	659.079846	659.088685	
42.38388	659.847791	659.839177	659.079846	659.088685	
42.39377	659.847791	659.839177	659.079846	659.088685	
42.40389	659.847791	659.839177	659.079846	659.088685	
42.41403	659.847791	659.839177	659.079846	659.088685	
42.4242	659.847791	659.839177	659.079846	659.088685	
42.43431	659.847791	659.839177	659.079846	659.088685	
42.44444	659.847791	659.839177	659.079846	659.088685	
42.45462	659.847791	659.839177	659.079846	659.088685	
42.46473	659.847791	659.839177	659.079846	659.088685	
42.47484	659.847791	659.839177	659.079846	659.088685	
42.48498	659.847791	659.839177	659.079846	659.088685	
42.49518	659.847791	659.839177	659.079846	659.088685	
42.50532	659.847791	659.839177	659.079846	659.088685	
42.51544	659.847791	659.839177	659.079846	659.088685	
42.52558	659.847791	659.839177	659.079846	659.088685	
42.53572	659.847791	659.839177	659.079846	659.088685	
42.54586	659.847791	659.839177	659.079846	659.088685	
42.55598	659.847791	659.839177	659.079846	659.088685	
42.56612	659.847791	659.839177	659.079846	659.088685	
42.57627	659.847791	659.839177	659.079846	659.088685	
42.58643	659.847791	659.839177	659.079846	659.088685	
42.59657	659.847791	659.839177	659.079846	659.088685	
42.60672	659.847791	659.839177	659.079846	659.088685	
42.61683	659.847791	659.839177	659.079846	659.088685	
42.62696	659.847791	659.839177	659.079846	659.088685	
42.63711	659.847791	659.839177	659.079846	659.088685	
42.64734	659.847791	659.839177	659.079846	659.088685	
42.65757	659.847791	659.839177	659.079846	659.088685	
42.66761	659.847791	659.839177	659.079846	659.088685	
42.67775	659.847791	659.839177	659.079846	659.088685	
42.68796	659.847791	659.839177	659.079846	659.088685	
42.69806	659.847791	659.839177	659.079846	659.088685	
42.70819	659.847791	659.839177	659.079846	659.088685	
42.71832	659.847791	659.839177	659.079846	659.088685	
42.72849	659.847791	659.839177	659.079846	659.088685	
42.73867	659.847791	659.839177	659.079846	659.088685	
42.74877	659.847791	659.839177	659.079846	659.088685	
42.75894	659.847791	659.839177	659.079846	659.088685	
42.76919	659.847791	659.839177	659.079846	659.088685	
42.77917	659.847791	659.839177	659.079846	659.088685	
42.78931	659.847791	659.839177	659.079846	659.088685	
42.79948	659.847791	659.839177	659.079846	659.088685	
42.80963	659.847791	659.839177	659.079846	659.088685	
42.82982	659.847791	659.839177	659.079846	659.088685	
42.83439	659.847791	659.839177	659.079846	659.088685	
42.84452	659.847791	659.839177	659.079846	659.088685	
42.85482	659.847791	659.839177	659.079846	659.088685	
42.8648	659.847791	659.839177	659.079846	659.088685	
42.87493	659.847791	659.839177	659.079846	659.088685	
42.88507	659.847791	659.839177	659.079846	659.088685	
42.89521	659.847791	659.839177	659.079846	659.088685	
42.90538	659.847791	659.839177	659.079846	659.088685	
42.91549	659.847791	659.839177	659.079846	659.088685	
42.92561	659.847791	659.839177	659.079846	659.088685	
42.93575	659.847791	659.839177	659.079846	659.088685	
42.94589	659.847791	659.839177	659.079846	659.088685	
42.95602	659.847791	659.839177	659.079846	659.088685	
42.96617	659.847791	659.839177	659.079846	659.088685	
42.97631	659.847791	659.839177	659.079846	659.088685	
42.98645	659.847791	659.839177	659.079846	659.088685	
42.99658	659.847791	659.839177	659.079846	659.088685	
43.00675	659.847791	659.839177	659.079846	659.088685	
43.01688	659.847791	659.839177	659.079846	659.088685	
43.02702	659.847791	659.839177	659.079846	659.088685	
43.03728	659.847791	659.839177	659.079846	659.088685	
43.0473	659.847791	659.839177	659.079846	659.088685	
43.05756	659.847791	659.839177	659.079846	659.088685	
43.06757	659.847791	659.839177	659.079846	659.088685	
43.07772	659.847791	659.839177	659.079846	659.088685	
43.08793	659.847791	659.839177	659.079846	659.088685	
43.09801	659.847791	659.839177	659.079846	659.088685	
43.10816	659.847791	659.839177	659.079846	659.088685	
43.11832	659.847791	659.839177	659.079846	659.088685	
43.12845	659.847791	659.839177	659.079846	659.088685	
43.13865	659.847791	659.839177	659.079846	659.088685	
43.14873	659.847791	659.839177	659.079846	659.088685	
43.15894	659.847791	659.839177	659.079846	659.088685	
43.169	659.847791	659.839177	659.079846	659.088685	
43.17914	659.847791	659.839177	659.079846	659.088685	
43.18927	659.847791	659.839177	659.079846	659.088685	
43.19945	659.847791	659.839177	659.079846	659.088685	
43.20964	659.847791	659.839177	659.079846	659.088685	
43.21974	659.847791	659.839177	659.079846	659.088685	
43.22988	659.847791	659.839177	659.079846	659.088685	
43.24013	659.847791	659.839177	659.079846	659.088685	
43.2502	659.847791	659.839177	659.079846	659.079959	
43.26034	659.847791	659.839177	659.079846	659.079959	
43.27061	659.847791	659.839177	659.079846	659.079959	
43.28057	659.847791	659.839177	659.079846	659.071232	
43.2907	659.847791	659.839177	659.079846	659.071232	
43.30084	659.847791	659.839177	659.079846	659.071232	
43.31234	659.847791	659.839177	659.079846	659.062505	
43.32114	659.847791	659.839177	659.079846	659.062505	
43.33126	659.847791	659.839177	659.079846	659.062505	
43.34152	659.847791	659.839177	659.079846	659.062505	
43.3516	659.847791	659.839177	659.079846	659.062505	
43.36188	659.847791	659.839177	659.079846	659.062505	
43.37184	659.847791	659.839177	659.079846	659.071232	
43.38199	659.847791	659.839177	659.079846	659.071232	
43.39218	659.847791	659.839177	659.079846	659.071232	
43.40227	659.847791	659.839177	659.079846	659.071232	
43.4124	659.847791	659.839177	659.079846	659.071232	
43.42253	659.847791	659.839177	659.079846	659.071232	
43.43271	659.847791	659.839177	659.079846	659.071232	
43.44282	659.847791	659.839177	659.079846	659.071232	
43.45295	659.847791	659.839177	659.079846	659.071232	
43.46311	659.847791	659.839177	659.079846	659.071232	
43.47324	659.847791	659.839177	659.079846	659.071232	
43.48339	659.847791	659.839177	659.079846	659.071232	
43.49353	659.847791	659.839177	659.079846	659.071232	
43.50366	659.847791	659.839177	659.079846	659.071232	
43.51378	659.847791	659.839177	659.079846	659.071232	
43.52391	659.847791	659.839177	659.079846	659.071232	
