111.6179	295.110736	295.10027	295.136916	295.117723	
111.623	295.111621	295.10027	295.137801	295.117723	
111.6331	295.114144	295.10027	295.140324	295.117723	
111.6432	295.117305	295.10027	295.143485	295.117723	
111.6533	295.121075	295.10027	295.147255	295.117723	
111.6635	295.125458	295.10027	295.151638	295.117723	
111.6736	295.130457	295.10027	295.156637	295.117723	
111.6837	295.136091	295.10027	295.162271	295.117723	
111.6939	295.142319	295.10027	295.168499	295.117723	
111.704	295.149208	295.10027	295.175387	295.117723	
111.7142	295.156667	295.10027	295.182847	295.117723	
111.7243	295.164768	295.10027	295.190948	295.117723	
111.7345	295.173547	295.10027	295.199727	295.117723	
111.7446	295.182835	295.10027	295.209015	295.117723	
111.7548	295.192763	295.10027	295.218943	295.117723	
111.7649	295.203314	295.108997	295.229494	295.117723	
111.775	295.214489	295.108997	295.240669	295.12645	
111.7852	295.22627	295.117723	295.25245	295.135177	
111.7953	295.238691	295.12645	295.264871	295.143903	
111.8054	295.251712	295.135177	295.277892	295.15263	
111.8156	295.265335	295.135177	295.291515	295.170083	
111.8257	295.279614	295.15263	295.305794	295.187536	
111.8359	295.294514	295.161356	295.320694	295.20499	
111.846	295.31006	295.17881	295.33624	295.222443	
111.8561	295.326076	295.196263	295.352256	295.248623	
111.8662	295.342762	295.213716	295.368942	295.266076	
111.8764	295.360152	295.239896	295.386332	295.292256	
111.8866	295.378155	295.25735	295.404335	295.309709	
111.8967	295.396643	295.274803	295.422823	295.327163	
111.9068	295.415838	295.309709	295.442018	295.362069	
111.9169	295.435641	295.344616	295.461821	295.379523	
111.9271	295.4561	295.370796	295.48228	295.405703	
111.9372	295.477118	295.405703	295.503298	295.431882	
111.9474	295.498771	295.440609	295.524951	295.466789	
111.9575	295.521125	295.475516	295.547305	295.492969	
111.9676	295.543977	295.510422	295.570157	295.519149	
111.9778	295.567611	295.536602	295.593791	295.554056	
111.9879	295.591613	295.571509	295.617793	295.580235	
111.9981	295.616403	295.597689	295.642583	295.606415	
112.0082	295.641716	295.623869	295.667896	295.641322	
112.0183	295.667662	295.658775	295.693842	295.676229	
112.0285	295.694384	295.676229	295.720564	295.702409	
112.0387	295.721636	295.702409	295.747816	295.728588	
112.0488	295.749362	295.728588	295.775542	295.754768	
112.0595	295.779526	295.746042	295.805706	295.780948	
112.0693	295.807578	295.763495	295.833758	295.807128	
112.0793	295.836973	295.798402	295.863153	295.833308	
112.0894	295.867139	295.815855	295.893319	295.850762	
112.0997	295.898394	295.833308	295.924574	295.876941	
112.1097	295.929663	295.868215	295.955843	295.903121	
112.1277	295.987812	295.903121	296.013992	295.946755	
112.1322	296.002542	295.920575	296.028722	295.955481	
112.1424	296.036288	295.946755	296.062468	295.981661	
112.1525	296.07019	295.972935	296.09637	296.007841	
112.1627	296.105044	296.007841	296.131224	296.034021	
112.1728	296.140357	296.042748	296.166537	296.060201	
112.1829	296.176278	296.068928	296.202458	296.095108	
112.1934	296.214362	296.103834	296.240542	296.130014	
112.2036	296.25165	296.138741	296.27783	296.164921	
112.2138	296.289637	296.164921	296.315817	296.199827	
112.224	296.328377	296.208554	296.354556	296.234734	
112.234	296.367157	296.243461	296.393337	296.269641	
112.2442	296.406872	296.287094	296.433052	296.313274	
112.2544	296.447469	296.322	296.473649	296.356907	
112.2644	296.488183	296.365634	296.514363	296.40054	
112.2746	296.529749	296.409267	296.555929	296.444173	
112.2847	296.571877	296.461627	296.598057	296.487807	
112.295	296.615241	296.50526	296.641421	296.540167	
112.305	296.65804	296.548893	296.68422	296.5838	
112.3151	296.701974	296.601253	296.728154	296.63616	
112.3253	296.746775	296.653613	296.772955	296.68852	
112.3354	296.791909	296.705973	296.818089	296.732153	
112.3455	296.837832	296.749606	296.864012	296.784513	
112.3556	296.884232	296.801966	296.910412	296.828146	
112.3658	296.931337	296.845599	296.957517	296.880506	
112.376	296.979697	296.906686	297.005877	296.932866	
112.3861	297.027606	296.950319	297.053786	296.985226	
112.3963	297.076646	297.002679	297.102826	297.037585	
112.4065	297.126639	297.055039	297.152819	297.089945	
112.4165	297.176332	297.107399	297.202511	297.142305	
112.4357	297.273949	297.203392	297.300129	297.247025	
112.4481	297.338076	297.229572	297.364256	297.264478	
112.4526	297.361199	297.281931	297.387379	297.334291	
112.4628	297.414309	297.334291	297.440488	297.386651	
112.4729	297.468107	297.386651	297.494287	297.439011	
112.483	297.522009	297.439011	297.548189	297.491371	
112.4932	297.577148	297.491371	297.603328	297.543731	
112.5033	297.632436	297.543731	297.658616	297.596091	
112.5134	297.688382	297.596091	297.714562	297.648451	
112.5238	297.746198	297.648451	297.772378	297.700811	
112.5337	297.802552	297.700811	297.828731	297.75317	
112.5439	297.860842	297.75317	297.887022	297.80553	
112.554	297.919076	297.814257	297.945256	297.866617	
112.5641	297.978198	297.85789	298.004378	297.918977	
112.5743	298.037978	297.927703	298.064158	297.971337	
112.5844	298.098465	297.980063	298.124645	298.023696	
112.5946	298.15946	298.04115	298.18564	298.084783	
112.6047	298.221109	298.102236	298.247289	298.145869	
112.6149	298.283498	298.172049	298.309678	298.206956	
112.625	298.346344	298.233136	298.372524	298.268043	
112.6351	298.409615	298.302949	298.435795	298.329129	
112.6453	298.474152	298.364036	298.500332	298.398942	
112.6554	298.538641	298.433849	298.564821	298.460029	
112.6655	298.603762	298.494935	298.629942	298.521115	
112.6756	298.669746	298.564748	298.695926	298.590928	
112.6859	298.736793	298.634562	298.762973	298.660742	
112.6961	298.804385	298.704375	298.830565	298.730555	
112.7061	298.871903	298.774188	298.898082	298.800368	
112.7163	298.940271	298.844001	298.966451	298.870181	
112.7265	299.00982	298.913814	299.036	298.939994	
112.7366	299.079063	298.992354	299.105243	299.009807	
112.7468	299.149743	299.062167	299.175923	299.088347	
112.7569	299.220473	299.13198	299.246653	299.166887	
112.767	299.292031	299.21052	299.318211	299.2367	
112.7771	299.364099	299.280333	299.390279	299.306513	
112.7873	299.436934	299.358873	299.463114	299.376327	
112.7974	299.510256	299.428686	299.536436	299.44614	
112.8078	299.58636	299.4985	299.61254	299.52468	
112.8177	299.658965	299.577039	299.685145	299.603219	
112.8279	299.734737	299.655579	299.760917	299.673033	
112.838	299.810249	299.734119	299.836429	299.742846	
112.8482	299.886747	299.812659	299.912927	299.821386	
112.8583	299.964001	299.882472	299.99018	299.899925	
112.8686	300.042556	299.969739	300.068736	299.969739	
112.8788	300.121195	300.048278	300.147375	300.048278	
112.8888	300.199416	300.126818	300.225596	300.126818	
112.899	300.27956	300.205358	300.30574	300.205358	
112.9092	300.360162	300.283898	300.386342	300.283898	
112.9193	300.440235	300.362438	300.466415	300.371164	
112.9294	300.521677	300.440977	300.547857	300.449704	
112.9395	300.60359	300.528244	300.629769	300.528244	
112.9497	300.686233	300.606784	300.712412	300.61551	
112.9598	300.769634	300.685324	300.795814	300.69405	
112.9699	300.853277	300.77259	300.879457	300.781317	
112.9801	300.938074	300.85113	300.964254	300.859856	
112.9903	301.023228	300.92967	301.049408	300.947123	
113.0004	301.109163	301.016936	301.135343	301.025663	
113.0105	301.194874	301.104203	301.221054	301.112929	
113.0207	301.282189	301.174016	301.308369	301.200196	
113.0308	301.369952	301.270009	301.396132	301.287462	
113.0409	301.457623	301.348549	301.483803	301.366002	
113.0511	301.546504	301.444542	301.572684	301.461995	
113.0612	301.636191	301.531808	301.662371	301.549262	
113.0713	301.725781	301.627801	301.751961	301.645255	
113.0815	301.816397	301.715068	301.842577	301.732521	
113.0916	301.907493	301.802334	301.933672	301.819788	
113.1018	302.000384	301.898327	302.026564	301.924507	
113.1198	302.165336	302.055407	302.191516	302.090314	
113.1243	302.207249	302.09904	302.233429	302.133947	
113.1344	302.300817	302.186307	302.326997	302.221213	
113.1445	302.395008	302.2823	302.421188	302.317206	
113.1547	302.489934	302.369566	302.516114	302.413199	
113.1648	302.58558	302.465559	302.61176	302.509193	
113.1749	302.681947	302.561552	302.708127	302.605186	
114.3944	309.770302	307.273941	309.796482	307.300121	
114.4049	309.843552	307.282668	309.869732	307.300121	
114.4148	309.913122	307.300121	309.939302	307.326301	
114.4375	310.070704	307.396115	310.096884	307.422294	
114.4445	310.118874	307.448474	310.145054	307.474654	
114.4543	310.187291	307.518288	310.213471	307.544467	
114.4645	310.257355	307.596827	310.283535	307.623007	
114.4748	310.32825	307.69282	310.35443	307.710274	
114.4849	310.398296	307.780087	310.424476	307.806267	
114.4951	310.468298	307.87608	310.494477	307.893533	
114.5056	310.539789	307.9808	310.565969	307.998253	
114.5157	310.608668	308.094246	310.634848	308.102973	
114.526	310.67923	308.207693	310.70541	308.207693	
114.5361	310.747398	308.321139	310.773578	308.321139	
114.5462	310.816262	308.434585	310.842442	308.434585	
114.5645	310.939234	308.644025	310.965414	308.644025	
114.5708	310.982158	308.713838	311.008338	308.713838	
114.5808	311.049126	308.827284	311.075306	308.836011	
114.5912	311.118647	308.958184	311.144827	308.949458	
114.6011	311.185463	309.071631	311.211642	309.080357	
114.6113	311.253321	309.20253	311.279501	309.193804	
114.6216	311.321596	309.324703	311.347776	309.324703	
114.6317	311.389133	309.446876	311.415313	309.446876	
114.6425	311.46068	309.586503	311.48686	309.586503	
114.6526	311.527386	309.708676	311.553566	309.717402	
114.6629	311.594906	309.839575	311.621086	309.848302	
114.6731	311.662087	309.970475	311.688267	309.987928	
114.6913	311.781336	310.214821	311.807516	310.232275	
114.6975	311.821993	310.284634	311.848173	310.310814	
114.7077	311.888057	310.424261	311.914237	310.450441	
114.7179	311.954494	310.563887	311.980673	310.590067	
114.7283	312.022015	310.703513	312.048195	310.729693	
114.7385	312.087719	310.84314	312.113899	310.86932	
114.7486	312.153352	310.982766	312.179532	311.008946	
114.7589	312.219211	311.122392	312.245391	311.148572	
114.7693	312.285943	311.262019	312.312122	311.288199	
114.7792	312.34963	311.401645	312.37581	311.427825	
114.7897	312.416473	311.541271	312.442653	311.576178	
114.7996	312.479554	311.680898	312.505734	311.715804	
114.8098	312.544331	311.820524	312.570511	311.855431	
114.828	312.659301	312.082324	312.685481	312.11723	
114.8345	312.700675	312.16959	312.726855	312.204497	
114.8443	312.762601	312.309216	312.788781	312.35285	
114.8545	312.826143	312.448843	312.852323	312.501203	
114.8646	312.88962	312.597196	312.9158	312.640829	
114.8748	312.953193	312.745549	312.979373	312.780455	
114.8848	313.016065	312.885175	313.042245	312.920082	
114.895	313.079455	313.033528	313.105635	313.059708	
114.9051	313.141899	313.173154	313.168079	313.199334	
114.9153	313.204832	313.295327	313.231012	313.330234	
114.9254	313.267371	313.426227	313.293551	313.44368	
114.9355	313.32958	313.530947	313.35576	313.557127	
114.9456	313.391587	313.635667	313.417767	313.65312	
114.9558	313.453716	313.722933	313.479896	313.740386	
114.966	313.515739	313.801473	313.541919	313.818926	
114.9761	313.577718	313.862559	313.603898	313.880013	
114.9862	313.638816	313.914919	313.664995	313.932373	
114.9963	313.700172	313.949826	313.726352	313.967279	
115.0065	313.761328	313.984732	313.787508	314.002186	
115.0166	313.822462	314.010912	313.848642	314.037092	
115.0268	313.883292	314.028366	313.909472	314.054546	
115.0369	313.944082	314.054546	313.970262	314.071999	
115.0471	314.00479	314.063272	314.03097	314.098179	
115.0572	314.064863	314.089452	314.091042	314.115632	
115.0673	314.125156	314.106905	314.151336	314.141812	
115.0775	314.185495	314.124359	314.211675	314.159265	
115.0876	314.245179	314.150539	314.271359	314.185445	
115.0977	314.304869	314.176719	314.331049	314.211625	
115.1079	314.364669	314.202899	314.390849	314.246532	
115.1181	314.424091	314.237805	314.450271	314.281438	
115.1283	314.483732	314.281438	314.509912	314.333798	
115.1384	314.542567	314.325072	314.568747	314.368705	
115.1485	314.601411	314.368705	314.627591	314.421065	
115.1587	314.660643	314.429791	314.686823	314.464698	
115.1688	314.71866	314.482151	314.74484	314.525785	
115.179	314.777421	314.543238	314.803601	314.578144	
115.1891	314.835512	314.613051	314.861691	314.639231	
115.1994	314.894566	314.682864	314.920746	314.709044	
115.2094	314.951459	314.752677	314.977639	314.778857	
115.2195	315.009134	314.82249	315.035313	314.84867	
115.2297	315.067067	314.892304	315.093247	314.918484	
115.2398	315.124224	314.970843	315.150404	314.997023	
115.2499	315.181413	315.049383	315.207593	315.075563	
115.2601	315.238634	315.127923	315.264814	315.154103	
115.2703	315.295777	315.206463	315.321957	315.223916	
115.2805	315.353027	315.276276	315.379207	315.302456	
115.2907	315.41013	315.354816	315.43631	315.380996	
115.3007	315.465619	315.424629	315.491799	315.459536	
115.3109	315.522069	315.503169	315.548249	315.529349	
115.3209	315.577714	315.572982	315.603894	315.599162	
115.3311	315.633722	315.642795	315.659902	315.668975	
115.3412	315.689456	315.703882	315.715636	315.730062	
115.3514	315.745072	315.764968	315.771252	315.799875	
115.3615	315.800485	315.834781	315.826665	315.860961	
115.3716	315.855641	315.887141	315.881821	315.922048	
115.3897	315.953361	315.983134	315.979541	316.026768	
115.3942	315.977844	316.009314	316.004024	316.044221	
115.4043	316.032563	316.061674	316.058743	316.096581	
115.4145	316.08701	316.105307	316.11319	316.148941	
115.4246	316.141356	316.148941	316.167536	316.201301	
115.4347	316.195649	316.183847	316.221829	316.244934	
115.4449	316.25003	316.227481	316.27621	316.288567	
115.4551	316.303937	316.271114	316.330117	316.3322	
115.4652	316.357457	316.314747	316.383637	316.375834	
115.4753	316.411008	316.35838	316.437188	316.41074	
115.4855	316.464587	316.393287	316.490767	316.454373	
115.4956	316.51779	316.43692	316.54397	316.48928	
115.5058	316.57088	316.480553	316.59706	316.532913	
115.5159	316.623748	316.524186	316.649928	316.576546	
115.5261	316.676828	316.56782	316.703008	316.62018	
115.5363	316.729735	316.602726	316.755915	316.655086	
115.5464	316.781857	316.655086	316.808037	316.707446	
115.5565	316.834103	316.698719	316.860283	316.759806	
115.5668	316.886592	316.742353	316.912772	316.794713	
115.5768	316.938169	316.803439	316.964349	316.847072	
115.587	316.989797	316.847072	317.015977	316.899432	
115.5971	317.041446	316.908159	317.067626	316.951792	
115.6073	317.093077	316.960519	317.119257	317.004152	
115.6174	317.144304	317.021605	317.170484	317.073965	
115.6276	317.19542	317.073965	317.2216	317.126325	
115.6377	317.246217	317.126325	317.272397	317.178685	
115.6479	317.297222	317.196138	317.323402	317.248498	
115.658	317.347499	317.248498	317.373679	317.300858	
115.6681	317.398018	317.309585	317.424198	317.353218	
115.6783	317.448406	317.370671	317.474586	317.423031	
115.6884	317.498455	317.431758	317.524635	317.475391	
115.6986	317.548359	317.492844	317.574539	317.527751	
115.7087	317.598239	317.545204	317.624419	317.597564	
115.7189	317.648284	317.615017	317.674464	317.649924	
115.729	317.69736	317.667377	317.72354	317.702284	
115.7392	317.746776	317.719737	317.772956	317.754644	
115.7493	317.795919	317.780824	317.822099	317.807003	
115.7594	317.844489	317.824457	317.870669	317.859363	
115.7696	317.893345	317.876817	317.919525	317.911723	
115.7797	317.941816	317.929177	317.967996	317.964083	
115.7898	317.990337	317.97281	318.016517	318.016443	
115.8	318.038629	318.02517	318.064809	318.05135	
115.8101	318.086657	318.068803	318.112837	318.103709	
115.8204	318.135179	318.112436	318.161359	318.147343	
115.8305	318.182758	318.156069	318.208938	318.190976	
115.8406	318.23015	318.199703	318.25633	318.225883	
115.8507	318.277489	318.243336	318.303669	318.269516	
115.8608	318.324808	318.278242	318.350987	318.313149	
115.871	318.37197	318.330602	318.39815	318.356782	
115.8811	318.418786	318.374236	318.444966	318.400415	
115.8912	318.465613	318.417869	318.491793	318.435322	
115.9014	318.512279	318.452775	318.538459	318.478955	
115.9115	318.558546	318.505135	318.584726	318.522588	
115.9217	318.605022	318.548768	318.631202	318.557495	
115.9396	318.686419	318.627308	318.712599	318.636035	
115.9442	318.707143	318.644762	318.733323	318.653488	
115.9543	318.752643	318.697121	318.778823	318.697121	
115.9645	318.798333	318.732028	318.824513	318.749481	
115.9746	318.84375	318.784388	318.86993	318.793115	
115.9847	318.888917	318.828021	318.915097	318.836748	
115.9949	318.933973	318.871654	318.960153	318.889108	
116.005	318.978943	318.915288	319.005123	318.932741	
116.0152	319.023748	318.967647	319.049928	318.976374	
116.0253	319.06829	319.011281	319.09447	319.028734	
116.0354	319.112816	319.063641	319.138996	319.072367	
116.0456	319.157119	319.107274	319.183299	319.124727	
116.0557	319.201097	319.150907	319.227277	319.16836	
116.0658	319.244868	319.203267	319.271048	319.22072	
116.076	319.288723	319.255627	319.314903	319.27308	
116.0861	319.332404	319.29926	319.358584	319.316713	
116.0964	319.376575	319.342893	319.402755	319.369073	
116.1065	319.419565	319.395253	319.445745	319.412706	
116.1246	319.496192	319.438886	319.522372	319.45634	
116.1294	319.51624	319.499973	319.54242	319.517426	
116.1395	319.558999	319.534879	319.585179	319.552333	
116.1496	319.60148	319.587239	319.62766	319.604693	
116.1597	319.643855	319.630873	319.670035	319.648326	
116.1699	319.68606	319.674506	319.71224	319.691959	
116.18	319.728167	319.709412	319.754347	319.726866	
116.1902	319.770112	319.753046	319.796292	319.770499	
116.2004	319.812268	319.796679	319.838448	319.814132	
116.2105	319.853477	319.840312	319.879657	319.849039	
116.2207	319.895121	319.875219	319.921301	319.892672	
116.2309	319.936565	319.918852	319.962745	319.927579	
116.2409	319.977178	319.953758	320.003358	319.971212	
116.251	320.018063	319.988665	320.044243	320.006118	
116.2611	320.058767	320.023572	320.084947	320.041025	
116.2713	320.099405	320.058478	320.125585	320.075932	
116.2814	320.139855	320.093385	320.166035	320.110838	
116.2916	320.180107	320.137018	320.206287	320.154471	
116.3018	320.220414	320.171925	320.246594	320.189378	
116.3119	320.260265	320.215558	320.286445	320.233011	
116.322	320.299768	320.250464	320.325948	320.267918	
116.3321	320.33938	320.285371	320.365559	320.302824	
116.3423	320.378845	320.329004	320.405025	320.346458	
116.3524	320.418173	320.363911	320.444352	320.390091	
116.3625	320.457139	320.407544	320.483319	320.424997	
116.3727	320.496101	320.442451	320.522281	320.468631	
116.3829	320.535104	320.477357	320.561284	320.512264	
116.3929	320.573402	320.512264	320.599582	320.54717	
116.4031	320.611872	320.54717	320.638052	320.590804	
116.4132	320.650114	320.590804	320.676294	320.634437	
116.4333	320.725162	320.669343	320.751342	320.70425	
116.4379	320.742174	320.686797	320.768354	320.721703	
116.448	320.780031	320.73043	320.806211	320.765337	
116.4582	320.817534	320.765337	320.843714	320.80897	
116.4683	320.854898	320.80897	320.881078	320.843876	
116.4784	320.892046	320.843876	320.918226	320.878783	
116.4886	320.929136	320.88751	320.955315	320.922416	
116.4987	320.966034	320.922416	320.992214	320.957323	
116.5089	321.002756	320.957323	321.028936	321.000956	
116.519	321.039396	320.992229	321.065576	321.035863	
116.5294	321.076572	321.027136	321.102752	321.070769	
116.5393	321.111944	321.062043	321.138124	321.105676	
116.5495	321.148313	321.096949	321.174493	321.140582	
116.5596	321.183998	321.131856	321.210178	321.175489	
116.5697	321.219646	321.175489	321.245826	321.210396	
116.5799	321.255238	321.201669	321.281418	321.245302	
116.59	321.290595	321.236575	321.316775	321.280209	
116.6001	321.325825	321.271482	321.352005	321.306389	
116.6103	321.3611	321.306389	321.38728	321.341295	
116.6205	321.395969	321.332569	321.422149	321.376202	
116.6305	321.430524	321.367475	321.456704	321.402382	
116.6407	321.465057	321.402382	321.491237	321.437288	
116.6508	321.499548	321.437288	321.525728	321.472195	
116.661	321.533728	321.472195	321.559908	321.507102	
116.6711	321.567945	321.498375	321.594125	321.542008	
116.6812	321.6017	321.533281	321.627879	321.568188	
116.6914	321.63544	321.559461	321.66162	321.603095	
116.7015	321.669117	321.594368	321.695297	321.629275	
116.7116	321.702425	321.629275	321.728605	321.664181	
116.7296	321.76098	321.690361	321.78716	321.716541	
116.7341	321.775605	321.699088	321.801785	321.733994	
116.7443	321.808705	321.733994	321.834885	321.768901	
116.7545	321.841696	321.768901	321.867876	321.803807	
116.7645	321.873764	321.803807	321.899944	321.838714	
116.7746	321.906138	321.838714	321.932318	321.873621	
116.7847	321.93831	321.873621	321.96449	321.908527	
116.7949	321.970383	321.908527	321.996563	321.934707	
116.805	322.002323	321.934707	322.028503	321.969614	
116.8152	322.034104	321.969614	322.060284	322.00452	
116.8253	322.065596	321.995794	322.091776	322.039427	
116.8354	322.096989	322.0307	322.123169	322.074334	
116.8456	322.128407	322.065607	322.154587	322.10924	
116.8557	322.159287	322.091787	322.185467	322.13542	
116.8659	322.190289	322.126693	322.216469	322.170327	
116.876	322.220975	322.152873	322.247154	322.205233	
116.8862	322.251667	322.18778	322.277847	322.24014	
116.8964	322.282324	322.222687	322.308504	322.275046	
116.9065	322.312424	322.257593	322.338604	322.309953	
116.9166	322.342566	322.2925	322.368746	322.336133	
116.9268	322.372549	322.31868	322.398729	322.371039	
116.9369	322.40216	322.34486	322.42834	322.397219	
116.947	322.431736	322.379766	322.457916	322.432126	
116.9572	322.461167	322.405946	322.487347	322.458306	
116.9674	322.490731	322.432126	322.516911	322.484486	
116.9774	322.519541	322.467033	322.545721	322.519392	
116.9877	322.54871	322.493213	322.57489	322.554299	
116.9979	322.577611	322.519392	322.603791	322.580479	
117.0079	322.606027	322.536846	322.632207	322.606659	
117.0181	322.634444	322.571752	322.660624	322.632839	
117.0285	322.663447	322.606659	322.689627	322.659019	
117.0384	322.690949	322.632839	322.717129	322.685199	
117.0485	322.718916	322.659019	322.745096	322.711379	
117.0587	322.746675	322.685199	322.772855	322.737559	
117.0691	322.775007	322.711379	322.801187	322.763739	
117.079	322.801996	322.746285	322.828176	322.789919	
117.0891	322.829093	322.763739	322.855273	322.816098	
117.0992	322.856166	322.789919	322.882346	322.833552	
117.1097	322.883959	322.816098	322.910139	322.868458	
117.1195	322.909942	322.842278	322.936122	322.885912	
117.1297	322.936608	322.868458	322.962788	322.912092	
117.1398	322.963022	322.885912	322.989202	322.938271	
117.1499	322.989336	322.920818	323.015516	322.973178	
117.1601	323.015539	322.938271	323.041719	322.999358	
117.1702	323.041485	322.964451	323.067665	323.025538	
117.1804	323.067507	322.990631	323.093687	323.051718	
117.1908	323.093848	323.025538	323.120028	323.077898	
117.2007	323.118537	323.051718	323.144717	323.104078	
117.2107	323.14368	323.077898	323.16986	323.130258	
117.2209	323.168855	323.112804	323.195035	323.147711	
117.2311	323.193922	323.130258	323.220102	323.182618	
117.2413	323.218906	323.165164	323.245086	323.200071	
117.2513	323.243326	323.191344	323.269506	323.226251	
117.2615	323.267865	323.217524	323.294045	323.252431	
117.2716	323.292116	323.243704	323.318296	323.287337	
117.2818	323.316481	323.269884	323.342661	323.304791	
117.2919	323.340399	323.304791	323.366579	323.330971	
117.3021	323.364261	323.322244	323.390441	323.357151	
117.3122	323.387956	323.348424	323.414136	323.38333	
117.3223	323.411374	323.374604	323.437553	323.40951	
117.3325	323.434797	323.400784	323.460977	323.426964	
117.3426	323.457918	323.418237	323.484098	323.46187	
117.3527	323.480904	323.444417	323.507084	323.479324	
117.3629	323.503749	323.46187	323.529929	323.496777	
117.373	323.526459	323.479324	323.552639	323.522957	
117.3832	323.549136	323.51423	323.575316	323.549137	
117.3933	323.571366	323.531683	323.597546	323.56659	
117.4034	323.593539	323.549137	323.619719	323.584043	
117.4136	323.615637	323.56659	323.641817	323.601497	
117.4237	323.63743	323.584043	323.66361	323.627677	
117.4338	323.659131	323.610223	323.685311	323.64513	
117.4461	323.68505	323.61895	323.71123	323.662583	
117.4541	323.702016	323.64513	323.728196	323.680036	
117.4643	323.723286	323.662583	323.749466	323.69749	
117.4744	323.744249	323.688763	323.770429	323.714943	
117.4845	323.765227	323.706216	323.791407	323.741123	
117.4948	323.78625	323.72367	323.81243	323.74985	
117.505	323.806903	323.741123	323.833083	323.77603	
117.515	323.827008	323.758576	323.853188	323.793483	
117.5254	323.847648	323.77603	323.873828	323.810936	
117.5353	323.86738	323.793483	323.89356	323.828389	
117.5455	323.88731	323.810936	323.91349	323.845843	
117.5556	323.907001	323.828389	323.933181	323.872023	
117.5658	323.926663	323.845843	323.952843	323.889476	
117.5759	323.945982	323.863296	323.972161	323.915656	
117.586	323.965183	323.889476	323.991363	323.933109	
117.5962	323.984333	323.906929	324.010513	323.950562	
117.6063	324.003227	323.933109	324.029407	323.976742	
117.6165	324.022063	323.950562	324.048243	324.002922	
117.6266	324.040595	323.976742	324.066775	324.020376	
117.6368	324.059036	324.002922	324.085216	324.046556	
117.647	324.077409	324.020376	324.103589	324.064009	
117.657	324.095345	324.037829	324.121525	324.081462	
117.6672	324.113336	324.055282	324.139516	324.098915	
117.6773	324.131088	324.072736	324.157268	324.125095	
117.6874	324.148674	324.098915	324.174854	324.142549	
117.6976	324.166164	324.107642	324.192344	324.160002	
117.7077	324.1834	324.133822	324.20958	324.177455	
117.7179	324.200578	324.142549	324.226758	324.194909	
117.728	324.217501	324.168729	324.243681	324.212362	
117.7381	324.234286	324.177455	324.260466	324.229815	
117.7483	324.250911	324.194909	324.277091	324.238542	
117.7584	324.267374	324.212362	324.293554	324.255995	
117.7686	324.283743	324.229815	324.309923	324.264722	
117.7787	324.299865	324.247268	324.326045	324.282175	
117.7888	324.315844	324.255995	324.342024	324.299628	
117.7992	324.332009	324.273448	324.358189	324.308355	
117.8092	324.347392	324.282175	324.373572	324.325808	
117.8193	324.362804	324.299628	324.388984	324.334535	
117.8294	324.37816	324.308355	324.40434	324.343262	
117.8397	324.3935	324.317082	324.41968	324.360715	
117.8497	324.408289	324.334535	324.434468	324.369441	
117.8598	324.42311	324.343262	324.44929	324.386895	
117.87	324.437808	324.351988	324.463988	324.404348	
117.8801	324.45232	324.369441	324.4785	324.413075	
117.8985	324.47795	324.378168	324.50413	324.430528	
117.9032	324.484577	324.386895	324.510757	324.439255	
117.9131	324.49823	324.413075	324.52441	324.456708	
117.9232	324.512024	324.421801	324.538204	324.474161	
117.9334	324.525728	324.439255	324.551908	324.491615	
117.9435	324.539175	324.456708	324.565354	324.509068	
117.9536	324.552486	324.474161	324.578666	324.517794	
117.9638	324.565648	324.491615	324.591828	324.535248	
117.9739	324.578655	324.509068	324.604835	324.543974	
117.984	324.591488	324.526521	324.617668	324.561428	
117.9942	324.604168	324.543974	324.630348	324.578881	
118.0043	324.616699	324.561428	324.642878	324.578881	
118.0145	324.629086	324.578881	324.655266	324.596334	
118.0246	324.641273	324.596334	324.667453	324.613788	
118.0348	324.653346	324.605061	324.679526	324.622514	
118.0449	324.6652	324.622514	324.69138	324.639968	
118.0551	324.676973	324.631241	324.703153	324.648694	
118.0652	324.688446	324.648694	324.714626	324.666147	
118.0753	324.699843	324.666147	324.726023	324.674874	
118.0854	324.711056	324.666147	324.737236	324.683601	
118.0956	324.722119	324.683601	324.748299	324.701054	
118.1057	324.733041	324.692327	324.759221	324.709781	
118.1159	324.743793	324.701054	324.769973	324.718507	
118.126	324.754374	324.701054	324.780554	324.727234	
118.1364	324.764986	324.709781	324.791166	324.744687	
118.1465	324.775196	324.718507	324.801376	324.753414	
118.1566	324.785296	324.727234	324.811476	324.753414	
118.1667	324.795202	324.735961	324.821382	324.762141	
118.1769	324.804978	324.735961	324.831158	324.770867	
118.187	324.814584	324.744687	324.840764	324.779594	
118.1971	324.824038	324.753414	324.850218	324.788321	
118.2073	324.833331	324.762141	324.85951	324.788321	
118.2174	324.842466	324.770867	324.868646	324.797047	
118.2275	324.851408	324.779594	324.877588	324.805774	
118.2377	324.86024	324.788321	324.88642	324.805774	
118.2479	324.868912	324.805774	324.895091	324.8145	
118.258	324.877352	324.805774	324.903532	324.823227	
118.2681	324.885687	324.823227	324.911867	324.823227	
118.2782	324.893859	324.831954	324.920039	324.831954	
118.2884	324.901907	324.84068	324.928087	324.84068	
118.2985	324.909707	324.84068	324.935887	324.849407	
118.3087	324.917401	324.858134	324.943581	324.858134	
118.3188	324.924959	324.858134	324.951139	324.86686	
118.329	324.932354	324.86686	324.958534	324.875587	
118.3391	324.939517	324.875587	324.965697	324.89304	
118.3493	324.946617	324.875587	324.972797	324.89304	
118.3594	324.953498	324.89304	324.979678	324.910494	
118.3697	324.960296	324.89304	324.986476	324.91922	
118.3796	324.96677	324.901767	324.99295	324.927947	
118.3898	324.973199	324.910494	324.999379	324.936673	
118.3999	324.979431	324.910494	325.005611	324.9454	
118.41	324.985534	324.91922	325.011714	324.9454	
118.4228	324.992938	324.927947	325.019118	324.954127	
118.4304	324.997297	324.936673	325.023477	324.962853	
118.4405	325.002922	324.9454	325.029102	324.962853	
118.4507	325.008409	324.9454	325.034589	324.962853	
118.4608	325.013706	324.962853	325.039886	324.962853	
118.4711	325.018908	324.962853	325.045088	324.962853	
118.4811	325.023862	324.97158	325.050042	324.962853	
118.4913	325.028757	324.980307	325.054937	324.962853	
118.5014	325.033414	324.980307	325.059594	324.97158	
118.5115	325.037934	324.980307	325.064114	324.980307	
118.5217	325.042335	324.980307	325.068515	324.980307	
118.5319	325.046582	324.980307	325.072762	324.989033	
118.542	325.050621	324.980307	325.076801	324.989033	
118.5521	325.054532	324.980307	325.080712	324.99776	
118.5622	325.058296	324.980307	325.084476	324.99776	
118.5724	325.061909	324.980307	325.088089	325.006487	
118.5825	325.065367	324.980307	325.091547	325.006487	
118.5927	325.068682	324.980307	325.094862	325.015213	
118.6028	325.071835	324.980307	325.098015	325.015213	
118.6129	325.074845	324.980307	325.101025	325.02394	
118.6231	325.077718	324.980307	325.103898	325.02394	
118.6333	325.080446	324.989033	325.106626	325.032667	
118.6433	325.082972	324.99776	325.109152	325.032667	
118.6535	325.085385	325.006487	325.111565	325.032667	
118.6636	325.087657	325.015213	325.113836	325.032667	
118.6738	325.089779	325.015213	325.115959	325.032667	
118.6839	325.091758	325.032667	325.117938	325.032667	
118.694	325.0936	325.041393	325.11978	325.032667	
118.7041	325.095296	325.05012	325.121476	325.032667	
118.7143	325.096858	325.05012	325.123038	325.032667	
118.7244	325.098286	325.05012	325.124465	325.032667	
118.7346	325.099575	325.058847	325.125755	325.032667	
118.7449	325.100752	325.058847	325.126932	325.032667	
118.755	325.101782	325.058847	325.127962	325.032667	
118.7651	325.106561	325.058847	325.132741	325.032667	
118.7753	325.106561	325.058847	325.132741	325.041393	
118.7854	325.106561	325.058847	325.132741	325.05012	
118.7955	325.106561	325.058847	325.132741	325.058847	
118.8057	325.106561	325.058847	325.132741	325.067573	
118.8158	325.106561	325.058847	325.132741	325.067573	
118.8259	325.106561	325.058847	325.132741	325.0763	
118.8361	325.106561	325.058847	325.132741	325.085026	
118.8462	325.106561	325.058847	325.132741	325.085026	
118.8564	325.106561	325.058847	325.132741	325.085026	
118.8665	325.106561	325.058847	325.132741	325.085026	
118.8766	325.106561	325.058847	325.132741	325.085026	
118.8867	325.106561	325.058847	325.132741	325.085026	
118.8969	325.106561	325.058847	325.132741	325.085026	
118.907	325.106561	325.058847	325.132741	325.085026	
118.9172	325.106561	325.058847	325.132741	325.085026	
118.9274	325.106561	325.058847	325.132741	325.085026	
118.9375	325.106561	325.058847	325.132741	325.085026	
118.9479	325.106561	325.058847	325.132741	325.085026	
118.9579	325.106561	325.058847	325.132741	325.085026	
118.9679	325.106561	325.058847	325.132741	325.085026	
118.9781	325.106561	325.058847	325.132741	325.085026	
118.9882	325.106561	325.058847	325.132741	325.085026	
118.9984	325.106561	325.058847	325.132741	325.085026	
119.0086	325.106561	325.058847	325.132741	325.085026	
119.0187	325.106561	325.058847	325.132741	325.085026	
119.0288	325.106561	325.058847	325.132741	325.085026	
119.0391	325.106561	325.058847	325.132741	325.085026	
119.0492	325.106561	325.058847	325.132741	325.085026	
119.0593	325.106561	325.058847	325.132741	325.085026	
119.0698	325.106561	325.058847	325.132741	325.085026	
119.0796	325.106561	325.058847	325.132741	325.085026	
119.0897	325.106561	325.058847	325.132741	325.085026	
119.515	325.106561	325.058847	325.132741	325.085026	
119.5254	325.106561	325.058847	325.132741	325.085026	
119.5355	325.106561	325.058847	325.132741	325.085026	
119.5455	325.106561	325.058847	325.132741	325.085026	
119.5557	325.106561	325.058847	325.132741	325.085026	
119.5658	325.106561	325.058847	325.132741	325.085026	
119.576	325.106561	325.058847	325.132741	325.085026	
119.5861	325.106561	325.058847	325.132741	325.085026	
119.5962	325.106561	325.058847	325.132741	325.085026	
119.6064	325.106561	325.058847	325.132741	325.085026	
119.6166	325.106561	325.058847	325.132741	325.085026	
119.6266	325.106561	325.058847	325.132741	325.085026	
119.6368	325.106561	325.058847	325.132741	325.085026	
119.6469	325.106561	325.058847	325.132741	325.085026	
119.6571	325.106561	325.058847	325.132741	325.085026	
119.6672	325.106561	325.058847	325.132741	325.085026	
119.6775	325.106561	325.058847	325.132741	325.085026	
119.6875	325.106561	325.058847	325.132741	325.085026	
119.6976	325.106561	325.058847	325.132741	325.085026	
119.7078	325.106561	325.058847	325.132741	325.085026	
119.7179	325.106561	325.058847	325.132741	325.085026	
119.728	325.106561	325.058847	325.132741	325.085026	
119.7382	325.106561	325.058847	325.132741	325.085026	
119.7483	325.106561	325.058847	325.132741	325.085026	
119.7585	325.106561	325.058847	325.132741	325.085026	
119.7687	325.106561	325.058847	325.132741	325.085026	
119.7788	325.106561	325.058847	325.132741	325.085026	
119.789	325.106561	325.058847	325.132741	325.085026	
119.7992	325.106561	325.058847	325.132741	325.085026	
119.8092	325.106561	325.058847	325.132741	325.085026	
119.8193	325.106561	325.058847	325.132741	325.085026	
119.8295	325.106561	325.058847	325.132741	325.085026	
119.8396	325.106561	325.058847	325.132741	325.085026	
119.8498	325.106561	325.058847	325.132741	325.085026	
119.8599	325.106561	325.058847	325.132741	325.085026	
119.87	325.106561	325.058847	325.132741	325.085026	
119.8802	325.106561	325.058847	325.132741	325.085026	
119.8904	325.106561	325.058847	325.132741	325.085026	
119.9005	325.106561	325.058847	325.132741	325.085026	
119.9106	325.106561	325.058847	325.132741	325.085026	
119.9208	325.106561	325.058847	325.132741	325.085026	
119.9309	325.106561	325.058847	325.132741	325.085026	
119.941	325.106561	325.058847	325.132741	325.085026	
119.9512	325.106561	325.058847	325.132741	325.085026	
119.9613	325.106561	325.058847	325.132741	325.085026	
119.9714	325.106561	325.058847	325.132741	325.085026	
119.9816	325.106561	325.058847	325.132741	325.085026	
119.9997	325.106561	325.058847	325.132741	325.085026	
120.0042	325.106561	325.058847	325.132741	325.085026	
120.0144	325.106561	325.058847	325.132741	325.085026	
120.0246	325.106561	325.058847	325.132741	325.085026	
120.0348	325.106561	325.058847	325.132741	325.085026	
120.0448	325.106561	325.058847	325.132741	325.085026	
120.055	325.106561	325.058847	325.132741	325.085026	
120.0651	325.106561	325.058847	325.132741	325.085026	
120.0752	325.106561	325.058847	325.132741	325.085026	
120.0854	325.106561	325.058847	325.132741	325.085026	
120.0956	325.106561	325.058847	325.132741	325.085026	
120.1056	325.106561	325.058847	325.132741	325.085026	
120.1158	325.106561	325.058847	325.132741	325.085026	
120.1259	325.106561	325.058847	325.132741	325.085026	
120.136	325.106561	325.058847	325.132741	325.085026	
120.1462	325.106561	325.058847	325.132741	325.085026	
120.1563	325.106561	325.058847	325.132741	325.085026	
120.1664	325.106561	325.058847	325.132741	325.085026	
120.1767	325.106561	325.058847	325.132741	325.085026	
120.1867	325.106561	325.058847	325.132741	325.085026	
120.1969	325.106561	325.058847	325.132741	325.085026	
120.2071	325.106561	325.058847	325.132741	325.085026	
120.2171	325.106561	325.058847	325.132741	325.085026	
120.2273	325.106561	325.058847	325.132741	325.085026	
120.2374	325.106561	325.058847	325.132741	325.085026	
120.2476	325.106561	325.058847	325.132741	325.085026	
120.2577	325.106561	325.058847	325.132741	325.085026	
120.2679	325.106561	325.058847	325.132741	325.085026	
120.278	325.106561	325.058847	325.132741	325.085026	
120.2881	325.106561	325.058847	325.132741	325.085026	
120.2983	325.106561	325.058847	325.132741	325.085026	
120.3084	325.106561	325.058847	325.132741	325.085026	
120.3186	325.106561	325.058847	325.132741	325.085026	
120.3287	325.106561	325.058847	325.132741	325.085026	
120.3388	325.106561	325.058847	325.132741	325.085026	
120.349	325.106561	325.058847	325.132741	325.085026	
120.3592	325.106561	325.058847	325.132741	325.085026	
120.3693	325.106561	325.058847	325.132741	325.085026	
120.3794	325.106561	325.058847	325.132741	325.085026	
120.3895	325.106561	325.058847	325.132741	325.085026	
120.3997	325.106561	325.058847	325.132741	325.085026	
120.4098	325.106561	325.058847	325.132741	325.085026	
120.4209	325.106561	325.058847	325.132741	325.085026	
120.4301	325.106561	325.058847	325.132741	325.085026	
120.4403	325.106561	325.058847	325.132741	325.085026	
120.4605	325.106561	325.058847	325.132741	325.085026	
120.4651	325.106561	325.058847	325.132741	325.085026	
120.4752	325.106561	325.058847	325.132741	325.085026	
120.4853	325.106561	325.058847	325.132741	325.085026	
120.4956	325.106561	325.058847	325.132741	325.085026	
120.5056	325.106561	325.058847	325.132741	325.085026	
120.5158	325.106561	325.058847	325.132741	325.085026	
120.5259	325.106561	325.058847	325.132741	325.085026	
120.5361	325.106561	325.058847	325.132741	325.085026	
120.5462	325.106561	325.058847	325.132741	325.085026	
120.5563	325.106561	325.058847	325.132741	325.085026	
120.5665	325.106561	325.058847	325.132741	325.085026	
120.5767	325.106561	325.058847	325.132741	325.085026	
120.5867	325.106561	325.058847	325.132741	325.085026	
120.5969	325.106561	325.058847	325.132741	325.085026	
120.6071	325.106561	325.058847	325.132741	325.085026	
120.6174	325.106561	325.058847	325.132741	325.085026	
120.6273	325.106561	325.058847	325.132741	325.085026	
120.6375	325.106561	325.058847	325.132741	325.085026	
120.6477	325.106561	325.058847	325.132741	325.085026	
120.6578	325.106561	325.058847	325.132741	325.085026	
120.6679	325.106561	325.058847	325.132741	325.085026	
120.6781	325.106561	325.058847	325.132741	325.085026	
120.6882	325.106561	325.058847	325.132741	325.085026	
120.6983	325.106561	325.058847	325.132741	325.085026	
120.7085	325.106561	325.058847	325.132741	325.085026	
120.7186	325.106561	325.058847	325.132741	325.085026	
120.7288	325.106561	325.058847	325.132741	325.085026	
120.739	325.106561	325.058847	325.132741	325.085026	
120.7491	325.106561	325.058847	325.132741	325.085026	
120.7593	325.106561	325.058847	325.132741	325.085026	
120.7694	325.106561	325.058847	325.132741	325.085026	
120.7795	325.106561	325.058847	325.132741	325.085026	
120.7896	325.106561	325.058847	325.132741	325.085026	
120.7998	325.106561	325.058847	325.132741	325.085026	
120.8099	325.106561	325.058847	325.132741	325.085026	
120.8201	325.106561	325.058847	325.132741	325.085026	
120.8303	325.106561	325.058847	325.132741	325.085026	
120.8404	325.106561	325.058847	325.132741	325.085026	
120.8505	325.106561	325.058847	325.132741	325.085026	
120.8607	325.106561	325.058847	325.132741	325.085026	
120.8708	325.106561	325.058847	325.132741	325.085026	
120.8809	325.106561	325.058847	325.132741	325.085026	
120.891	325.106561	325.058847	325.132741	325.085026	
120.9012	325.106561	325.058847	325.132741	325.085026	
120.9114	325.106561	325.058847	325.132741	325.085026	
120.9214	325.106561	325.058847	325.132741	325.085026	
120.9316	325.106561	325.058847	325.132741	325.085026	
120.9418	325.106561	325.058847	325.132741	325.085026	
120.9519	325.106561	325.058847	325.132741	325.085026	
120.962	325.106561	325.058847	325.132741	325.085026	
120.9722	325.106561	325.058847	325.132741	325.085026	
120.9824	325.106561	325.058847	325.132741	325.085026	
120.9925	325.106561	325.058847	325.132741	325.085026	
121.0026	325.106561	325.067573	325.132741	325.085026	
121.0127	325.106561	325.067573	325.132741	325.085026	
121.0229	325.106561	325.067573	325.132741	325.085026	
121.0332	325.106561	325.067573	325.132741	325.085026	
121.0432	325.106561	325.067573	325.132741	325.085026	
121.0533	325.106561	325.067573	325.132741	325.093753	
121.0635	325.106561	325.0763	325.132741	325.093753	
121.0736	325.106561	325.0763	325.132741	325.10248	
121.0837	325.106561	325.0763	325.132741	325.10248	
121.0939	325.106561	325.085026	325.132741	325.111206	
121.104	325.106561	325.085026	325.132741	325.119933	
121.1142	325.106561	325.093753	325.132741	325.119933	
121.1243	325.106561	325.093753	325.132741	325.12866	
121.1344	325.106561	325.10248	325.132741	325.137386	
121.1446	325.106561	325.10248	325.132741	325.137386	
121.1547	325.106561	325.10248	325.132741	325.137386	
121.1648	325.106561	325.10248	325.132741	325.137386	
121.175	325.106561	325.10248	325.132741	325.137386	
121.1851	325.106561	325.10248	325.132741	325.137386	
121.1953	325.106561	325.10248	325.132741	325.137386	
121.2054	325.106561	325.10248	325.132741	325.146113	
121.2155	325.106561	325.10248	325.132741	325.146113	
121.2257	325.106561	325.10248	325.132741	325.146113	
121.2358	325.106561	325.10248	325.132741	325.146113	
121.246	325.106561	325.10248	325.132741	325.146113	
121.2561	325.106561	325.10248	325.132741	325.146113	
121.2662	325.106561	325.10248	325.132741	325.146113	
121.2763	325.106561	325.10248	325.132741	325.146113	
121.2865	325.106561	325.10248	325.132741	325.146113	
121.3045	325.106561	325.10248	325.132741	325.146113	
121.309	325.106561	325.10248	325.132741	325.146113	
121.3192	325.106561	325.10248	325.132741	325.146113	
121.3293	325.106561	325.10248	325.132741	325.146113	
121.3394	325.106561	325.10248	325.132741	325.146113	
121.3495	325.106561	325.10248	325.132741	325.146113	
121.3597	325.106561	325.10248	325.132741	325.146113	
121.3698	325.106561	325.10248	325.132741	325.146113	
121.3799	325.106561	325.10248	325.132741	325.146113	
121.3901	325.106561	325.10248	325.132741	325.146113	
121.4003	325.106561	325.10248	325.132741	325.146113	
121.4104	325.106561	325.10248	325.132741	325.146113	
121.4205	325.106561	325.10248	325.132741	325.146113	
121.4307	325.106561	325.10248	325.132741	325.146113	
121.4408	325.106561	325.10248	325.132741	325.146113	
121.4519	325.106561	325.10248	325.132741	325.146113	
121.4611	325.106561	325.10248	325.132741	325.146113	
121.4713	325.106561	325.10248	325.132741	325.146113	
121.4814	325.106561	325.10248	325.132741	325.146113	
121.4915	325.106561	325.10248	325.132741	325.146113	
121.5017	325.106561	325.10248	325.132741	325.146113	
121.5197	325.106561	325.10248	325.132741	325.146113	
121.5242	325.106561	325.10248	325.132741	325.146113	
121.5346	325.106561	325.10248	325.132741	325.146113	
121.5445	325.106561	325.10248	325.132741	325.146113	
121.5546	325.106561	325.10248	325.132741	325.146113	
121.5648	325.106561	325.10248	325.132741	325.146113	
121.575	325.106561	325.10248	325.132741	325.146113	
121.5851	325.106561	325.10248	325.132741	325.146113	
121.5952	325.106561	325.10248	325.132741	325.146113	
121.6053	325.106561	325.10248	325.132741	325.146113	
121.6155	325.106561	325.10248	325.132741	325.146113	
121.6256	325.106561	325.10248	325.132741	325.146113	
121.6357	325.106561	325.10248	325.132741	325.146113	
121.6459	325.106561	325.10248	325.132741	325.146113	
121.656	325.106561	325.10248	325.132741	325.146113	
121.6662	325.106561	325.10248	325.132741	325.146113	
121.6763	325.106561	325.10248	325.132741	325.146113	
121.6865	325.106561	325.10248	325.132741	325.146113	
121.6966	325.106561	325.10248	325.132741	325.146113	
121.7067	325.106561	325.10248	325.132741	325.146113	
121.7169	325.106561	325.10248	325.132741	325.146113	
121.727	325.106561	325.10248	325.132741	325.146113	
121.7372	325.106561	325.10248	325.132741	325.146113	
121.7473	325.106561	325.10248	325.132741	325.146113	
121.7574	325.106561	325.10248	325.132741	325.146113	
121.7678	325.106561	325.10248	325.132741	325.146113	
121.7777	325.106561	325.10248	325.132741	325.146113	
121.7879	325.106561	325.10248	325.132741	325.146113	
121.798	325.106561	325.10248	325.132741	325.146113	
121.8081	325.106561	325.10248	325.132741	325.146113	
121.8182	325.106561	325.10248	325.132741	325.146113	
121.8284	325.106561	325.10248	325.132741	325.146113	
121.8385	325.106561	325.10248	325.132741	325.146113	
121.8487	325.106561	325.10248	325.132741	325.146113	
121.8588	325.106561	325.10248	325.132741	325.146113	
121.869	325.106561	325.10248	325.132741	325.146113	
121.8792	325.106561	325.10248	325.132741	325.146113	
121.8892	325.106561	325.10248	325.132741	325.146113	
121.8994	325.106561	325.10248	325.132741	325.146113	
121.9095	325.106561	325.10248	325.132741	325.146113	
121.9197	325.106561	325.10248	325.132741	325.146113	
121.9298	325.106561	325.10248	325.132741	325.146113	
121.9399	325.106561	325.10248	325.132741	325.146113	
121.9501	325.106561	325.10248	325.132741	325.146113	
121.9602	325.106561	325.10248	325.132741	325.146113	
121.9704	325.106561	325.10248	325.132741	325.146113	
121.9805	325.106561	325.10248	325.132741	325.146113	
121.9907	325.106561	325.10248	325.132741	325.146113	
122.0008	325.106561	325.10248	325.132741	325.146113	
122.0109	325.106561	325.10248	325.132741	325.146113	
122.021	325.106561	325.10248	325.132741	325.146113	
122.0312	325.106561	325.10248	325.132741	325.146113	
122.0413	325.106561	325.10248	325.132741	325.146113	
122.0515	325.106561	325.10248	325.132741	325.146113	
122.0616	325.106561	325.10248	325.132741	325.146113	
122.0718	325.106561	325.10248	325.132741	325.146113	
122.0819	325.106561	325.10248	325.132741	325.146113	
122.0921	325.106561	325.10248	325.132741	325.146113	
122.1022	325.106561	325.10248	325.132741	325.146113	
122.1123	325.106561	325.10248	325.132741	325.146113	
122.1225	325.106561	325.10248	325.132741	325.146113	
122.1326	325.106561	325.10248	325.132741	325.146113	
122.1427	325.106561	325.10248	325.132741	325.146113	
122.1529	325.106561	325.10248	325.132741	325.146113	
122.163	325.106561	325.10248	325.132741	325.146113	
122.1732	325.106561	325.10248	325.132741	325.146113	
122.1834	325.106561	325.10248	325.132741	325.146113	
122.1938	325.106561	325.10248	325.132741	325.146113	
122.2036	325.106561	325.10248	325.132741	325.146113	
122.2137	325.106561	325.10248	325.132741	325.146113	
122.2238	325.106561	325.10248	325.132741	325.146113	
122.234	325.106561	325.10248	325.132741	325.146113	
122.2441	325.106561	325.10248	325.132741	325.146113	
122.2543	325.106561	325.10248	325.132741	325.146113	
122.2644	325.106561	325.10248	325.132741	325.146113	
122.2745	325.106561	325.10248	325.132741	325.146113	
122.2846	325.106561	325.10248	325.132741	325.146113	
122.2948	325.106561	325.10248	325.132741	325.146113	
122.305	325.106561	325.10248	325.132741	325.146113	
122.3151	325.106561	325.10248	325.132741	325.146113	
122.3252	325.106561	325.10248	325.132741	325.146113	
122.3355	325.106561	325.10248	325.132741	325.146113	
122.3455	325.106561	325.10248	325.132741	325.146113	
122.3557	325.106561	325.10248	325.132741	325.146113	
122.3658	325.106561	325.10248	325.132741	325.146113	
122.3759	325.106561	325.10248	325.132741	325.146113	
122.3861	325.106561	325.10248	325.132741	325.146113	
122.3963	325.106561	325.10248	325.132741	325.146113	
122.4064	325.106561	325.10248	325.132741	325.146113	
122.4165	325.106561	325.10248	325.132741	325.146113	
122.4267	325.106561	325.10248	325.132741	325.146113	
122.4368	325.106561	325.10248	325.132741	325.146113	
122.4469	325.106561	325.10248	325.132741	325.146113	
122.4663	325.106561	325.10248	325.132741	325.146113	
122.4708	325.106561	325.10248	325.132741	325.146113	
122.481	325.106561	325.10248	325.132741	325.146113	
122.4911	325.106561	325.10248	325.132741	325.146113	
122.5013	325.106561	325.10248	325.132741	325.146113	
122.5115	325.106561	325.10248	325.132741	325.146113	
122.5216	325.106561	325.10248	325.132741	325.146113	
122.532	325.106561	325.10248	325.132741	325.146113	
122.5419	325.106561	325.10248	325.132741	325.146113	
122.552	325.106561	325.10248	325.132741	325.146113	
122.5621	325.106561	325.10248	325.132741	325.146113	
122.5723	325.106561	325.10248	325.132741	325.146113	
122.5824	325.106561	325.10248	325.132741	325.146113	
122.5925	325.106561	325.10248	325.132741	325.146113	
122.6027	325.106561	325.10248	325.132741	325.146113	
122.6128	325.106561	325.10248	325.132741	325.15484	
122.6229	325.106561	325.10248	325.132741	325.15484	
122.6331	325.106561	325.10248	325.132741	325.146113	
122.6432	325.106561	325.10248	325.132741	325.146113	
122.6534	325.106561	325.10248	325.132741	325.146113	
122.6635	325.106561	325.10248	325.132741	325.146113	
122.6736	325.106561	325.10248	325.132741	325.146113	
122.6838	325.106561	325.10248	325.132741	325.15484	
122.6939	325.106561	325.10248	325.132741	325.15484	
122.704	325.106561	325.10248	325.132741	325.15484	
122.7142	325.106561	325.10248	325.132741	325.15484	
122.7243	325.106561	325.10248	325.132741	325.15484	
122.7345	325.106561	325.10248	325.132741	325.146113	
122.7446	325.106561	325.10248	325.132741	325.146113	
122.7547	325.106561	325.10248	325.132741	325.146113	
122.7649	325.106561	325.10248	325.132741	325.146113	
122.775	325.106561	325.10248	325.132741	325.146113	
122.7851	325.106561	325.10248	325.132741	325.146113	
122.7953	325.106561	325.10248	325.132741	325.15484	
122.8054	325.106561	325.10248	325.132741	325.15484	
122.8156	325.106561	325.10248	325.132741	325.15484	
122.8257	325.106561	325.10248	325.132741	325.15484	
122.8359	325.106561	325.10248	325.132741	325.15484	
122.846	325.106561	325.10248	325.132741	325.15484	
122.8561	325.106561	325.10248	325.132741	325.15484	
122.8663	325.106561	325.10248	325.132741	325.15484	
122.8764	325.106561	325.10248	325.132741	325.15484	
122.8865	325.106561	325.10248	325.132741	325.15484	
122.8967	325.106561	325.10248	325.132741	325.15484	
122.9068	325.106561	325.10248	325.132741	325.15484	
122.917	325.106561	325.10248	325.132741	325.15484	
122.9271	325.106561	325.10248	325.132741	325.15484	
122.9372	325.106561	325.10248	325.132741	325.15484	
122.9473	325.106561	325.10248	325.132741	325.15484	
122.9575	325.106561	325.10248	325.132741	325.15484	
122.9677	325.106561	325.10248	325.132741	325.15484	
122.9778	325.106561	325.10248	325.132741	325.15484	
122.9879	325.106561	325.10248	325.132741	325.15484	
122.9981	325.106561	325.10248	325.132741	325.15484	
123.0082	325.106561	325.10248	325.132741	325.15484	
123.0183	325.106561	325.10248	325.132741	325.15484	
123.0285	325.106561	325.10248	325.132741	325.15484	
123.0387	325.106561	325.10248	325.132741	325.15484	
123.0488	325.106561	325.10248	325.132741	325.15484	
123.059	325.106561	325.10248	325.132741	325.15484	
123.0694	325.106561	325.10248	325.132741	325.15484	
123.0792	325.106561	325.10248	325.132741	325.15484	
123.0893	325.106561	325.10248	325.132741	325.15484	
123.0995	325.106561	325.10248	325.132741	325.15484	
123.1096	325.106561	325.10248	325.132741	325.15484	
123.1198	325.106561	325.10248	325.132741	325.15484	
123.1299	325.106561	325.10248	325.132741	325.15484	
123.14	325.106561	325.10248	325.132741	325.15484	
123.1502	325.106561	325.10248	325.132741	325.15484	
123.1604	325.106561	325.10248	325.132741	325.15484	
123.1709	325.106561	325.10248	325.132741	325.15484	
123.1806	325.106561	325.10248	325.132741	325.15484	
123.1907	325.106561	325.10248	325.132741	325.15484	
123.2009	325.106561	325.10248	325.132741	325.15484	
123.211	325.106561	325.10248	325.132741	325.15484	
123.2212	325.106561	325.10248	325.132741	325.15484	
123.2333	325.106561	325.10248	325.132741	325.15484	
123.2414	325.106561	325.10248	325.132741	325.15484	
123.2515	325.106561	325.10248	325.132741	325.15484	
123.2617	325.106561	325.10248	325.132741	325.15484	
123.2719	325.106561	325.10248	325.132741	325.15484	
123.282	325.106561	325.10248	325.132741	325.15484	
123.2921	325.106561	325.10248	325.132741	325.15484	
123.3022	325.106561	325.10248	325.132741	325.15484	
123.3124	325.106561	325.10248	325.132741	325.15484	
123.3225	325.106561	325.10248	325.132741	325.15484	
123.3326	325.106561	325.10248	325.132741	325.15484	
123.3428	325.106561	325.10248	325.132741	325.15484	
123.353	325.106561	325.10248	325.132741	325.15484	
123.3631	325.106561	325.10248	325.132741	325.15484	
123.3733	325.106561	325.10248	325.132741	325.15484	
123.3835	325.106561	325.10248	325.132741	325.15484	
123.3935	325.106561	325.10248	325.132741	325.15484	
123.4037	325.106561	325.10248	325.132741	325.15484	
123.4138	325.106561	325.10248	325.132741	325.15484	
123.424	325.106561	325.10248	325.132741	325.15484	
123.4341	325.106561	325.10248	325.132741	325.15484	
123.4443	325.106561	325.10248	325.132741	325.15484	
123.4546	325.106561	325.10248	325.132741	325.15484	
123.4646	325.106561	325.10248	325.132741	325.15484	
123.4747	325.106561	325.10248	325.132741	325.15484	
123.4848	325.106561	325.10248	325.132741	325.15484	
123.495	325.106561	325.10248	325.132741	325.15484	
123.5051	325.106561	325.10248	325.132741	325.15484	
123.5153	325.106561	325.10248	325.132741	325.15484	
123.5254	325.106561	325.10248	325.132741	325.15484	
123.5357	325.106561	325.10248	325.132741	325.15484	
123.5457	325.106561	325.10248	325.132741	325.15484	
123.5558	325.106561	325.10248	325.132741	325.15484	
123.566	325.106561	325.10248	325.132741	325.15484	
123.5761	325.106561	325.10248	325.132741	325.15484	
123.5862	325.106561	325.10248	325.132741	325.15484	
123.5964	325.106561	325.10248	325.132741	325.15484	
123.6065	325.106561	325.10248	325.132741	325.15484	
123.6166	325.106561	325.10248	325.132741	325.15484	
123.6268	325.106561	325.10248	325.132741	325.15484	
123.6369	325.106561	325.10248	325.132741	325.15484	
123.6471	325.106561	325.10248	325.132741	325.15484	
123.6572	325.106561	325.10248	325.132741	325.15484	
123.6673	325.106561	325.10248	325.132741	325.15484	
123.6775	325.106561	325.10248	325.132741	325.15484	
123.6877	325.106561	325.10248	325.132741	325.15484	
123.6979	325.106561	325.10248	325.132741	325.15484	
123.7079	325.106561	325.10248	325.132741	325.15484	
123.7183	325.106561	325.10248	325.132741	325.15484	
123.7283	325.106561	325.10248	325.132741	325.15484	
123.7384	325.106561	325.10248	325.132741	325.15484	
123.7487	325.106561	325.10248	325.132741	325.15484	
