44.92598	3493.74587	3493.73028	3493.43172	3493.41612	
44.93056	3493.74683	3493.73028	3493.43267	3493.41612	
44.94071	3493.74973	3493.73028	3493.43557	3493.42485	
44.95084	3493.75324	3493.73028	3493.43908	3493.42485	
44.96096	3493.75736	3493.73028	3493.4432	3493.42485	
44.97112	3493.76212	3493.73028	3493.44796	3493.43358	
44.98125	3493.76748	3493.73028	3493.45332	3493.43358	
44.99142	3493.77348	3493.73028	3493.45932	3493.43358	
45.00157	3493.78009	3493.73901	3493.46593	3493.43358	
45.01169	3493.78729	3493.73901	3493.47313	3493.43358	
45.02189	3493.79518	3493.73901	3493.48102	3493.43358	
45.03197	3493.80357	3493.73901	3493.48941	3493.43358	
45.04212	3493.81265	3493.74774	3493.49849	3493.43358	
45.05226	3493.82233	3493.74774	3493.50818	3493.43358	
45.0624	3493.83264	3493.75646	3493.51848	3493.43358	
45.07254	3493.84355	3493.76519	3493.52939	3493.43358	
45.08267	3493.85509	3493.76519	3493.54093	3493.43358	
45.09283	3493.86726	3493.78264	3493.5531	3493.43358	
45.10301	3493.88009	3493.79137	3493.56593	3493.43358	
45.11312	3493.89343	3493.8001	3493.57927	3493.43358	
45.12328	3493.90746	3493.81755	3493.5933	3493.43358	
45.13341	3493.92207	3493.835	3493.60791	3493.4423	
45.14354	3493.93729	3493.85246	3493.62313	3493.45103	
45.15367	3493.95313	3493.86991	3493.63897	3493.45976	
45.16382	3493.96962	3493.88736	3493.65546	3493.46848	
45.17399	3493.98677	3493.90482	3493.67261	3493.47721	
45.18416	3494.00452	3493.931	3493.69036	3493.49466	
45.19432	3494.02288	3493.94845	3493.70872	3493.51212	
45.20448	3494.04188	3493.9659	3493.72772	3493.52957	
45.21466	3494.06152	3493.99208	3493.74736	3493.54702	
45.22465	3494.0814	3494.00954	3493.76724	3493.5732	
45.23481	3494.10222	3494.02699	3493.78806	3493.59938	
45.24495	3494.12363	3494.04444	3493.80947	3493.62556	
45.25508	3494.14563	3494.07935	3493.83147	3493.66047	
45.26522	3494.16827	3494.0968	3493.85411	3493.68665	
45.27541	3494.19166	3494.12298	3493.8775	3493.72156	
45.28555	3494.21554	3494.14916	3493.90138	3493.75646	
45.29565	3494.23992	3494.17534	3493.92576	3493.79137	
45.30582	3494.26511	3494.20152	3493.95096	3493.82628	
45.31595	3494.29083	3494.23643	3493.97667	3493.86118	
45.32612	3494.31724	3494.26261	3494.00308	3493.88736	
45.34619	3494.37243	3494.3237	3494.05828	3493.95718	
45.35078	3494.38492	3494.34115	3494.07076	3493.97463	
45.3609	3494.41334	3494.37606	3494.09919	3494.00954	
45.37106	3494.44248	3494.41096	3494.12832	3494.03572	
45.3812	3494.47217	3494.44587	3494.15801	3494.07062	
45.39139	3494.50264	3494.48078	3494.18848	3494.10553	
45.40151	3494.5335	3494.51568	3494.21934	3494.13171	
45.41165	3494.56509	3494.55059	3494.25093	3494.16662	
45.42187	3494.5975	3494.58549	3494.28334	3494.20152	
45.43192	3494.62999	3494.6204	3494.31583	3494.23643	
45.44208	3494.66346	3494.65531	3494.3493	3494.26261	
45.45221	3494.69745	3494.69021	3494.38329	3494.29752	
45.46235	3494.73207	3494.72512	3494.41791	3494.33242	
45.47248	3494.76731	3494.76003	3494.45315	3494.3586	
45.48263	3494.8032	3494.78621	3494.48904	3494.39351	
45.49278	3494.83972	3494.82111	3494.52556	3494.43714	
45.50291	3494.87699	3494.85602	3494.56283	3494.47205	
45.51333	3494.91584	3494.89093	3494.60168	3494.50695	
45.52322	3494.9531	3494.92583	3494.63894	3494.54186	
45.53347	3494.99236	3494.96074	3494.6782	3494.58549	
45.5436	3495.0319	3494.99565	3494.71774	3494.6204	
45.55374	3495.07207	3495.03055	3494.75791	3494.65531	
45.56389	3495.11294	3495.07419	3494.79878	3494.69894	
45.57411	3495.15472	3495.10909	3494.84056	3494.74257	
45.58418	3495.19647	3495.144	3494.88231	3494.78621	
45.59435	3495.23923	3495.18763	3494.92507	3494.82984	
45.60447	3495.28245	3495.23127	3494.96829	3494.86475	
45.61492	3495.32771	3495.26617	3495.01355	3494.90838	
45.62478	3495.37099	3495.30981	3495.05683	3494.96074	
45.6349	3495.41605	3495.35344	3495.10189	3495.00437	
45.64509	3495.46202	3495.4058	3495.14786	3495.03928	
45.65523	3495.50841	3495.44071	3495.19425	3495.09164	
45.66541	3495.55556	3495.49307	3495.24141	3495.13527	
45.67556	3495.60322	3495.5367	3495.28906	3495.17891	
45.68566	3495.65126	3495.58033	3495.3371	3495.23127	
45.69583	3495.70022	3495.63269	3495.38606	3495.28363	
45.70592	3495.74945	3495.68505	3495.43529	3495.32726	
45.71608	3495.79962	3495.73741	3495.48546	3495.37962	
45.72627	3495.85056	3495.78977	3495.5364	3495.43198	
45.73636	3495.90162	3495.84213	3495.58746	3495.48434	
45.74649	3495.95347	3495.89449	3495.63931	3495.5367	
45.75666	3496.00618	3495.94685	3495.69202	3495.58906	
45.76677	3496.05916	3495.99921	3495.745	3495.64142	
45.78517	3496.15813	3496.10393	3495.84397	3495.74614	
45.78977	3496.18278	3496.13011	3495.86862	3495.77232	
45.79988	3496.23778	3496.18247	3495.92362	3495.83341	
45.81	3496.29348	3496.24356	3495.97932	3495.88577	
45.82013	3496.34983	3496.29592	3496.03567	3495.94685	
45.83031	3496.4071	3496.34828	3496.09294	3496.00794	
45.84043	3496.46455	3496.40936	3496.15039	3496.06902	
45.85058	3496.52288	3496.46172	3496.20872	3496.13011	
45.8607	3496.58166	3496.52281	3496.2675	3496.1912	
45.87084	3496.64112	3496.5839	3496.32696	3496.26101	
45.88097	3496.70115	3496.64498	3496.38699	3496.3221	
45.89111	3496.76191	3496.69734	3496.44775	3496.38318	
45.90126	3496.8233	3496.76716	3496.50914	3496.44427	
45.91146	3496.88563	3496.82824	3496.57148	3496.50536	
45.92156	3496.94797	3496.88933	3496.63381	3496.57517	
45.9317	3497.01117	3496.94169	3496.69701	3496.63626	
45.94193	3497.07555	3497.0115	3496.76139	3496.69734	
45.95213	3497.14033	3497.07259	3496.82617	3496.75843	
45.96214	3497.20457	3497.13368	3496.89041	3496.81952	
45.97228	3497.27021	3497.20349	3496.95605	3496.88933	
45.98255	3497.3373	3497.26458	3497.02314	3496.95914	
45.99257	3497.40339	3497.32566	3497.08924	3497.02023	
46.0027	3497.47086	3497.39547	3497.1567	3497.09004	
46.01284	3497.53898	3497.46529	3497.22482	3497.15113	
46.02301	3497.60798	3497.5351	3497.29382	3497.22094	
46.03313	3497.67718	3497.60491	3497.36303	3497.29076	
46.04354	3497.74906	3497.67473	3497.4349	3497.36057	
46.05344	3497.81794	3497.74454	3497.50378	3497.43038	
46.06361	3497.8894	3497.81435	3497.57524	3497.49147	
46.07374	3497.96114	3497.88417	3497.64698	3497.57001	
46.08388	3498.03363	3497.95398	3497.71947	3497.63982	
46.09413	3498.10749	3498.02379	3497.79333	3497.70963	
46.10417	3498.18041	3498.09361	3497.86625	3497.78817	
46.11448	3498.25594	3498.17215	3497.94178	3497.86671	
46.12449	3498.32989	3498.24196	3498.01573	3497.93653	
46.1346	3498.40526	3498.3205	3498.0911	3498.01507	
46.14494	3498.48294	3498.39904	3498.16878	3498.09361	
46.15487	3498.5581	3498.47758	3498.24394	3498.17215	
46.16501	3498.63545	3498.54739	3498.32129	3498.25069	
46.17516	3498.71358	3498.62593	3498.39942	3498.33795	
46.18549	3498.79362	3498.70447	3498.47946	3498.41649	
46.19551	3498.87195	3498.79174	3498.55779	3498.49503	
46.20584	3498.95337	3498.86155	3498.63921	3498.57357	
46.21571	3499.03167	3498.94882	3498.71751	3498.65211	
46.22585	3499.11269	3499.03608	3498.79853	3498.73938	
46.236	3499.1945	3499.11462	3498.88034	3498.81792	
46.24619	3499.27724	3499.19316	3498.96308	3498.89646	
46.25631	3499.36002	3499.28043	3499.04587	3498.98372	
46.26643	3499.44339	3499.35897	3499.12923	3499.06226	
46.27674	3499.529	3499.44624	3499.21485	3499.14953	
46.28672	3499.61245	3499.52478	3499.29829	3499.22807	
46.29686	3499.69789	3499.61204	3499.38373	3499.31534	
46.30704	3499.78419	3499.69931	3499.47003	3499.4026	
46.31729	3499.87185	3499.78658	3499.55769	3499.48114	
46.32759	3499.96048	3499.87384	3499.64632	3499.57714	
46.33969	3500.06565	3499.96984	3499.75149	3499.6644	
46.34787	3500.13696	3500.0571	3499.8228	3499.75167	
46.35806	3500.22651	3500.1531	3499.91235	3499.83894	
46.36815	3500.31589	3500.24036	3500.00173	3499.9262	
46.37828	3500.40607	3500.32763	3500.09191	3500.01347	
46.38845	3500.49737	3500.42362	3500.18321	3500.10074	
46.39854	3500.58851	3500.51961	3500.27435	3500.188	
46.40868	3500.68067	3500.60688	3500.36651	3500.27527	
46.41881	3500.77343	3500.7116	3500.45927	3500.37126	
46.42896	3500.86698	3500.79887	3500.55282	3500.46725	
46.4391	3500.96101	3500.88613	3500.64685	3500.55452	
46.44938	3501.05704	3500.99085	3500.74288	3500.65051	
46.4594	3501.15117	3501.07812	3500.83701	3500.74651	
46.46951	3501.24684	3501.16539	3500.93268	3500.83377	
46.47963	3501.34315	3501.27011	3501.02899	3500.93849	
46.48981	3501.44067	3501.35737	3501.12651	3501.02576	
46.50004	3501.53935	3501.45337	3501.22519	3501.13048	
46.5101	3501.63695	3501.54936	3501.32279	3501.21775	
46.5202	3501.73553	3501.65408	3501.42137	3501.32247	
46.53046	3501.83633	3501.75007	3501.52217	3501.42719	
46.54053	3501.93583	3501.84606	3501.62168	3501.52318	
46.55075	3502.03747	3501.95078	3501.72331	3501.6279	
46.56081	3502.13828	3502.04678	3501.82412	3501.73262	
46.57091	3502.23985	3502.14277	3501.92569	3501.82861	
46.5811	3502.34307	3502.24749	3502.02891	3501.93333	
46.59123	3502.44622	3502.35221	3502.13206	3502.03805	
46.60137	3502.55019	3502.45693	3502.23603	3502.14277	
46.61152	3502.65488	3502.56165	3502.34072	3502.24749	
46.62165	3502.75991	3502.66637	3502.44576	3502.35221	
46.6319	3502.86686	3502.77982	3502.5527	3502.46566	
46.64205	3502.97335	3502.89326	3502.65919	3502.5791	
46.65206	3503.07902	3502.99798	3502.76486	3502.68382	
46.66223	3503.18699	3503.11143	3502.87283	3502.79727	
46.67236	3503.29509	3503.21615	3502.98093	3502.91072	
46.68248	3503.4037	3503.32959	3503.08954	3503.02416	
46.69266	3503.51363	3503.43431	3503.19947	3503.12888	
46.70276	3503.62332	3503.54776	3503.30916	3503.24233	
46.7129	3503.73461	3503.66121	3503.42045	3503.34705	
46.72723	3503.89198	3503.81829	3503.57782	3503.51285	
46.74728	3504.11558	3504.04518	3503.80142	3503.73102	
46.76729	3504.34131	3504.23717	3504.02715	3503.94046	
46.79458	3504.65408	3504.45533	3504.33992	3504.15863	
46.79916	3504.70623	3504.62114	3504.39207	3504.32443	
46.81455	3504.88403	3504.72586	3504.56987	3504.43788	
46.82489	3505.00393	3504.84803	3504.68977	3504.56878	
46.83308	3505.0993	3504.9702	3504.78514	3504.68222	
46.84604	3505.25116	3505.09238	3504.937	3504.8044	
46.85598	3505.36822	3505.21455	3505.05406	3504.9353	
46.86447	3505.46856	3505.33672	3505.1544	3505.05747	
46.87613	3505.60741	3505.4589	3505.29325	3505.17964	
46.89566	3505.84265	3505.58107	3505.52849	3505.30182	
46.92308	3506.17169	3505.81669	3505.85753	3505.54616	
46.92782	3506.2285	3506.16575	3505.91434	3505.89523	
46.94723	3506.46142	3506.43628	3506.14726	3506.1483	
46.96725	3506.70167	3506.70681	3506.38751	3506.41883	
46.98728	3506.94202	3506.96861	3506.62786	3506.6719	
47.00726	3507.1817	3507.23041	3506.86754	3506.92497	
47.02723	3507.42144	3507.48348	3507.10728	3507.16932	
47.04729	3507.6621	3507.72782	3507.34794	3507.39621	
47.06724	3507.9015	3507.95472	3507.58734	3507.63183	
47.08728	3508.14198	3508.18161	3507.82782	3507.85	
47.10725	3508.38166	3508.41723	3508.0675	3508.07689	
47.12726	3508.62176	3508.6354	3508.3076	3508.29506	
47.14727	3508.86186	3508.86229	3508.5477	3508.51322	
47.16724	3509.10154	3509.07173	3508.78738	3508.72266	
47.18726	3509.34182	3509.28989	3509.02766	3508.94955	
47.20724	3509.58155	3509.50806	3509.26739	3509.17645	
47.22723	3509.82146	3509.7175	3509.5073	3509.40334	
47.24725	3510.06168	3509.94439	3509.74752	3509.63023	
47.26724	3510.30155	3510.17129	3509.98739	3509.87458	
47.28723	3510.54144	3510.4069	3510.22728	3510.11893	
47.30726	3510.78178	3510.64252	3510.46762	3510.35454	
47.32771	3511.02719	3510.8956	3510.71303	3510.60762	
47.3545	3511.34873	3511.01777	3511.03457	3510.72979	
47.3591	3511.40381	3511.2883	3511.08965	3510.99159	
47.37597	3511.60625	3511.41047	3511.29209	3511.13122	
47.3845	3511.7087	3511.55882	3511.39454	3511.27084	
47.39602	3511.84571	3511.68972	3511.53155	3511.41047	
47.40608	3511.9648	3511.82935	3511.65064	3511.54137	
47.41595	3512.08112	3511.95152	3511.76696	3511.67227	
47.42594	3512.19823	3512.09115	3511.88407	3511.80317	
47.43596	3512.31504	3512.23077	3512.00088	3511.93407	
47.44728	3512.44622	3512.44021	3512.13206	3512.14351	
47.46725	3512.67488	3512.69329	3512.36072	3512.39658	
47.48729	3512.9018	3512.94636	3512.58764	3512.64965	
47.50725	3513.12544	3513.19943	3512.81128	3512.88527	
47.52728	3513.3475	3513.44378	3513.03334	3513.12089	
47.54763	3513.57068	3513.6794	3513.25653	3513.34778	
47.56724	3513.78336	3513.90629	3513.4692	3513.56595	
47.58729	3513.99845	3514.107	3513.68429	3513.77539	
47.60745	3514.21223	3514.30772	3513.89807	3513.9761	
47.62722	3514.4196	3514.4997	3514.10544	3514.16809	
47.64725	3514.62733	3514.69169	3514.31317	3514.36008	
47.66725	3514.83233	3514.87495	3514.51817	3514.55206	
47.68732	3515.03567	3515.05821	3514.72152	3514.72659	
47.70725	3515.23513	3515.24147	3514.92097	3514.90985	
47.72605	3515.4214	3515.33746	3515.10724	3514.99712	
47.73066	3515.46703	3515.45091	3515.15287	3515.11929	
47.75598	3515.71281	3515.59926	3515.39865	3515.27637	
47.76058	3515.75754	3515.72143	3515.44338	3515.38982	
47.77449	3515.89154	3515.82615	3515.57738	3515.49454	
47.78724	3516.01336	3515.9745	3515.6992	3515.65162	
47.80744	3516.20352	3516.16649	3515.88936	3515.84361	
47.82723	3516.38757	3516.34975	3516.07341	3516.04432	
47.84726	3516.57136	3516.54174	3516.2572	3516.22758	
47.86768	3516.75628	3516.73372	3516.44212	3516.42829	
47.88724	3516.93114	3516.91698	3516.61698	3516.61155	
47.90726	3517.10769	3517.10024	3516.79353	3516.80354	
47.92726	3517.28175	3517.29223	3516.9676	3516.99552	
47.94728	3517.45355	3517.46676	3517.13939	3517.17006	
47.96722	3517.62237	3517.64129	3517.30821	3517.35331	
47.98725	3517.78949	3517.81583	3517.47533	3517.52785	
48.00724	3517.95398	3517.99036	3517.63982	3517.69365	
48.02724	3518.11607	3518.15617	3517.80191	3517.85946	
48.04725	3518.27595	3518.31325	3517.96179	3518.01654	
48.06767	3518.43663	3518.47905	3518.12247	3518.18235	
48.08726	3518.5885	3518.61868	3518.27434	3518.32197	
48.10724	3518.74103	3518.76703	3518.42688	3518.4616	
48.12728	3518.89161	3518.91538	3518.57745	3518.60123	
48.14729	3519.0396	3519.05501	3518.72544	3518.74085	
48.16724	3519.18483	3519.20336	3518.87067	3518.88048	
48.18726	3519.32822	3519.34299	3519.01406	3519.01138	
48.20737	3519.4698	3519.48262	3519.15564	3519.14228	
48.22726	3519.6075	3519.62224	3519.29334	3519.26445	
48.24728	3519.74374	3519.75314	3519.42958	3519.40408	
48.26725	3519.87731	3519.88404	3519.56315	3519.52625	
48.28599	3520.00069	3519.94513	3519.68653	3519.58734	
48.29058	3520.03092	3520.0324	3519.71676	3519.6746	
48.31599	3520.19326	3520.13712	3519.8791	3519.78805	
48.3206	3520.22276	3520.22438	3519.9086	3519.86659	
48.33446	3520.31029	3520.29419	3519.99613	3519.9364	
48.35452	3520.43412	3520.35528	3520.11996	3519.99749	
48.35912	3520.46256	3520.46873	3520.1484	3520.12839	
48.37448	3520.55588	3520.53854	3520.24172	3520.18947	
48.38447	3520.61612	3520.60835	3520.30196	3520.25929	
48.39451	3520.67601	3520.66944	3520.36185	3520.32037	
48.40449	3520.73501	3520.73053	3520.42085	3520.38146	
48.41446	3520.79335	3520.80034	3520.47919	3520.45127	
48.42445	3520.85125	3520.86143	3520.53709	3520.52109	
48.43596	3520.91711	3520.93124	3520.60295	3520.58217	
48.4445	3520.9656	3520.99233	3520.65144	3520.64326	
48.45598	3521.02991	3521.05341	3520.71575	3520.69562	
48.46596	3521.08533	3521.1145	3520.77117	3520.76543	
48.47606	3521.14078	3521.17559	3520.82662	3520.81779	
48.4845	3521.18673	3521.23667	3520.87257	3520.87888	
48.49728	3521.25516	3521.32394	3520.941	3520.97487	
48.51733	3521.35981	3521.42866	3521.04565	3521.07959	
48.53526	3521.45167	3521.51593	3521.13751	3521.17559	
48.54526	3521.50252	3521.57701	3521.18836	3521.21922	
48.56325	3521.59166	3521.62064	3521.2775	3521.28031	
48.56792	3521.61483	3521.68173	3521.30067	3521.34139	
48.57805	3521.66442	3521.72536	3521.35026	3521.38503	
48.58821	3521.71352	3521.77772	3521.39936	3521.42866	
48.59837	3521.76203	3521.82136	3521.44787	3521.48102	
48.60847	3521.80967	3521.86499	3521.49551	3521.53338	
48.61862	3521.8569	3521.8999	3521.54274	3521.56829	
48.62878	3521.9036	3521.9348	3521.58944	3521.61192	
48.63889	3521.94949	3521.97844	3521.63533	3521.65555	
48.64917	3521.99553	3522.02207	3521.68137	3521.69918	
48.65917	3522.03974	3522.0657	3521.72558	3521.74282	
48.66934	3522.08408	3522.10061	3521.76992	3521.77772	
48.67949	3522.12775	3522.14424	3521.81359	3521.81263	
48.68962	3522.17071	3522.17915	3521.85655	3521.85626	
48.69975	3522.21312	3522.21406	3521.89897	3521.89117	
48.70989	3522.25493	3522.24896	3521.94077	3521.9348	
48.72001	3522.29608	3522.28387	3521.98192	3521.96971	
48.73017	3522.33678	3522.3275	3522.02262	3522.00462	
48.74031	3522.3768	3522.36241	3522.06264	3522.04825	
48.75051	3522.41649	3522.40604	3522.10234	3522.08316	
48.76063	3522.45525	3522.44095	3522.1411	3522.11806	
48.77076	3522.49345	3522.47586	3522.17929	3522.1617	
48.78092	3522.53117	3522.51949	3522.21701	3522.1966	
48.79103	3522.56809	3522.5544	3522.25393	3522.23151	
48.80117	3522.60455	3522.59803	3522.29039	3522.26642	
48.8113	3522.64037	3522.63294	3522.32621	3522.30132	
48.8215	3522.67584	3522.66784	3522.36168	3522.33623	
48.83166	3522.71056	3522.70275	3522.3964	3522.37114	
48.84175	3522.74447	3522.73766	3522.43031	3522.40604	
48.85189	3522.77795	3522.77256	3522.46379	3522.44095	
48.86233	3522.81179	3522.80747	3522.49763	3522.47586	
48.87243	3522.84392	3522.84238	3522.52977	3522.51949	
48.88256	3522.8756	3522.87728	3522.56144	3522.5544	
48.89274	3522.90681	3522.91219	3522.59265	3522.5893	
48.90285	3522.93723	3522.9471	3522.62307	3522.63294	
48.91303	3522.96725	3522.97328	3522.65309	3522.66784	
48.92314	3522.99649	3523.00818	3522.68233	3522.70275	
48.9333	3523.02525	3523.03436	3522.7111	3522.72893	
48.94344	3523.05339	3523.06927	3522.73923	3522.76384	
48.95357	3523.08093	3523.08672	3522.76677	3522.79002	
48.96387	3523.10829	3523.12163	3522.79413	3522.82492	
48.97387	3523.1343	3523.14781	3522.82014	3522.8511	
48.98399	3523.16004	3523.17399	3522.84588	3522.87728	
48.99417	3523.18532	3523.20017	3522.87116	3522.91219	
49.00434	3523.21001	3523.22635	3522.89585	3522.92964	
49.01444	3523.23392	3523.26125	3522.91976	3522.96455	
49.02456	3523.25732	3523.27871	3522.94316	3522.99073	
49.03472	3523.28022	3523.30489	3522.96606	3523.01691	
49.04488	3523.30253	3523.33107	3522.98837	3523.03436	
49.055	3523.32417	3523.35725	3523.01002	3523.06054	
49.06513	3523.34525	3523.3747	3523.03109	3523.07799	
49.07529	3523.36582	3523.40088	3523.05166	3523.10417	
49.09325	3523.39996	3523.41833	3523.08581	3523.12163	
49.0978	3523.40865	3523.43579	3523.09449	3523.13908	
49.10794	3523.42733	3523.46197	3523.11317	3523.16526	
49.11815	3523.44552	3523.47069	3523.13136	3523.17399	
49.12822	3523.46291	3523.48815	3523.14875	3523.19144	
49.13836	3523.47985	3523.5056	3523.16569	3523.20889	
49.14851	3523.49624	3523.52305	3523.18208	3523.21762	
49.15864	3523.51202	3523.53178	3523.19786	3523.22635	
49.16877	3523.52723	3523.54051	3523.21307	3523.2438	
49.17891	3523.54189	3523.54923	3523.22773	3523.2438	
49.18908	3523.55601	3523.55796	3523.24185	3523.25253	
49.19918	3523.56949	3523.57541	3523.25533	3523.26125	
49.20932	3523.58246	3523.57541	3523.2683	3523.26998	
49.21946	3523.59486	3523.57541	3523.2807	3523.27871	
49.2296	3523.60671	3523.58414	3523.29255	3523.27871	
49.23978	3523.61805	3523.59287	3523.30389	3523.28743	
49.2499	3523.62876	3523.59287	3523.3146	3523.29616	
49.26003	3523.63895	3523.59287	3523.32479	3523.29616	
49.27024	3523.64865	3523.59287	3523.33449	3523.29616	
49.28032	3523.65771	3523.59287	3523.34355	3523.30489	
49.29046	3523.66627	3523.59287	3523.35211	3523.30489	
49.30059	3523.67428	3523.59287	3523.36012	3523.30489	
49.31073	3523.68178	3523.59287	3523.36762	3523.30489	
49.32087	3523.68876	3523.59287	3523.3746	3523.30489	
49.33101	3523.6952	3523.59287	3523.38105	3523.30489	
49.34115	3523.70115	3523.59287	3523.38699	3523.30489	
49.35135	3523.70661	3523.59287	3523.39245	3523.30489	
49.36147	3523.71153	3523.59287	3523.39737	3523.30489	
49.37163	3523.71599	3523.59287	3523.40183	3523.30489	
49.38187	3523.72	3523.59287	3523.40584	3523.30489	
49.39189	3523.72347	3523.59287	3523.40931	3523.30489	
49.40202	3523.72653	3523.59287	3523.41237	3523.30489	
49.41217	3523.72917	3523.59287	3523.41501	3523.30489	
49.42234	3523.7314	3523.59287	3523.41724	3523.30489	
49.43246	3523.73323	3523.59287	3523.41908	3523.30489	
49.44258	3523.7389	3523.59287	3523.42474	3523.30489	
49.45284	3523.7389	3523.59287	3523.42474	3523.30489	
49.46298	3523.7389	3523.59287	3523.42474	3523.30489	
49.47334	3523.7389	3523.59287	3523.42474	3523.30489	
49.48322	3523.7389	3523.59287	3523.42474	3523.30489	
49.49339	3523.7389	3523.59287	3523.42474	3523.30489	
49.50354	3523.7389	3523.59287	3523.42474	3523.30489	
49.51367	3523.7389	3523.59287	3523.42474	3523.30489	
49.52385	3523.7389	3523.59287	3523.42474	3523.30489	
49.53395	3523.7389	3523.59287	3523.42474	3523.30489	
49.54415	3523.7389	3523.59287	3523.42474	3523.30489	
49.55423	3523.7389	3523.59287	3523.42474	3523.30489	
49.56435	3523.7389	3523.59287	3523.42474	3523.30489	
49.57456	3523.7389	3523.59287	3523.42474	3523.30489	
49.58465	3523.7389	3523.59287	3523.42474	3523.30489	
49.59482	3523.7389	3523.59287	3523.42474	3523.30489	
49.60498	3523.7389	3523.59287	3523.42474	3523.30489	
49.61508	3523.7389	3523.59287	3523.42474	3523.30489	
49.6252	3523.7389	3523.59287	3523.42474	3523.30489	
49.63541	3523.7389	3523.59287	3523.42474	3523.30489	
49.64557	3523.7389	3523.59287	3523.42474	3523.30489	
49.65572	3523.7389	3523.59287	3523.42474	3523.30489	
49.66584	3523.7389	3523.59287	3523.42474	3523.30489	
49.67593	3523.7389	3523.59287	3523.42474	3523.30489	
49.68611	3523.7389	3523.59287	3523.42474	3523.30489	
49.6964	3523.7389	3523.59287	3523.42474	3523.30489	
49.70635	3523.7389	3523.59287	3523.42474	3523.30489	
49.71649	3523.7389	3523.59287	3523.42474	3523.30489	
49.72663	3523.7389	3523.59287	3523.42474	3523.30489	
49.73677	3523.7389	3523.59287	3523.42474	3523.30489	
49.75475	3523.7389	3523.59287	3523.42474	3523.30489	
49.7593	3523.7389	3523.59287	3523.42474	3523.30489	
49.76944	3523.7389	3523.59287	3523.42474	3523.30489	
49.77957	3523.7389	3523.59287	3523.42474	3523.30489	
49.78973	3523.7389	3523.59287	3523.42474	3523.30489	
49.79991	3523.7389	3523.59287	3523.42474	3523.30489	
49.81004	3523.7389	3523.59287	3523.42474	3523.30489	
49.82016	3523.7389	3523.59287	3523.42474	3523.30489	
49.83035	3523.7389	3523.59287	3523.42474	3523.30489	
49.84044	3523.7389	3523.59287	3523.42474	3523.30489	
49.85059	3523.7389	3523.59287	3523.42474	3523.30489	
49.86076	3523.7389	3523.59287	3523.42474	3523.30489	
49.87086	3523.7389	3523.59287	3523.42474	3523.30489	
49.881	3523.7389	3523.59287	3523.42474	3523.30489	
49.89113	3523.7389	3523.59287	3523.42474	3523.30489	
49.90127	3523.7389	3523.59287	3523.42474	3523.30489	
49.91144	3523.7389	3523.59287	3523.42474	3523.30489	
49.92155	3523.7389	3523.59287	3523.42474	3523.30489	
49.9317	3523.7389	3523.59287	3523.42474	3523.30489	
49.94183	3523.7389	3523.59287	3523.42474	3523.30489	
49.95197	3523.7389	3523.59287	3523.42474	3523.30489	
49.96211	3523.7389	3523.59287	3523.42474	3523.30489	
49.97225	3523.7389	3523.59287	3523.42474	3523.30489	
49.98243	3523.7389	3523.59287	3523.42474	3523.30489	
49.99254	3523.7389	3523.59287	3523.42474	3523.30489	
50.00268	3523.7389	3523.59287	3523.42474	3523.30489	
50.01289	3523.7389	3523.59287	3523.42474	3523.30489	
50.02301	3523.7389	3523.59287	3523.42474	3523.30489	
50.03315	3523.7389	3523.59287	3523.42474	3523.30489	
50.04328	3523.7389	3523.59287	3523.42474	3523.30489	
50.05347	3523.7389	3523.59287	3523.42474	3523.31361	
50.06361	3523.7389	3523.59287	3523.42474	3523.31361	
50.07375	3523.7389	3523.59287	3523.42474	3523.31361	
50.08389	3523.7389	3523.60159	3523.42474	3523.31361	
50.0941	3523.7389	3523.60159	3523.42474	3523.31361	
50.10417	3523.7389	3523.61032	3523.42474	3523.31361	
50.12227	3523.7389	3523.61032	3523.42474	3523.32234	
50.12682	3523.7389	3523.61032	3523.42474	3523.32234	
50.14478	3523.7389	3523.61905	3523.42474	3523.33107	
50.14932	3523.7389	3523.62777	3523.42474	3523.33107	
50.15946	3523.7389	3523.62777	3523.42474	3523.33107	
50.16961	3523.7389	3523.6365	3523.42474	3523.33979	
50.17973	3523.7389	3523.6365	3523.42474	3523.33979	
50.18988	3523.7389	3523.64523	3523.42474	3523.33979	
50.2	3523.7389	3523.64523	3523.42474	3523.33979	
50.21015	3523.7389	3523.64523	3523.42474	3523.33979	
50.22032	3523.7389	3523.65395	3523.42474	3523.34852	
50.23048	3523.7389	3523.66268	3523.42474	3523.34852	
50.24059	3523.7389	3523.66268	3523.42474	3523.34852	
50.25072	3523.7389	3523.67141	3523.42474	3523.34852	
50.26091	3523.7389	3523.68013	3523.42474	3523.35725	
50.27101	3523.7389	3523.68013	3523.42474	3523.36597	
50.28113	3523.7389	3523.68886	3523.42474	3523.36597	
50.29129	3523.7389	3523.69759	3523.42474	3523.3747	
50.30142	3523.7389	3523.70631	3523.42474	3523.38343	
50.31156	3523.7389	3523.71504	3523.42474	3523.38343	
50.32177	3523.7389	3523.71504	3523.42474	3523.40088	
50.33185	3523.7389	3523.73249	3523.42474	3523.40961	
50.34199	3523.7389	3523.74122	3523.42474	3523.41833	
50.35219	3523.7389	3523.74995	3523.42474	3523.41833	
50.36232	3523.7389	3523.74995	3523.42474	3523.42706	
50.37247	3523.7389	3523.7674	3523.42474	3523.43579	
50.38262	3523.7389	3523.7674	3523.42474	3523.44451	
50.39273	3523.7389	3523.77613	3523.42474	3523.45324	
50.40288	3523.7389	3523.77613	3523.42474	3523.45324	
50.41304	3523.7389	3523.77613	3523.42474	3523.45324	
50.42316	3523.7389	3523.7674	3523.42474	3523.45324	
50.43331	3523.7389	3523.7674	3523.42474	3523.45324	
50.44346	3523.7389	3523.75867	3523.42474	3523.45324	
50.45361	3523.7389	3523.75867	3523.42474	3523.45324	
50.46378	3523.7389	3523.74995	3523.42474	3523.45324	
50.4739	3523.7389	3523.74995	3523.42474	3523.44451	
50.48409	3523.7389	3523.74995	3523.42474	3523.44451	
50.49422	3523.7389	3523.74995	3523.42474	3523.43579	
50.50433	3523.7389	3523.74995	3523.42474	3523.43579	
50.51448	3523.7389	3523.74122	3523.42474	3523.43579	
50.52461	3523.7389	3523.74122	3523.42474	3523.42706	
50.53491	3523.7389	3523.74122	3523.42474	3523.42706	
50.54492	3523.7389	3523.74122	3523.42474	3523.43579	
50.55505	3523.7389	3523.74995	3523.42474	3523.43579	
50.56521	3523.7389	3523.74995	3523.42474	3523.43579	
50.57533	3523.7389	3523.74995	3523.42474	3523.43579	
50.59327	3523.7389	3523.74995	3523.42474	3523.43579	
50.59783	3523.7389	3523.74995	3523.42474	3523.43579	
50.608	3523.7389	3523.74995	3523.42474	3523.43579	
50.61813	3523.7389	3523.74995	3523.42474	3523.43579	
50.62826	3523.7389	3523.74995	3523.42474	3523.43579	
50.63847	3523.7389	3523.74995	3523.42474	3523.43579	
50.64857	3523.7389	3523.74995	3523.42474	3523.43579	
50.6587	3523.7389	3523.74995	3523.42474	3523.43579	
50.66886	3523.7389	3523.74995	3523.42474	3523.43579	
50.67897	3523.7389	3523.74995	3523.42474	3523.43579	
50.68911	3523.7389	3523.74995	3523.42474	3523.43579	
50.69925	3523.7389	3523.74995	3523.42474	3523.43579	
50.70939	3523.7389	3523.74995	3523.42474	3523.43579	
50.71952	3523.7389	3523.74995	3523.42474	3523.43579	
50.72965	3523.7389	3523.74995	3523.42474	3523.43579	
50.73987	3523.7389	3523.74995	3523.42474	3523.43579	
50.74996	3523.7389	3523.74995	3523.42474	3523.43579	
50.76009	3523.7389	3523.74995	3523.42474	3523.43579	
50.77022	3523.7389	3523.74995	3523.42474	3523.43579	
50.78035	3523.7389	3523.74995	3523.42474	3523.43579	
50.79055	3523.7389	3523.74995	3523.42474	3523.43579	
50.80063	3523.7389	3523.74995	3523.42474	3523.43579	
50.81079	3523.7389	3523.74995	3523.42474	3523.43579	
50.82096	3523.7389	3523.74995	3523.42474	3523.43579	
50.83106	3523.7389	3523.74995	3523.42474	3523.43579	
50.84119	3523.7389	3523.74995	3523.42474	3523.43579	
50.85138	3523.7389	3523.74995	3523.42474	3523.43579	
50.86153	3523.7389	3523.74995	3523.42474	3523.43579	
50.87169	3523.7389	3523.74995	3523.42474	3523.43579	
50.8818	3523.7389	3523.74995	3523.42474	3523.43579	
50.89194	3523.7389	3523.74995	3523.42474	3523.43579	
50.90209	3523.7389	3523.74995	3523.42474	3523.43579	
50.91224	3523.7389	3523.74995	3523.42474	3523.43579	
50.92238	3523.7389	3523.74995	3523.42474	3523.43579	
50.93251	3523.7389	3523.74995	3523.42474	3523.43579	
50.94269	3523.7389	3523.74995	3523.42474	3523.43579	
50.95282	3523.7389	3523.74995	3523.42474	3523.43579	
50.96299	3523.7389	3523.74995	3523.42474	3523.43579	
50.97311	3523.7389	3523.74995	3523.42474	3523.43579	
50.98322	3523.7389	3523.74995	3523.42474	3523.43579	
50.99336	3523.7389	3523.74995	3523.42474	3523.43579	
51.00351	3523.7389	3523.74995	3523.42474	3523.43579	
51.01366	3523.7389	3523.74995	3523.42474	3523.43579	
51.02385	3523.7389	3523.74995	3523.42474	3523.43579	
51.03395	3523.7389	3523.74995	3523.42474	3523.43579	
51.0442	3523.7389	3523.74995	3523.42474	3523.43579	
51.05442	3523.7389	3523.74995	3523.42474	3523.43579	
51.06436	3523.7389	3523.74995	3523.42474	3523.43579	
51.07452	3523.7389	3523.74995	3523.42474	3523.43579	
51.08463	3523.7389	3523.74995	3523.42474	3523.43579	
51.0948	3523.7389	3523.74995	3523.42474	3523.43579	
51.10494	3523.7389	3523.74995	3523.42474	3523.43579	
51.11506	3523.7389	3523.74995	3523.42474	3523.43579	
51.12524	3523.7389	3523.74995	3523.42474	3523.43579	
51.13541	3523.7389	3523.74995	3523.42474	3523.43579	
51.14555	3523.7389	3523.74995	3523.42474	3523.43579	
51.15564	3523.7389	3523.74995	3523.42474	3523.43579	
51.16584	3523.7389	3523.74995	3523.42474	3523.43579	
51.17596	3523.7389	3523.74995	3523.42474	3523.43579	
51.18608	3523.7389	3523.74995	3523.42474	3523.43579	
51.19621	3523.7389	3523.74995	3523.42474	3523.43579	
51.20642	3523.7389	3523.74995	3523.42474	3523.43579	
51.2165	3523.7389	3523.74995	3523.42474	3523.43579	
51.22663	3523.7389	3523.74995	3523.42474	3523.43579	
51.23677	3523.7389	3523.74995	3523.42474	3523.43579	
51.24699	3523.7389	3523.74995	3523.42474	3523.43579	
51.2571	3523.7389	3523.74995	3523.42474	3523.43579	
51.26726	3523.7389	3523.74995	3523.42474	3523.43579	
51.27741	3523.7389	3523.74995	3523.42474	3523.43579	
51.28753	3523.7389	3523.74995	3523.42474	3523.43579	
51.29767	3523.7389	3523.74995	3523.42474	3523.43579	
51.30781	3523.7389	3523.74995	3523.42474	3523.43579	
51.31796	3523.7389	3523.74995	3523.42474	3523.43579	
51.32809	3523.7389	3523.74995	3523.42474	3523.43579	
51.33823	3523.7389	3523.74995	3523.42474	3523.43579	
51.35042	3523.7389	3523.74995	3523.42474	3523.43579	
51.35856	3523.7389	3523.74995	3523.42474	3523.43579	
51.36885	3523.7389	3523.74995	3523.42474	3523.43579	
51.37879	3523.7389	3523.74995	3523.42474	3523.43579	
51.38913	3523.7389	3523.74995	3523.42474	3523.43579	
51.39907	3523.7389	3523.74995	3523.42474	3523.43579	
51.40922	3523.7389	3523.74995	3523.42474	3523.43579	
51.41934	3523.7389	3523.74995	3523.42474	3523.43579	
51.42949	3523.7389	3523.74995	3523.42474	3523.43579	
51.43962	3523.7389	3523.74995	3523.42474	3523.43579	
51.44975	3523.7389	3523.74995	3523.42474	3523.43579	
51.45993	3523.7389	3523.74995	3523.42474	3523.43579	
51.47006	3523.7389	3523.74995	3523.42474	3523.43579	
51.4802	3523.7389	3523.74995	3523.42474	3523.43579	
51.49031	3523.7389	3523.74995	3523.42474	3523.43579	
51.50047	3523.7389	3523.74995	3523.42474	3523.43579	
51.51064	3523.7389	3523.74995	3523.42474	3523.43579	
51.52074	3523.7389	3523.74995	3523.42474	3523.43579	
51.53088	3523.7389	3523.74995	3523.42474	3523.43579	
51.54106	3523.7389	3523.74995	3523.42474	3523.43579	
51.55115	3523.7389	3523.74995	3523.42474	3523.43579	
51.56129	3523.7389	3523.74995	3523.42474	3523.43579	
51.57144	3523.7389	3523.74995	3523.42474	3523.43579	
51.58164	3523.7389	3523.74995	3523.42474	3523.43579	
51.59181	3523.7389	3523.74995	3523.42474	3523.43579	
51.60206	3523.7389	3523.74995	3523.42474	3523.43579	
51.61205	3523.7389	3523.74995	3523.42474	3523.43579	
51.6228	3523.7389	3523.74995	3523.42474	3523.43579	
51.63258	3523.7389	3523.74995	3523.42474	3523.43579	
51.64278	3523.7389	3523.74995	3523.42474	3523.43579	
51.65299	3523.7389	3523.74995	3523.42474	3523.43579	
51.66307	3523.7389	3523.74995	3523.42474	3523.43579	
51.67321	3523.7389	3523.74995	3523.42474	3523.43579	
51.68336	3523.7389	3523.74995	3523.42474	3523.43579	
51.69352	3523.7389	3523.74995	3523.42474	3523.43579	
51.70365	3523.7389	3523.74995	3523.42474	3523.43579	
51.71378	3523.7389	3523.74995	3523.42474	3523.43579	
51.72396	3523.7389	3523.74995	3523.42474	3523.43579	
51.73414	3523.7389	3523.74995	3523.42474	3523.43579	
51.74424	3523.7389	3523.74995	3523.42474	3523.43579	
51.75438	3523.7389	3523.74995	3523.42474	3523.43579	
51.7646	3523.7389	3523.74995	3523.42474	3523.43579	
51.77468	3523.7389	3523.74995	3523.42474	3523.43579	
51.78482	3523.7389	3523.74995	3523.42474	3523.43579	
51.79495	3523.7389	3523.74995	3523.42474	3523.43579	
51.80511	3523.7389	3523.74995	3523.42474	3523.43579	
51.81524	3523.7389	3523.74995	3523.42474	3523.43579	
51.82576	3523.7389	3523.74995	3523.42474	3523.43579	
51.83557	3523.7389	3523.74995	3523.42474	3523.43579	
51.84566	3523.7389	3523.74995	3523.42474	3523.43579	
51.85585	3523.7389	3523.74995	3523.42474	3523.43579	
51.86594	3523.7389	3523.74995	3523.42474	3523.43579	
51.8763	3523.7389	3523.74995	3523.42474	3523.43579	
51.88626	3523.7389	3523.74995	3523.42474	3523.43579	
51.8964	3523.7389	3523.74995	3523.42474	3523.43579	
51.90653	3523.7389	3523.74995	3523.42474	3523.43579	
51.91666	3523.7389	3523.74995	3523.42474	3523.43579	
51.92682	3523.7389	3523.74995	3523.42474	3523.43579	
51.937	3523.7389	3523.74995	3523.42474	3523.43579	
51.94712	3523.7389	3523.74995	3523.42474	3523.43579	
51.9573	3523.7389	3523.74995	3523.42474	3523.43579	
51.9674	3523.7389	3523.74995	3523.42474	3523.43579	
51.97753	3523.7389	3523.74995	3523.42474	3523.43579	
51.98766	3523.7389	3523.74995	3523.42474	3523.43579	
51.99784	3523.7389	3523.74995	3523.42474	3523.43579	
52.00802	3523.7389	3523.74995	3523.42474	3523.43579	
52.01813	3523.7389	3523.74995	3523.42474	3523.43579	
52.02829	3523.7389	3523.74995	3523.42474	3523.43579	
52.03849	3523.7389	3523.74995	3523.42474	3523.43579	
52.04855	3523.7389	3523.74995	3523.42474	3523.43579	
52.05868	3523.7389	3523.74995	3523.42474	3523.43579	
52.06884	3523.7389	3523.74995	3523.42474	3523.43579	
52.07897	3523.7389	3523.74995	3523.42474	3523.43579	
52.08911	3523.7389	3523.74995	3523.42474	3523.43579	
52.09928	3523.7389	3523.74995	3523.42474	3523.43579	
52.1094	3523.7389	3523.74995	3523.42474	3523.43579	
52.11953	3523.7389	3523.74995	3523.42474	3523.43579	
52.12966	3523.7389	3523.74995	3523.42474	3523.43579	
52.1398	3523.7389	3523.74995	3523.42474	3523.43579	
52.14993	3523.7389	3523.74995	3523.42474	3523.43579	
52.16011	3523.7389	3523.74995	3523.42474	3523.43579	
52.17025	3523.7389	3523.74995	3523.42474	3523.43579	
52.18039	3523.7389	3523.74995	3523.42474	3523.43579	
52.19057	3523.7389	3523.74995	3523.42474	3523.43579	
52.20069	3523.7389	3523.74995	3523.42474	3523.43579	
52.21082	3523.7389	3523.74995	3523.42474	3523.43579	
52.22098	3523.7389	3523.74995	3523.42474	3523.43579	
52.23109	3523.7389	3523.74995	3523.42474	3523.43579	
52.24123	3523.7389	3523.74995	3523.42474	3523.43579	
52.25137	3523.7389	3523.74995	3523.42474	3523.43579	
52.26151	3523.7389	3523.74995	3523.42474	3523.43579	
52.27164	3523.7389	3523.74995	3523.42474	3523.43579	
52.28177	3523.7389	3523.74995	3523.42474	3523.43579	
52.29192	3523.7389	3523.74995	3523.42474	3523.43579	
52.30206	3523.7389	3523.74995	3523.42474	3523.43579	
52.31221	3523.7389	3523.74995	3523.42474	3523.43579	
52.32235	3523.7389	3523.74995	3523.42474	3523.43579	
52.33249	3523.7389	3523.74995	3523.42474	3523.43579	
52.34267	3523.7389	3523.74995	3523.42474	3523.43579	
52.35459	3523.7389	3523.74995	3523.42474	3523.43579	
52.36302	3523.7389	3523.74995	3523.42474	3523.43579	
52.37309	3523.7389	3523.74995	3523.42474	3523.43579	
52.3832	3523.7389	3523.74995	3523.42474	3523.43579	
52.39332	3523.7389	3523.74995	3523.42474	3523.43579	
52.40348	3523.7389	3523.74995	3523.42474	3523.43579	
52.41365	3523.7389	3523.74995	3523.42474	3523.43579	
52.42379	3523.7389	3523.74995	3523.42474	3523.43579	
52.43392	3523.7389	3523.74995	3523.42474	3523.43579	
52.44412	3523.7389	3523.74995	3523.42474	3523.43579	
52.45422	3523.7389	3523.74995	3523.42474	3523.43579	
52.46434	3523.7389	3523.74995	3523.42474	3523.43579	
52.47451	3523.7389	3523.74995	3523.42474	3523.43579	
52.48462	3523.7389	3523.74995	3523.42474	3523.43579	
52.49481	3523.7389	3523.74995	3523.42474	3523.43579	
52.50492	3523.7389	3523.74995	3523.42474	3523.43579	
52.51511	3523.7389	3523.74995	3523.42474	3523.43579	
52.52525	3523.7389	3523.74995	3523.42474	3523.43579	
52.53551	3523.7389	3523.74995	3523.42474	3523.43579	
52.54554	3523.7389	3523.74995	3523.42474	3523.43579	
52.55563	3523.7389	3523.74995	3523.42474	3523.43579	
52.56582	3523.7389	3523.74995	3523.42474	3523.43579	
52.57596	3523.7389	3523.74995	3523.42474	3523.43579	
52.5863	3523.7389	3523.74995	3523.42474	3523.43579	
52.59623	3523.7389	3523.74995	3523.42474	3523.43579	
52.60638	3523.7389	3523.74995	3523.42474	3523.43579	
52.61647	3523.7389	3523.74995	3523.42474	3523.43579	
52.62663	3523.7389	3523.74995	3523.42474	3523.43579	
52.63677	3523.7389	3523.74995	3523.42474	3523.43579	
52.64697	3523.7389	3523.74995	3523.42474	3523.43579	
52.65709	3523.7389	3523.74995	3523.42474	3523.43579	
52.66725	3523.7389	3523.74995	3523.42474	3523.43579	
52.67738	3523.7389	3523.74995	3523.42474	3523.43579	
52.68751	3523.7389	3523.74995	3523.42474	3523.43579	
52.69765	3523.7389	3523.74995	3523.42474	3523.43579	
52.70778	3523.7389	3523.74995	3523.42474	3523.43579	
52.71794	3523.7389	3523.74995	3523.42474	3523.43579	
52.72811	3523.7389	3523.74995	3523.42474	3523.43579	
52.73822	3523.7389	3523.74995	3523.42474	3523.43579	
52.74835	3523.7389	3523.74995	3523.42474	3523.43579	
52.75856	3523.7389	3523.74995	3523.42474	3523.43579	
52.76863	3523.7389	3523.74995	3523.42474	3523.43579	
52.77876	3523.7389	3523.74995	3523.42474	3523.43579	
52.7889	3523.7389	3523.74995	3523.42474	3523.43579	
52.79904	3523.7389	3523.74995	3523.42474	3523.43579	
52.80933	3523.7389	3523.74995	3523.42474	3523.43579	
52.81946	3523.7389	3523.74995	3523.42474	3523.43579	
52.82979	3523.7389	3523.74995	3523.42474	3523.43579	
52.83976	3523.7389	3523.74995	3523.42474	3523.43579	
52.84989	3523.7389	3523.74995	3523.42474	3523.43579	
52.86006	3523.7389	3523.74995	3523.42474	3523.43579	
52.87017	3523.7389	3523.74995	3523.42474	3523.43579	
52.8803	3523.7389	3523.74995	3523.42474	3523.43579	
52.89045	3523.7389	3523.74995	3523.42474	3523.43579	
52.9006	3523.7389	3523.74995	3523.42474	3523.43579	
52.91078	3523.7389	3523.74995	3523.42474	3523.43579	
52.92089	3523.7389	3523.74995	3523.42474	3523.43579	
52.93101	3523.7389	3523.74995	3523.42474	3523.43579	
52.94138	3523.7389	3523.74995	3523.42474	3523.43579	
52.95147	3523.7389	3523.74995	3523.42474	3523.43579	
52.9616	3523.7389	3523.74995	3523.42474	3523.43579	
52.97175	3523.7389	3523.74995	3523.42474	3523.43579	
52.98189	3523.7389	3523.74995	3523.42474	3523.43579	
52.9922	3523.7389	3523.74995	3523.42474	3523.43579	
53.00218	3523.7389	3523.74995	3523.42474	3523.43579	
53.01232	3523.7389	3523.74995	3523.42474	3523.43579	
53.02254	3523.7389	3523.74995	3523.42474	3523.43579	
53.03259	3523.7389	3523.74995	3523.42474	3523.43579	
53.04305	3523.7389	3523.74995	3523.42474	3523.43579	
53.0531	3523.7389	3523.74995	3523.42474	3523.43579	
53.06321	3523.7389	3523.74995	3523.42474	3523.43579	
53.07335	3523.7389	3523.74995	3523.42474	3523.43579	
53.08349	3523.7389	3523.74995	3523.42474	3523.43579	
53.09364	3523.7389	3523.74995	3523.42474	3523.43579	
53.10377	3523.7389	3523.74995	3523.42474	3523.43579	
53.11392	3523.7389	3523.74995	3523.42474	3523.43579	
53.12409	3523.7389	3523.74995	3523.42474	3523.43579	
53.13421	3523.7389	3523.74995	3523.42474	3523.43579	
53.14452	3523.7389	3523.74995	3523.42474	3523.43579	
53.15449	3523.7389	3523.74995	3523.42474	3523.43579	
53.16462	3523.7389	3523.74995	3523.42474	3523.43579	
53.17479	3523.7389	3523.74995	3523.42474	3523.43579	
53.18493	3523.7389	3523.74995	3523.42474	3523.43579	
53.19506	3523.7389	3523.74995	3523.42474	3523.43579	
53.20521	3523.7389	3523.74995	3523.42474	3523.43579	
53.21532	3523.7389	3523.74995	3523.42474	3523.43579	
53.22553	3523.7389	3523.74995	3523.42474	3523.43579	
53.23564	3523.7389	3523.74995	3523.42474	3523.43579	
53.24603	3523.7389	3523.74995	3523.42474	3523.43579	
53.26389	3523.7389	3523.74995	3523.42474	3523.43579	
53.26843	3523.7389	3523.74995	3523.42474	3523.43579	
53.27864	3523.7389	3523.74995	3523.42474	3523.43579	
53.28872	3523.7389	3523.74995	3523.42474	3523.43579	
53.29886	3523.7389	3523.74995	3523.42474	3523.43579	
53.30899	3523.7389	3523.74995	3523.42474	3523.43579	
53.31912	3523.7389	3523.74995	3523.42474	3523.43579	
53.32927	3523.7389	3523.74995	3523.42474	3523.43579	
53.33941	3523.7389	3523.74995	3523.42474	3523.43579	
53.34959	3523.7389	3523.74995	3523.42474	3523.43579	
53.35977	3523.7389	3523.74995	3523.42474	3523.43579	
53.3699	3523.7389	3523.74995	3523.42474	3523.43579	
53.38003	3523.7389	3523.74995	3523.42474	3523.43579	
53.39018	3523.7389	3523.74995	3523.42474	3523.43579	
53.4003	3523.7389	3523.74995	3523.42474	3523.43579	
53.41044	3523.7389	3523.74995	3523.42474	3523.43579	
53.42058	3523.7389	3523.74995	3523.42474	3523.43579	
53.43077	3523.7389	3523.74995	3523.42474	3523.43579	
53.44087	3523.7389	3523.74995	3523.42474	3523.43579	
53.45101	3523.7389	3523.74995	3523.42474	3523.43579	
53.46121	3523.7389	3523.74995	3523.42474	3523.43579	
53.47132	3523.7389	3523.74995	3523.42474	3523.43579	
53.48145	3523.7389	3523.74995	3523.42474	3523.43579	
53.49159	3523.7389	3523.74995	3523.42474	3523.43579	
53.50177	3523.7389	3523.74995	3523.42474	3523.43579	
53.51191	3523.7389	3523.74995	3523.42474	3523.43579	
53.52204	3523.7389	3523.74995	3523.42474	3523.43579	
53.53217	3523.7389	3523.74995	3523.42474	3523.43579	
53.54232	3523.7389	3523.74995	3523.42474	3523.43579	
53.55245	3523.7389	3523.74995	3523.42474	3523.43579	
53.56262	3523.7389	3523.74995	3523.42474	3523.43579	
53.57274	3523.7389	3523.74995	3523.42474	3523.43579	
53.58314	3523.7389	3523.74995	3523.42474	3523.43579	
53.59305	3523.7389	3523.74995	3523.42474	3523.43579	
53.60317	3523.7389	3523.74995	3523.42474	3523.43579	
53.61334	3523.7389	3523.74995	3523.42474	3523.43579	
53.62346	3523.7389	3523.74995	3523.42474	3523.43579	
53.63361	3523.7389	3523.74995	3523.42474	3523.43579	
53.64373	3523.7389	3523.74995	3523.42474	3523.43579	
53.65389	3523.7389	3523.74995	3523.42474	3523.43579	
53.66423	3523.7389	3523.74995	3523.42474	3523.43579	
53.67417	3523.7389	3523.74995	3523.42474	3523.43579	
53.68434	3523.7389	3523.74995	3523.42474	3523.43579	
53.6945	3523.7389	3523.74995	3523.42474	3523.43579	
53.70478	3523.7389	3523.74995	3523.42474	3523.43579	
53.71473	3523.7389	3523.74995	3523.42474	3523.43579	
53.72487	3523.7389	3523.74995	3523.42474	3523.43579	
53.73503	3523.7389	3523.74995	3523.42474	3523.43579	
53.74515	3523.7389	3523.74995	3523.42474	3523.43579	
53.75532	3523.7389	3523.74995	3523.42474	3523.43579	
53.7655	3523.7389	3523.74995	3523.42474	3523.43579	
53.77565	3523.7389	3523.74995	3523.42474	3523.43579	
53.78579	3523.7389	3523.74995	3523.42474	3523.43579	
53.79588	3523.7389	3523.74995	3523.42474	3523.43579	
53.80602	3523.7389	3523.74995	3523.42474	3523.43579	
53.81667	3523.7389	3523.74995	3523.42474	3523.43579	
53.82631	3523.7389	3523.74995	3523.42474	3523.43579	
53.83644	3523.7389	3523.74995	3523.42474	3523.43579	
53.84666	3523.7389	3523.74995	3523.42474	3523.43579	
53.85673	3523.7389	3523.74995	3523.42474	3523.43579	
53.86688	3523.7389	3523.74995	3523.42474	3523.43579	
53.87712	3523.7389	3523.74995	3523.42474	3523.43579	
53.88716	3523.7389	3523.74995	3523.42474	3523.43579	
53.8973	3523.7389	3523.74995	3523.42474	3523.43579	
53.90743	3523.7389	3523.74995	3523.42474	3523.43579	
53.91758	3523.7389	3523.74995	3523.42474	3523.43579	
53.92772	3523.7389	3523.74995	3523.42474	3523.43579	
53.93786	3523.7389	3523.74995	3523.42474	3523.43579	
53.94803	3523.7389	3523.74995	3523.42474	3523.43579	
53.95814	3523.7389	3523.74995	3523.42474	3523.43579	
53.96828	3523.7389	3523.74995	3523.42474	3523.43579	
53.97844	3523.7389	3523.74995	3523.42474	3523.43579	
53.98856	3523.7389	3523.74995	3523.42474	3523.43579	
53.99873	3523.7389	3523.74995	3523.42474	3523.43579	
54.00883	3523.7389	3523.74995	3523.42474	3523.43579	
54.01898	3523.7389	3523.74995	3523.42474	3523.43579	
54.02915	3523.7389	3523.74995	3523.42474	3523.43579	
54.03927	3523.7389	3523.74995	3523.42474	3523.43579	
54.0494	3523.7389	3523.74995	3523.42474	3523.43579	
54.05954	3523.7389	3523.74995	3523.42474	3523.43579	
54.06969	3523.7389	3523.74995	3523.42474	3523.43579	
54.07983	3523.7389	3523.74995	3523.42474	3523.43579	
54.08998	3523.7389	3523.74995	3523.42474	3523.43579	
54.10014	3523.7389	3523.74995	3523.42474	3523.43579	
54.11026	3523.7389	3523.74995	3523.42474	3523.43579	
54.12038	3523.7389	3523.74995	3523.42474	3523.43579	
54.13053	3523.7389	3523.74995	3523.42474	3523.43579	
54.14067	3523.7389	3523.74995	3523.42474	3523.43579	
54.15085	3523.7389	3523.74995	3523.42474	3523.43579	
54.16094	3523.7389	3523.74995	3523.42474	3523.43579	
54.17109	3523.7389	3523.74995	3523.42474	3523.43579	
54.18126	3523.7389	3523.74995	3523.42474	3523.43579	
