70.57725	3553.7428	3553.74343	3553.42864	3553.41182	
70.59527	3553.74797	3553.74343	3553.43381	3553.41182	
70.59987	3553.74923	3553.74343	3553.43507	3553.41182	
70.60998	3553.75279	3553.74343	3553.43863	3553.41182	
70.62013	3553.75698	3553.74343	3553.44282	3553.41182	
70.63026	3553.76177	3553.74343	3553.44761	3553.41182	
70.64043	3553.7672	3553.75216	3553.45304	3553.41182	
70.6508	3553.7734	3553.75216	3553.45924	3553.41182	
70.66068	3553.77987	3553.75216	3553.46571	3553.42054	
70.67082	3553.78714	3553.76088	3553.47298	3553.42054	
70.68095	3553.79501	3553.76088	3553.48085	3553.42054	
70.69111	3553.80354	3553.76961	3553.48938	3553.42927	
70.70122	3553.81262	3553.76961	3553.49846	3553.438	
70.71136	3553.82236	3553.77834	3553.5082	3553.438	
70.72158	3553.83279	3553.78706	3553.51863	3553.45545	
70.73164	3553.84367	3553.80452	3553.52951	3553.46418	
70.74179	3553.85526	3553.80452	3553.5411	3553.4729	
70.752	3553.86756	3553.82197	3553.5534	3553.49036	
70.76206	3553.88028	3553.8307	3553.56612	3553.50781	
70.77219	3553.89369	3553.83942	3553.57953	3553.51654	
70.78234	3553.90777	3553.83942	3553.59361	3553.53399	
70.7925	3553.92248	3553.85688	3553.60832	3553.54272	
70.80263	3553.93773	3553.8656	3553.62357	3553.56017	
70.81277	3553.95365	3553.87433	3553.63949	3553.5689	
70.82298	3553.97029	3553.89178	3553.65613	3553.57762	
70.83308	3553.98734	3553.90051	3553.67319	3553.59508	
70.8432	3554.00508	3553.90924	3553.69092	3553.6038	
70.85334	3554.02344	3553.92669	3553.70928	3553.61253	
70.86349	3554.04246	3553.94414	3553.7283	3553.63871	
70.87365	3554.06212	3553.97032	3553.74796	3553.64744	
70.88376	3554.08226	3553.98778	3553.7681	3553.67362	
70.8939	3554.10312	3554.01396	3553.78896	3553.69107	
70.90564	3554.12876	3554.03141	3553.8146	3553.71725	
70.92562	3554.17354	3554.05759	3553.85938	3553.74343	
70.93016	3554.18379	3554.10122	3553.86963	3553.77834	
70.94031	3554.20748	3554.11868	3553.89332	3553.80452	
70.95047	3554.2318	3554.15358	3553.91764	3553.8307	
70.9606	3554.25668	3554.18849	3553.94252	3553.85688	
70.97072	3554.28213	3554.21467	3553.96797	3553.89178	
70.98086	3554.30827	3554.24085	3553.99411	3553.92669	
70.99102	3554.33506	3554.27576	3554.0209	3553.9616	
71.00134	3554.36296	3554.31066	3554.0488	3553.9965	
71.01129	3554.39041	3554.33684	3554.07625	3554.03141	
71.02142	3554.41905	3554.37175	3554.1049	3554.06632	
71.03157	3554.44821	3554.40665	3554.13405	3554.10122	
71.04174	3554.47811	3554.44156	3554.16396	3554.13613	
71.05191	3554.50866	3554.47647	3554.1945	3554.17104	
71.06214	3554.54004	3554.50265	3554.22588	3554.21467	
71.0722	3554.57146	3554.53755	3554.2573	3554.24958	
71.08229	3554.60359	3554.57246	3554.28943	3554.28448	
71.09243	3554.6365	3554.60737	3554.32234	3554.31939	
71.1026	3554.67013	3554.64227	3554.35597	3554.3543	
71.11282	3554.70458	3554.67718	3554.39042	3554.3892	
71.12299	3554.73946	3554.71209	3554.4253	3554.42411	
71.13308	3554.77468	3554.74699	3554.46052	3554.45901	
71.14322	3554.81069	3554.7819	3554.49653	3554.49392	
71.15343	3554.84761	3554.81681	3554.53345	3554.52883	
71.16353	3554.88467	3554.86044	3554.57051	3554.56373	
71.17364	3554.92242	3554.89535	3554.60826	3554.59864	
71.18378	3554.96087	3554.93025	3554.64671	3554.63355	
71.19392	3555	3554.96516	3554.68584	3554.65973	
71.20456	3555.04172	3555.00007	3554.72756	3554.69463	
71.21434	3555.0806	3555.0437	3554.76644	3554.73827	
71.22449	3555.12159	3555.07861	3554.80743	3554.77317	
71.23462	3555.16311	3555.11351	3554.84895	3554.80808	
71.24476	3555.20528	3555.15715	3554.89112	3554.85171	
71.25489	3555.24805	3555.20078	3554.93389	3554.88662	
71.26502	3555.29143	3555.23569	3554.97727	3554.93025	
71.27517	3555.33553	3555.27059	3555.02137	3554.97389	
71.2853	3555.38011	3555.31423	3555.06595	3555.00879	
71.29554	3555.42586	3555.35786	3555.1117	3555.05243	
71.30584	3555.47247	3555.40149	3555.15831	3555.09606	
71.31603	3555.51925	3555.44513	3555.2051	3555.13969	
71.32591	3555.56514	3555.48876	3555.25098	3555.18333	
71.33614	3555.61328	3555.53239	3555.29912	3555.23569	
71.3462	3555.66128	3555.58475	3555.34712	3555.27932	
71.35633	3555.71021	3555.63711	3555.39605	3555.32295	
71.36649	3555.75992	3555.68947	3555.44576	3555.38404	
71.37661	3555.81001	3555.74183	3555.49585	3555.42767	
71.38675	3555.86081	3555.79419	3555.54665	3555.48003	
71.40587	3555.95942	3555.89018	3555.64527	3555.58475	
71.41045	3555.98287	3555.91636	3555.66871	3555.60221	
71.42064	3556.03609	3555.96872	3555.72193	3555.66329	
71.43079	3556.0896	3556.02108	3555.77545	3555.71565	
71.44087	3556.14343	3556.07344	3555.82927	3555.77674	
71.45101	3556.19813	3556.13453	3555.88397	3555.8291	
71.46128	3556.25419	3556.18689	3555.94003	3555.89018	
71.47132	3556.30966	3556.24798	3555.9955	3555.95127	
71.48146	3556.3662	3556.30906	3556.05204	3556.00363	
71.49175	3556.42426	3556.36142	3556.1101	3556.06472	
71.50171	3556.48107	3556.42251	3556.16691	3556.1258	
71.51201	3556.54042	3556.49232	3556.22626	3556.18689	
71.52212	3556.5993	3556.55341	3556.28514	3556.23925	
71.53214	3556.65828	3556.6145	3556.34412	3556.30034	
71.54229	3556.71861	3556.67558	3556.40445	3556.36142	
71.55257	3556.78044	3556.73667	3556.46628	3556.42251	
71.56262	3556.84138	3556.80648	3556.52722	3556.4836	
71.57276	3556.90352	3556.86757	3556.58936	3556.54468	
71.58291	3556.96665	3556.93738	3556.65249	3556.60577	
71.59305	3557.02969	3556.99847	3556.71553	3556.66686	
71.60318	3557.09365	3557.06828	3556.77949	3556.72794	
71.61332	3557.15821	3557.12937	3556.84406	3556.78903	
71.62345	3557.22344	3557.19046	3556.90928	3556.85884	
71.6337	3557.28995	3557.26027	3556.97579	3556.92866	
71.64377	3557.35598	3557.33008	3557.04182	3556.98974	
71.65392	3557.42312	3557.39117	3557.10896	3557.05083	
71.66417	3557.49155	3557.45225	3557.1774	3557.12064	
71.67434	3557.56015	3557.51334	3557.24599	3557.18173	
71.68435	3557.62818	3557.57443	3557.31402	3557.24281	
71.69451	3557.69782	3557.64424	3557.38366	3557.31263	
71.70463	3557.7679	3557.71405	3557.45374	3557.38244	
71.71477	3557.8386	3557.78387	3557.52444	3557.45225	
71.7249	3557.90996	3557.85368	3557.5958	3557.52207	
71.73525	3557.98353	3557.91477	3557.66937	3557.59188	
71.74519	3558.05465	3557.98458	3557.74049	3557.66169	
71.75532	3558.12785	3558.05439	3557.81369	3557.74023	
71.76555	3558.20238	3558.13293	3557.88822	3557.81877	
71.77568	3558.27681	3558.20275	3557.96265	3557.88859	
71.78584	3558.35206	3558.27256	3558.0379	3557.96713	
71.79598	3558.42774	3558.3511	3558.11358	3558.04567	
71.80609	3558.50389	3558.42964	3558.18973	3558.11548	
71.81628	3558.58118	3558.50818	3558.26702	3558.20275	
71.82637	3558.65841	3558.58672	3558.34425	3558.28129	
71.83652	3558.73662	3558.67398	3558.42246	3558.35983	
71.84671	3558.81587	3558.75252	3558.50171	3558.42964	
71.8568	3558.8949	3558.83106	3558.58074	3558.51691	
71.86701	3558.97546	3558.91833	3558.6613	3558.59545	
71.87712	3559.05589	3559.0056	3558.74174	3558.67398	
71.88754	3559.1395	3559.08414	3558.82534	3558.76125	
71.8977	3559.22155	3559.1714	3558.9074	3558.84852	
71.90783	3559.30398	3559.24994	3558.98982	3558.92706	
71.91812	3559.3884	3559.33721	3559.07424	3559.01432	
71.92817	3559.47141	3559.42448	3559.15725	3559.09286	
71.93827	3559.5554	3559.51174	3559.24124	3559.18886	
71.94839	3559.6402	3559.59901	3559.32604	3559.2674	
71.95853	3559.72588	3559.67755	3559.41172	3559.36339	
71.96867	3559.81209	3559.76482	3559.49793	3559.45066	
71.9788	3559.89886	3559.84336	3559.5847	3559.54665	
71.98894	3559.98633	3559.93935	3559.67217	3559.62519	
71.99909	3560.07445	3560.01789	3559.76029	3559.72118	
72.00923	3560.16312	3560.10515	3559.84897	3559.80845	
72.01935	3560.25227	3560.19242	3559.93811	3559.89572	
72.02951	3560.34269	3560.28841	3560.02853	3559.98298	
72.03965	3560.43292	3560.37568	3560.11876	3560.07025	
72.05	3560.52604	3560.47167	3560.21188	3560.16624	
72.06026	3560.61893	3560.55894	3560.30477	3560.25351	
72.07024	3560.70992	3560.64621	3560.39576	3560.3495	
72.08042	3560.80324	3560.7422	3560.48908	3560.43677	
72.09052	3560.89651	3560.82947	3560.58235	3560.52403	
72.10068	3560.99098	3560.92546	3560.67682	3560.62875	
72.11093	3561.0869	3561.02145	3560.77274	3560.71602	
72.12109	3561.18262	3561.11745	3560.86846	3560.81201	
72.13106	3561.27702	3561.20471	3560.96286	3560.90801	
72.1412	3561.3738	3561.30943	3561.05964	3561.01273	
72.15158	3561.47349	3561.40543	3561.15933	3561.10872	
72.16152	3561.56954	3561.50142	3561.25538	3561.20471	
72.17181	3561.66956	3561.59741	3561.3554	3561.30071	
72.18177	3561.76701	3561.6934	3561.45286	3561.3967	
72.19191	3561.86678	3561.79812	3561.55262	3561.50142	
72.20205	3561.96717	3561.90284	3561.65301	3561.60614	
72.21232	3562.06952	3561.99884	3561.75537	3561.70213	
72.22235	3562.17007	3562.09483	3561.85591	3561.79812	
72.23251	3562.27258	3562.19955	3561.95842	3561.90284	
72.24267	3562.37575	3562.29554	3562.06159	3561.99884	
72.25298	3562.48099	3562.40026	3562.16684	3562.10356	
72.26316	3562.58557	3562.50498	3562.27141	3562.20828	
72.27313	3562.68855	3562.60098	3562.37439	3562.313	
72.28326	3562.79378	3562.71442	3562.47962	3562.41772	
72.29341	3562.89987	3562.81914	3562.58571	3562.52244	
72.30354	3563.00638	3562.93259	3562.69222	3562.62716	
72.31386	3563.11554	3563.03731	3562.80138	3562.7406	
72.32384	3563.22163	3563.15948	3562.90747	3562.85405	
72.33398	3563.33016	3563.2642	3563.016	3562.95877	
72.34421	3563.4401	3563.37765	3563.12594	3563.07221	
72.35433	3563.5496	3563.49109	3563.23544	3563.17693	
72.36472	3563.66272	3563.60454	3563.34856	3563.29038	
72.37458	3563.77056	3563.71799	3563.4564	3563.40383	
72.3847	3563.88189	3563.82271	3563.56773	3563.50855	
72.39531	3564.00126	3563.93615	3563.6871	3563.62199	
72.40504	3564.10744	3564.0496	3563.79328	3563.73544	
72.41516	3564.22064	3564.16305	3563.90648	3563.84016	
72.42531	3564.33473	3564.27649	3564.02057	3563.94488	
72.44369	3564.54399	3564.38121	3564.22983	3564.05833	
72.44832	3564.59652	3564.52956	3564.28236	3564.20668	
72.45852	3564.71321	3564.64301	3564.39905	3564.32013	
72.46857	3564.82891	3564.76518	3564.51475	3564.4423	
72.47884	3564.94766	3564.87863	3564.6335	3564.56447	
72.48885	3565.06397	3565.0008	3564.74981	3564.67792	
72.49913	3565.18408	3565.11425	3564.86992	3564.80009	
72.50927	3565.30325	3565.24515	3564.98909	3564.92226	
72.51926	3565.42117	3565.3586	3565.10701	3565.04444	
72.52949	3565.54261	3565.48077	3565.22845	3565.15788	
72.53968	3565.6642	3565.60294	3565.35004	3565.28006	
72.54992	3565.78708	3565.72512	3565.47292	3565.40223	
72.5598	3565.90553	3565.84729	3565.59137	3565.5244	
72.56996	3566.02751	3565.96946	3565.71335	3565.64658	
72.58007	3566.14881	3566.09163	3565.83465	3565.76875	
72.59021	3566.27047	3566.21381	3565.95632	3565.89965	
72.60038	3566.39247	3566.33598	3566.07831	3566.02182	
72.61049	3566.51386	3566.45815	3566.1997	3566.14399	
72.62075	3566.63688	3566.58033	3566.32272	3566.27489	
72.63097	3566.75958	3566.7025	3566.44542	3566.39707	
72.64091	3566.87891	3566.82467	3566.56475	3566.52797	
72.65104	3567.00046	3566.94685	3566.6863	3566.65014	
72.66119	3567.12227	3567.06902	3566.80811	3566.77231	
72.67133	3567.24389	3567.19119	3566.92973	3566.90321	
72.68161	3567.36729	3567.31336	3567.05313	3567.02539	
72.69173	3567.48873	3567.44426	3567.17457	3567.15629	
72.70187	3567.61033	3567.55771	3567.29618	3567.27846	
72.71192	3567.73092	3567.68861	3567.41676	3567.40063	
72.72203	3567.85225	3567.81078	3567.5381	3567.5228	
72.73234	3567.97603	3567.93296	3567.66188	3567.64498	
72.74243	3568.09716	3568.05513	3567.783	3567.76715	
72.75248	3568.21765	3568.18603	3567.9035	3567.88932	
72.76257	3568.33882	3568.3082	3568.02466	3568.0115	
72.77272	3568.46057	3568.43038	3568.14641	3568.13367	
72.7831	3568.58514	3568.55255	3568.27098	3568.25584	
72.79302	3568.70418	3568.67472	3568.39002	3568.37802	
72.80329	3568.82742	3568.79689	3568.51326	3568.49146	
72.81365	3568.9518	3568.91907	3568.63764	3568.61364	
72.82351	3569.07001	3569.03251	3568.75586	3568.72708	
72.83363	3569.19145	3569.16341	3568.8773	3568.84925	
72.84374	3569.31277	3569.27686	3568.99862	3568.97143	
72.85389	3569.43459	3569.40776	3569.12043	3569.08487	
72.86422	3569.55858	3569.52121	3569.24442	3569.20705	
72.87433	3569.67994	3569.65211	3569.36578	3569.32049	
72.8845	3569.80194	3569.76555	3569.48778	3569.44267	
72.89446	3569.92145	3569.89645	3569.60729	3569.56484	
72.90611	3570.06636	3570.0099	3569.7522	3569.68701	
72.91474	3570.16485	3570.13207	3569.85069	3569.80919	
72.925	3570.28795	3570.25424	3569.9738	3569.92263	
72.93515	3570.40979	3570.37642	3570.09563	3570.04481	
72.94517	3570.52998	3570.48986	3570.21582	3570.15825	
72.95529	3570.65143	3570.61204	3570.33728	3570.28042	
72.97326	3570.86703	3570.73421	3570.55287	3570.4026	
72.97788	3570.9225	3570.87384	3570.60834	3570.55095	
72.99611	3571.14133	3570.99601	3570.82718	3570.67312	
73.00068	3571.19605	3571.15309	3570.8819	3570.82148	
73.01082	3571.31781	3571.27526	3571.00365	3570.95238	
73.02096	3571.43949	3571.39744	3571.12533	3571.07455	
73.03112	3571.56136	3571.51961	3571.2472	3571.20545	
73.04123	3571.68271	3571.64178	3571.36856	3571.32762	
73.05149	3571.80487	3571.77268	3571.49071	3571.4498	
73.06166	3571.92535	3571.89485	3571.61119	3571.58069	
73.07178	3572.04459	3572.02575	3571.73043	3571.70287	
73.08183	3572.16251	3572.14793	3571.84835	3571.82504	
73.09208	3572.28209	3572.2701	3571.96794	3571.94721	
73.1022	3572.39957	3572.39227	3572.08541	3572.07811	
73.11229	3572.51594	3572.51445	3572.20178	3572.20029	
73.12248	3572.63304	3572.62789	3572.31888	3572.32246	
73.13261	3572.74874	3572.75007	3572.43458	3572.43591	
73.14267	3572.86303	3572.86351	3572.54887	3572.55808	
73.1528	3572.97758	3572.98568	3572.66342	3572.67153	
73.16304	3573.09272	3573.09913	3572.77856	3572.7937	
73.17307	3573.20493	3573.21258	3572.89077	3572.91587	
73.18338	3573.31949	3573.32602	3573.00533	3573.02059	
73.19348	3573.4313	3573.43947	3573.11714	3573.14276	
73.20364	3573.54297	3573.55292	3573.22882	3573.25621	
73.21367	3573.65271	3573.66636	3573.33855	3573.36966	
73.22379	3573.76285	3573.77108	3573.44869	3573.47438	
73.23395	3573.87273	3573.8758	3573.55857	3573.5791	
73.24422	3573.98326	3573.98052	3573.6691	3573.69254	
73.2544	3574.09221	3574.08524	3573.77805	3573.80599	
73.26451	3574.19972	3574.18996	3573.88556	3573.91071	
73.27452	3574.30556	3574.29468	3573.9914	3574.01543	
73.28476	3574.41329	3574.3994	3574.09913	3574.12888	
73.29482	3574.51843	3574.50412	3574.20427	3574.2336	
73.30496	3574.62389	3574.60884	3574.30973	3574.33831	
73.31506	3574.72825	3574.71356	3574.41409	3574.44303	
73.32521	3574.83259	3574.81828	3574.51843	3574.53903	
73.33547	3574.93734	3574.923	3574.62318	3574.63502	
73.34555	3575.03967	3575.01899	3574.72551	3574.73101	
73.35562	3575.14141	3575.12371	3574.82725	3574.83573	
73.36586	3575.24414	3575.21971	3574.92998	3574.93173	
73.37593	3575.34448	3575.32443	3575.03032	3575.02772	
73.38606	3575.44491	3575.42915	3575.13075	3575.12371	
73.3962	3575.54485	3575.52514	3575.23069	3575.21971	
73.40657	3575.6464	3575.62113	3575.33224	3575.3157	
73.41655	3575.74352	3575.72585	3575.42936	3575.41169	
73.42666	3575.84124	3575.83057	3575.52708	3575.50769	
73.43682	3575.93886	3575.93529	3575.6247	3575.60368	
73.44704	3576.03647	3576.03128	3575.72231	3575.7084	
73.45712	3576.13213	3576.12728	3575.81797	3575.79566	
73.46727	3576.22781	3576.232	3575.91365	3575.89166	
73.4774	3576.32272	3576.31926	3576.00856	3575.98765	
73.48754	3576.41713	3576.42398	3576.10297	3576.08364	
73.49774	3576.51146	3576.51125	3576.1973	3576.17964	
73.5078	3576.60381	3576.60724	3576.28966	3576.2669	
73.51797	3576.69671	3576.70324	3576.38255	3576.3629	
73.52815	3576.78899	3576.7905	3576.47483	3576.45016	
73.53822	3576.87968	3576.87777	3576.56552	3576.54616	
73.54838	3576.97054	3576.97376	3576.65638	3576.63342	
73.55853	3577.06073	3577.06103	3576.74657	3576.72942	
73.56868	3577.15033	3577.15702	3576.83618	3576.82541	
73.57879	3577.23894	3577.24429	3576.92478	3576.91268	
73.58893	3577.32717	3577.33155	3577.01302	3576.99994	
73.5991	3577.41504	3577.41882	3577.10088	3577.08721	
73.60922	3577.50197	3577.50609	3577.18781	3577.17448	
73.61939	3577.58866	3577.59335	3577.2745	3577.26174	
73.62951	3577.67425	3577.68062	3577.36009	3577.34901	
73.63967	3577.75963	3577.77661	3577.44547	3577.43627	
73.64986	3577.84463	3577.85515	3577.53047	3577.52354	
73.65996	3577.92828	3577.94242	3577.61412	3577.60208	
73.6701	3578.01163	3578.02969	3577.69747	3577.68935	
73.6803	3578.0949	3578.10823	3577.78074	3577.76789	
73.6905	3578.17757	3578.19549	3577.86341	3577.84643	
73.7005	3578.25793	3578.27403	3577.94377	3577.93369	
73.71067	3578.33911	3578.35257	3578.02495	3578.01223	
73.72878	3578.48133	3578.4922	3578.16717	3578.15186	
73.73335	3578.51722	3578.52711	3578.20306	3578.18677	
73.7435	3578.59622	3578.60564	3578.28206	3578.27403	
73.75364	3578.67459	3578.68418	3578.36043	3578.3613	
73.76377	3578.75221	3578.76272	3578.43805	3578.43111	
73.7739	3578.8293	3578.83254	3578.51514	3578.50965	
73.78413	3578.90639	3578.90235	3578.59223	3578.58819	
73.7942	3578.9818	3578.98089	3578.66764	3578.66673	
73.80435	3579.05712	3579.05943	3578.74296	3578.74527	
73.81448	3579.13174	3579.12924	3578.81758	3578.81508	
73.82506	3579.20901	3579.20778	3578.89486	3578.89362	
73.83478	3579.27941	3579.2776	3578.96525	3578.96344	
73.84491	3579.35217	3579.34741	3579.03801	3579.04198	
73.85509	3579.42468	3579.41722	3579.11052	3579.12052	
73.86521	3579.49614	3579.49576	3579.18198	3579.19033	
73.87534	3579.56709	3579.56558	3579.25293	3579.26014	
73.88554	3579.63789	3579.63539	3579.32373	3579.33868	
73.89564	3579.70739	3579.7052	3579.39323	3579.4085	
73.90583	3579.77698	3579.76629	3579.46282	3579.47831	
73.91627	3579.84754	3579.8361	3579.53338	3579.54812	
73.92606	3579.9132	3579.90592	3579.59904	3579.61794	
73.93628	3579.98104	3579.97573	3579.66688	3579.67902	
73.94632	3580.04712	3580.03681	3579.73296	3579.74884	
73.95646	3580.11327	3580.10663	3579.79911	3579.80992	
73.96662	3580.17889	3580.16771	3579.86473	3579.87974	
73.97678	3580.24396	3580.23753	3579.9298	3579.94082	
73.98696	3580.30851	3580.29861	3579.99435	3580.00191	
73.99707	3580.37204	3580.36843	3580.05788	3580.07172	
74.00723	3580.43523	3580.43824	3580.12108	3580.13281	
74.01735	3580.49763	3580.50805	3580.18347	3580.19389	
74.0275	3580.55955	3580.56041	3580.24539	3580.25498	
74.03764	3580.62084	3580.63023	3580.30668	3580.31607	
74.0478	3580.68162	3580.68259	3580.36746	3580.37715	
74.05794	3580.74164	3580.7524	3580.42748	3580.43824	
74.06805	3580.80092	3580.81349	3580.48676	3580.4906	
74.07819	3580.85976	3580.86585	3580.5456	3580.55169	
74.08838	3580.91827	3580.92693	3580.60411	3580.61277	
74.09846	3580.97552	3580.97929	3580.66136	3580.66513	
74.1086	3581.03257	3581.03165	3580.71841	3580.72622	
74.11896	3581.0902	3581.09274	3580.77604	3580.77858	
74.12887	3581.14475	3581.1451	3580.83059	3580.83967	
74.13903	3581.20002	3581.20619	3580.88586	3580.89203	
74.14916	3581.25458	3581.25855	3580.94042	3580.94439	
74.15932	3581.30864	3581.31091	3580.99448	3580.99675	
74.16945	3581.36198	3581.36327	3581.04782	3581.04911	
74.17959	3581.41473	3581.41563	3581.10057	3581.11019	
74.18976	3581.46705	3581.46798	3581.15289	3581.15383	
74.19986	3581.51841	3581.52034	3581.20425	3581.21491	
74.21001	3581.56942	3581.5727	3581.25526	3581.25855	
74.22016	3581.6198	3581.62506	3581.30564	3581.31091	
74.2303	3581.66956	3581.67742	3581.3554	3581.36327	
74.2406	3581.71947	3581.72978	3581.40532	3581.4069	
74.25059	3581.76728	3581.77342	3581.45312	3581.45053	
74.26073	3581.81519	3581.81705	3581.50103	3581.50289	
74.2709	3581.86266	3581.86941	3581.5485	3581.54652	
74.281	3581.90919	3581.92177	3581.59503	3581.59016	
74.29115	3581.95537	3581.9654	3581.64121	3581.64252	
74.30128	3582.0008	3582.00904	3581.68664	3581.67742	
74.31144	3582.04581	3582.0614	3581.73165	3581.72106	
74.32156	3582.09003	3582.11376	3581.77587	3581.77342	
74.3317	3582.13375	3582.14866	3581.81959	3581.81705	
74.34187	3582.17695	3582.1923	3581.8628	3581.85196	
74.35201	3582.21945	3582.23593	3581.90529	3581.88686	
74.36215	3582.26137	3582.27956	3581.94721	3581.9305	
74.37228	3582.3026	3582.3232	3581.98844	3581.97413	
74.38243	3582.34333	3582.3581	3582.02917	3582.01776	
74.39261	3582.38356	3582.40174	3582.0694	3582.05267	
74.40476	3582.43066	3582.43664	3582.1165	3582.0963	
74.41284	3582.46166	3582.48028	3582.1475	3582.13121	
74.42306	3582.50024	3582.51518	3582.18608	3582.16612	
74.43315	3582.53774	3582.55009	3582.22358	3582.20975	
74.4433	3582.57485	3582.585	3582.26069	3582.24466	
74.45345	3582.61139	3582.6199	3582.29723	3582.27956	
74.46361	3582.64733	3582.65481	3582.33317	3582.31447	
74.47383	3582.68288	3582.68972	3582.36872	3582.3581	
74.4839	3582.71731	3582.72462	3582.40315	3582.39301	
74.49412	3582.75165	3582.75953	3582.43749	3582.42792	
74.50432	3582.78534	3582.78571	3582.47118	3582.4541	
74.51433	3582.8178	3582.82062	3582.50364	3582.489	
74.52448	3582.85011	3582.8468	3582.53595	3582.52391	
74.53461	3582.88176	3582.8817	3582.5676	3582.55009	
74.54477	3582.91292	3582.91661	3582.59876	3582.585	
74.55519	3582.94423	3582.95151	3582.63007	3582.6199	
74.56504	3582.97328	3582.97769	3582.65912	3582.64608	
74.5752	3583.00263	3583.00387	3582.68847	3582.67226	
74.58534	3583.03134	3583.03878	3582.71718	3582.69844	
74.59553	3583.05958	3583.05623	3582.74542	3582.72462	
74.60563	3583.087	3583.09114	3582.77284	3582.75953	
74.61583	3583.11409	3583.11732	3582.79993	3582.78571	
74.62595	3583.14037	3583.1435	3582.82621	3582.81189	
74.63606	3583.16602	3583.16968	3582.85186	3582.82934	
74.64619	3583.19116	3583.19586	3582.877	3582.86425	
74.65642	3583.21593	3583.23077	3582.90177	3582.8817	
74.6665	3583.23975	3583.24822	3582.92559	3582.90788	
74.67663	3583.26311	3583.2744	3582.94895	3582.93406	
74.68677	3583.2859	3583.30058	3582.97174	3582.95151	
74.69697	3583.30823	3583.31803	3582.99407	3582.97769	
74.7071	3583.32981	3583.33549	3583.01565	3583.00387	
74.71722	3583.3508	3583.37039	3583.03664	3583.02133	
74.72736	3583.37124	3583.38785	3583.05708	3583.03878	
74.73758	3583.39126	3583.4053	3583.0771	3583.05623	
74.7477	3583.41048	3583.42275	3583.09632	3583.07369	
74.75783	3583.42916	3583.44021	3583.115	3583.09987	
74.768	3583.44732	3583.46639	3583.13316	3583.11732	
74.77812	3583.46481	3583.47511	3583.15065	3583.13477	
74.78827	3583.48178	3583.49257	3583.16762	3583.1435	
74.7984	3583.49813	3583.51002	3583.18398	3583.16095	
74.80858	3583.51399	3583.52747	3583.19983	3583.17841	
74.81868	3583.52915	3583.54493	3583.21499	3583.18713	
74.82881	3583.54379	3583.55365	3583.22963	3583.20459	
74.83898	3583.55791	3583.56238	3583.24375	3583.21331	
74.84909	3583.57138	3583.57983	3583.25722	3583.22204	
74.85923	3583.58432	3583.58856	3583.27016	3583.23949	
74.86939	3583.59673	3583.59729	3583.28257	3583.24822	
74.87952	3583.60853	3583.61474	3583.29437	3583.25695	
74.88963	3583.61976	3583.61474	3583.3056	3583.26567	
74.89977	3583.63045	3583.62347	3583.31629	3583.2744	
74.90995	3583.64063	3583.63219	3583.32648	3583.28313	
74.92006	3583.6502	3583.64092	3583.33604	3583.29185	
74.93018	3583.65923	3583.64965	3583.34507	3583.30058	
74.94034	3583.66775	3583.64965	3583.35359	3583.30931	
74.95047	3583.67571	3583.65837	3583.36155	3583.31803	
74.96065	3583.68316	3583.65837	3583.369	3583.31803	
74.97077	3583.69005	3583.6671	3583.37589	3583.31803	
74.9809	3583.69642	3583.6671	3583.38226	3583.32676	
74.99107	3583.7023	3583.6671	3583.38814	3583.32676	
75.00118	3583.70763	3583.6671	3583.39348	3583.32676	
75.01133	3583.71249	3583.67583	3583.39833	3583.33549	
75.02146	3583.71685	3583.67583	3583.4027	3583.33549	
75.03164	3583.72076	3583.67583	3583.4066	3583.33549	
75.04184	3583.7242	3583.68455	3583.41004	3583.33549	
75.05191	3583.72716	3583.68455	3583.413	3583.34421	
75.06205	3583.7297	3583.68455	3583.41554	3583.34421	
75.07219	3583.73185	3583.68455	3583.41769	3583.34421	
75.08236	3583.73361	3583.68455	3583.41945	3583.34421	
75.09247	3583.7389	3583.68455	3583.42474	3583.34421	
75.10262	3583.7389	3583.68455	3583.42474	3583.34421	
75.1128	3583.7389	3583.68455	3583.42474	3583.34421	
75.1229	3583.7389	3583.68455	3583.42474	3583.34421	
75.13305	3583.7389	3583.68455	3583.42474	3583.34421	
75.1432	3583.7389	3583.68455	3583.42474	3583.34421	
75.15334	3583.7389	3583.68455	3583.42474	3583.34421	
75.16348	3583.7389	3583.68455	3583.42474	3583.34421	
75.17362	3583.7389	3583.68455	3583.42474	3583.34421	
75.1838	3583.7389	3583.68455	3583.42474	3583.34421	
75.19401	3583.7389	3583.68455	3583.42474	3583.34421	
75.20416	3583.7389	3583.68455	3583.42474	3583.34421	
75.21425	3583.7389	3583.68455	3583.42474	3583.34421	
75.22445	3583.7389	3583.68455	3583.42474	3583.34421	
75.23478	3583.7389	3583.68455	3583.42474	3583.34421	
75.24467	3583.7389	3583.68455	3583.42474	3583.34421	
75.25482	3583.7389	3583.68455	3583.42474	3583.34421	
75.26495	3583.7389	3583.68455	3583.42474	3583.34421	
75.27512	3583.7389	3583.68455	3583.42474	3583.34421	
75.28527	3583.7389	3583.68455	3583.42474	3583.34421	
75.29546	3583.7389	3583.68455	3583.42474	3583.34421	
75.30559	3583.7389	3583.68455	3583.42474	3583.34421	
75.31567	3583.7389	3583.68455	3583.42474	3583.34421	
75.32587	3583.7389	3583.68455	3583.42474	3583.34421	
75.33596	3583.7389	3583.68455	3583.42474	3583.34421	
75.34611	3583.7389	3583.68455	3583.42474	3583.34421	
75.35624	3583.7389	3583.68455	3583.42474	3583.34421	
75.3664	3583.7389	3583.68455	3583.42474	3583.34421	
75.37656	3583.7389	3583.68455	3583.42474	3583.34421	
75.38667	3583.7389	3583.68455	3583.42474	3583.34421	
75.39684	3583.7389	3583.68455	3583.42474	3583.34421	
75.41663	3583.7389	3583.68455	3583.42474	3583.34421	
75.42121	3583.7389	3583.68455	3583.42474	3583.34421	
75.43136	3583.7389	3583.68455	3583.42474	3583.34421	
75.44149	3583.7389	3583.68455	3583.42474	3583.34421	
75.45162	3583.7389	3583.68455	3583.42474	3583.34421	
75.46177	3583.7389	3583.68455	3583.42474	3583.34421	
75.47191	3583.7389	3583.68455	3583.42474	3583.34421	
75.48207	3583.7389	3583.68455	3583.42474	3583.34421	
75.49219	3583.7389	3583.68455	3583.42474	3583.34421	
75.50233	3583.7389	3583.68455	3583.42474	3583.34421	
75.51252	3583.7389	3583.68455	3583.42474	3583.34421	
75.5226	3583.7389	3583.68455	3583.42474	3583.34421	
75.53274	3583.7389	3583.68455	3583.42474	3583.34421	
75.54288	3583.7389	3583.68455	3583.42474	3583.34421	
75.55313	3583.7389	3583.68455	3583.42474	3583.34421	
75.56318	3583.7389	3583.68455	3583.42474	3583.34421	
75.57331	3583.7389	3583.68455	3583.42474	3583.34421	
75.58346	3583.7389	3583.68455	3583.42474	3583.34421	
75.5936	3583.7389	3583.68455	3583.42474	3583.34421	
75.60378	3583.7389	3583.68455	3583.42474	3583.34421	
75.61399	3583.7389	3583.68455	3583.42474	3583.34421	
75.62413	3583.7389	3583.68455	3583.42474	3583.34421	
75.63421	3583.7389	3583.68455	3583.42474	3583.34421	
75.64434	3583.7389	3583.68455	3583.42474	3583.34421	
75.65448	3583.7389	3583.68455	3583.42474	3583.34421	
75.66467	3583.7389	3583.68455	3583.42474	3583.34421	
75.67478	3583.7389	3583.68455	3583.42474	3583.34421	
75.6849	3583.7389	3583.68455	3583.42474	3583.34421	
75.6951	3583.7389	3583.68455	3583.42474	3583.34421	
75.70522	3583.7389	3583.68455	3583.42474	3583.34421	
75.71532	3583.7389	3583.68455	3583.42474	3583.34421	
75.72552	3583.7389	3583.68455	3583.42474	3583.34421	
75.73603	3583.7389	3583.68455	3583.42474	3583.34421	
75.7458	3583.7389	3583.68455	3583.42474	3583.34421	
75.75588	3583.7389	3583.68455	3583.42474	3583.34421	
75.76604	3583.7389	3583.68455	3583.42474	3583.34421	
75.77617	3583.7389	3583.68455	3583.42474	3583.34421	
75.78631	3583.7389	3583.68455	3583.42474	3583.34421	
75.79644	3583.7389	3583.68455	3583.42474	3583.34421	
75.80659	3583.7389	3583.68455	3583.42474	3583.34421	
75.81676	3583.7389	3583.68455	3583.42474	3583.34421	
75.82689	3583.7389	3583.68455	3583.42474	3583.34421	
75.83705	3583.7389	3583.68455	3583.42474	3583.34421	
75.84718	3583.7389	3583.68455	3583.42474	3583.34421	
75.85728	3583.7389	3583.68455	3583.42474	3583.34421	
75.86742	3583.7389	3583.68455	3583.42474	3583.34421	
75.87755	3583.7389	3583.68455	3583.42474	3583.34421	
75.88769	3583.7389	3583.68455	3583.42474	3583.34421	
75.89783	3583.7389	3583.68455	3583.42474	3583.34421	
75.90796	3583.7389	3583.68455	3583.42474	3583.34421	
75.91813	3583.7389	3583.68455	3583.42474	3583.35294	
75.92825	3583.7389	3583.68455	3583.42474	3583.35294	
75.93838	3583.7389	3583.68455	3583.42474	3583.35294	
75.94851	3583.7389	3583.68455	3583.42474	3583.35294	
75.95866	3583.7389	3583.68455	3583.42474	3583.36167	
75.96881	3583.7389	3583.68455	3583.42474	3583.37039	
75.97891	3583.7389	3583.68455	3583.42474	3583.37912	
75.98907	3583.7389	3583.69328	3583.42474	3583.38785	
75.99922	3583.7389	3583.70201	3583.42474	3583.38785	
76.00934	3583.7389	3583.71073	3583.42474	3583.4053	
76.01949	3583.7389	3583.71946	3583.42474	3583.4053	
76.02962	3583.7389	3583.71946	3583.42474	3583.41403	
76.03981	3583.7389	3583.73691	3583.42474	3583.42275	
76.04999	3583.7389	3583.73691	3583.42474	3583.42275	
76.06009	3583.7389	3583.75437	3583.42474	3583.42275	
76.07022	3583.7389	3583.75437	3583.42474	3583.42275	
76.08039	3583.7389	3583.75437	3583.42474	3583.42275	
76.0905	3583.7389	3583.76309	3583.42474	3583.42275	
76.10063	3583.7389	3583.76309	3583.42474	3583.42275	
76.11078	3583.7389	3583.77182	3583.42474	3583.42275	
76.12094	3583.7389	3583.77182	3583.42474	3583.42275	
76.13105	3583.7389	3583.76309	3583.42474	3583.42275	
76.1412	3583.7389	3583.76309	3583.42474	3583.42275	
76.1514	3583.7389	3583.76309	3583.42474	3583.42275	
76.16148	3583.7389	3583.75437	3583.42474	3583.42275	
76.17161	3583.7389	3583.75437	3583.42474	3583.42275	
76.18176	3583.7389	3583.75437	3583.42474	3583.42275	
76.1919	3583.7389	3583.75437	3583.42474	3583.42275	
76.20209	3583.7389	3583.75437	3583.42474	3583.42275	
76.2122	3583.7389	3583.74564	3583.42474	3583.42275	
76.22235	3583.7389	3583.74564	3583.42474	3583.42275	
76.23258	3583.7389	3583.73691	3583.42474	3583.42275	
76.24285	3583.7389	3583.73691	3583.42474	3583.42275	
76.25301	3583.7389	3583.73691	3583.42474	3583.42275	
76.26316	3583.7389	3583.73691	3583.42474	3583.42275	
76.27328	3583.7389	3583.74564	3583.42474	3583.42275	
76.28341	3583.7389	3583.74564	3583.42474	3583.42275	
76.29354	3583.7389	3583.74564	3583.42474	3583.42275	
76.30369	3583.7389	3583.74564	3583.42474	3583.42275	
76.31386	3583.7389	3583.74564	3583.42474	3583.42275	
76.32398	3583.7389	3583.74564	3583.42474	3583.42275	
76.33417	3583.7389	3583.74564	3583.42474	3583.42275	
76.34434	3583.7389	3583.74564	3583.42474	3583.42275	
76.35443	3583.7389	3583.74564	3583.42474	3583.42275	
76.36472	3583.7389	3583.74564	3583.42474	3583.42275	
76.3747	3583.7389	3583.74564	3583.42474	3583.42275	
76.3849	3583.7389	3583.74564	3583.42474	3583.42275	
76.39498	3583.7389	3583.74564	3583.42474	3583.42275	
76.40566	3583.7389	3583.74564	3583.42474	3583.42275	
76.41532	3583.7389	3583.74564	3583.42474	3583.42275	
76.43331	3583.7389	3583.74564	3583.42474	3583.42275	
76.43794	3583.7389	3583.74564	3583.42474	3583.42275	
76.44804	3583.7389	3583.74564	3583.42474	3583.42275	
76.45821	3583.7389	3583.74564	3583.42474	3583.42275	
76.46834	3583.7389	3583.74564	3583.42474	3583.42275	
76.47848	3583.7389	3583.74564	3583.42474	3583.42275	
76.48866	3583.7389	3583.74564	3583.42474	3583.42275	
76.49874	3583.7389	3583.74564	3583.42474	3583.42275	
76.5089	3583.7389	3583.74564	3583.42474	3583.42275	
76.51906	3583.7389	3583.74564	3583.42474	3583.42275	
76.52917	3583.7389	3583.74564	3583.42474	3583.42275	
76.53933	3583.7389	3583.74564	3583.42474	3583.42275	
76.54943	3583.7389	3583.74564	3583.42474	3583.42275	
76.55961	3583.7389	3583.74564	3583.42474	3583.42275	
76.56972	3583.7389	3583.74564	3583.42474	3583.42275	
76.57986	3583.7389	3583.74564	3583.42474	3583.42275	
76.59	3583.7389	3583.74564	3583.42474	3583.42275	
76.60014	3583.7389	3583.74564	3583.42474	3583.42275	
76.61028	3583.7389	3583.74564	3583.42474	3583.42275	
76.62041	3583.7389	3583.74564	3583.42474	3583.42275	
76.63057	3583.7389	3583.74564	3583.42474	3583.42275	
76.64073	3583.7389	3583.74564	3583.42474	3583.42275	
76.65085	3583.7389	3583.74564	3583.42474	3583.42275	
76.66099	3583.7389	3583.74564	3583.42474	3583.42275	
76.67118	3583.7389	3583.74564	3583.42474	3583.42275	
76.68128	3583.7389	3583.74564	3583.42474	3583.42275	
76.69141	3583.7389	3583.74564	3583.42474	3583.42275	
76.70155	3583.7389	3583.74564	3583.42474	3583.42275	
76.71169	3583.7389	3583.74564	3583.42474	3583.42275	
76.72182	3583.7389	3583.74564	3583.42474	3583.42275	
76.73196	3583.7389	3583.74564	3583.42474	3583.42275	
76.74212	3583.7389	3583.74564	3583.42474	3583.42275	
76.75229	3583.7389	3583.74564	3583.42474	3583.42275	
76.7624	3583.7389	3583.74564	3583.42474	3583.42275	
76.77255	3583.7389	3583.74564	3583.42474	3583.42275	
76.78269	3583.7389	3583.74564	3583.42474	3583.42275	
76.79283	3583.7389	3583.74564	3583.42474	3583.42275	
76.80301	3583.7389	3583.74564	3583.42474	3583.42275	
76.81312	3583.7389	3583.74564	3583.42474	3583.42275	
76.82329	3583.7389	3583.74564	3583.42474	3583.42275	
76.8334	3583.7389	3583.74564	3583.42474	3583.42275	
76.84355	3583.7389	3583.74564	3583.42474	3583.42275	
76.85374	3583.7389	3583.74564	3583.42474	3583.42275	
76.86384	3583.7389	3583.74564	3583.42474	3583.42275	
76.8741	3583.7389	3583.74564	3583.42474	3583.42275	
76.88417	3583.7389	3583.74564	3583.42474	3583.42275	
76.89433	3583.7389	3583.74564	3583.42474	3583.42275	
76.90592	3583.7389	3583.74564	3583.42474	3583.42275	
76.91458	3583.7389	3583.74564	3583.42474	3583.42275	
76.92472	3583.7389	3583.74564	3583.42474	3583.42275	
76.93486	3583.7389	3583.74564	3583.42474	3583.42275	
76.94502	3583.7389	3583.74564	3583.42474	3583.42275	
76.95516	3583.7389	3583.74564	3583.42474	3583.42275	
76.9653	3583.7389	3583.74564	3583.42474	3583.42275	
76.9755	3583.7389	3583.74564	3583.42474	3583.42275	
76.98563	3583.7389	3583.74564	3583.42474	3583.42275	
76.99578	3583.7389	3583.74564	3583.42474	3583.42275	
77.00627	3583.7389	3583.74564	3583.42474	3583.42275	
77.01601	3583.7389	3583.74564	3583.42474	3583.42275	
77.02619	3583.7389	3583.74564	3583.42474	3583.42275	
77.0363	3583.7389	3583.74564	3583.42474	3583.42275	
77.04643	3583.7389	3583.74564	3583.42474	3583.42275	
77.05664	3583.7389	3583.74564	3583.42474	3583.42275	
77.06674	3583.7389	3583.74564	3583.42474	3583.42275	
77.07688	3583.7389	3583.74564	3583.42474	3583.42275	
77.08706	3583.7389	3583.74564	3583.42474	3583.42275	
77.09714	3583.7389	3583.74564	3583.42474	3583.42275	
77.10727	3583.7389	3583.74564	3583.42474	3583.42275	
77.11742	3583.7389	3583.74564	3583.42474	3583.42275	
77.12757	3583.7389	3583.74564	3583.42474	3583.42275	
77.1377	3583.7389	3583.74564	3583.42474	3583.43148	
77.14783	3583.7389	3583.74564	3583.42474	3583.43148	
77.15799	3583.7389	3583.74564	3583.42474	3583.43148	
77.16815	3583.7389	3583.74564	3583.42474	3583.43148	
77.17827	3583.7389	3583.74564	3583.42474	3583.43148	
77.1884	3583.7389	3583.74564	3583.42474	3583.43148	
77.19854	3583.7389	3583.74564	3583.42474	3583.43148	
77.20873	3583.7389	3583.74564	3583.42474	3583.43148	
77.21881	3583.7389	3583.74564	3583.42474	3583.43148	
77.22894	3583.7389	3583.74564	3583.42474	3583.43148	
77.23912	3583.7389	3583.74564	3583.42474	3583.43148	
77.24922	3583.7389	3583.74564	3583.42474	3583.43148	
77.25936	3583.7389	3583.74564	3583.42474	3583.43148	
77.26966	3583.7389	3583.74564	3583.42474	3583.43148	
77.27963	3583.7389	3583.74564	3583.42474	3583.43148	
77.28977	3583.7389	3583.74564	3583.42474	3583.43148	
77.29991	3583.7389	3583.74564	3583.42474	3583.43148	
77.31005	3583.7389	3583.74564	3583.42474	3583.43148	
77.3202	3583.7389	3583.74564	3583.42474	3583.43148	
77.33033	3583.7389	3583.74564	3583.42474	3583.43148	
77.34048	3583.7389	3583.73691	3583.42474	3583.43148	
77.35061	3583.7389	3583.73691	3583.42474	3583.43148	
77.36078	3583.7389	3583.73691	3583.42474	3583.43148	
77.37092	3583.7389	3583.73691	3583.42474	3583.43148	
77.38107	3583.7389	3583.73691	3583.42474	3583.43148	
77.39125	3583.7389	3583.73691	3583.42474	3583.43148	
77.40133	3583.7389	3583.73691	3583.42474	3583.43148	
77.4214	3583.7389	3583.73691	3583.42474	3583.43148	
77.42603	3583.7389	3583.73691	3583.42474	3583.43148	
77.43612	3583.7389	3583.74564	3583.42474	3583.43148	
77.44626	3583.7389	3583.74564	3583.42474	3583.43148	
77.45641	3583.7389	3583.74564	3583.42474	3583.43148	
77.46654	3583.7389	3583.74564	3583.42474	3583.43148	
77.4767	3583.7389	3583.74564	3583.42474	3583.43148	
77.48688	3583.7389	3583.74564	3583.42474	3583.43148	
77.49706	3583.7389	3583.74564	3583.42474	3583.43148	
77.50712	3583.7389	3583.74564	3583.42474	3583.43148	
77.51726	3583.7389	3583.74564	3583.42474	3583.43148	
77.52741	3583.7389	3583.74564	3583.42474	3583.43148	
77.53754	3583.7389	3583.74564	3583.42474	3583.43148	
77.54768	3583.7389	3583.74564	3583.42474	3583.43148	
77.55795	3583.7389	3583.74564	3583.42474	3583.43148	
77.56798	3583.7389	3583.74564	3583.42474	3583.43148	
77.57835	3583.7389	3583.74564	3583.42474	3583.43148	
77.58826	3583.7389	3583.74564	3583.42474	3583.43148	
77.59839	3583.7389	3583.74564	3583.42474	3583.43148	
77.60859	3583.7389	3583.74564	3583.42474	3583.43148	
77.61866	3583.7389	3583.74564	3583.42474	3583.43148	
77.62878	3583.7389	3583.74564	3583.42474	3583.43148	
77.63893	3583.7389	3583.74564	3583.42474	3583.43148	
77.64909	3583.7389	3583.74564	3583.42474	3583.43148	
77.65922	3583.7389	3583.74564	3583.42474	3583.43148	
77.66936	3583.7389	3583.74564	3583.42474	3583.43148	
77.67951	3583.7389	3583.74564	3583.42474	3583.43148	
77.68966	3583.7389	3583.74564	3583.42474	3583.43148	
77.69977	3583.7389	3583.74564	3583.42474	3583.43148	
77.70991	3583.7389	3583.74564	3583.42474	3583.43148	
77.72006	3583.7389	3583.74564	3583.42474	3583.43148	
77.73023	3583.7389	3583.74564	3583.42474	3583.43148	
77.74035	3583.7389	3583.74564	3583.42474	3583.43148	
77.75048	3583.7389	3583.74564	3583.42474	3583.43148	
77.76069	3583.7389	3583.74564	3583.42474	3583.43148	
77.77076	3583.7389	3583.74564	3583.42474	3583.43148	
77.7809	3583.7389	3583.74564	3583.42474	3583.43148	
77.79105	3583.7389	3583.74564	3583.42474	3583.43148	
77.80118	3583.7389	3583.74564	3583.42474	3583.43148	
77.81132	3583.7389	3583.74564	3583.42474	3583.43148	
77.82163	3583.7389	3583.74564	3583.42474	3583.43148	
77.83176	3583.7389	3583.74564	3583.42474	3583.43148	
77.84189	3583.7389	3583.74564	3583.42474	3583.43148	
77.85202	3583.7389	3583.74564	3583.42474	3583.43148	
77.86219	3583.7389	3583.74564	3583.42474	3583.43148	
77.8723	3583.7389	3583.74564	3583.42474	3583.43148	
77.88243	3583.7389	3583.74564	3583.42474	3583.43148	
77.89258	3583.7389	3583.74564	3583.42474	3583.43148	
77.90275	3583.7389	3583.74564	3583.42474	3583.43148	
77.91298	3583.7389	3583.74564	3583.42474	3583.43148	
77.92302	3583.7389	3583.74564	3583.42474	3583.43148	
77.93316	3583.7389	3583.74564	3583.42474	3583.43148	
77.94334	3583.7389	3583.74564	3583.42474	3583.43148	
77.95346	3583.7389	3583.74564	3583.42474	3583.43148	
77.96358	3583.7389	3583.74564	3583.42474	3583.43148	
77.97375	3583.7389	3583.74564	3583.42474	3583.43148	
77.98389	3583.7389	3583.74564	3583.42474	3583.43148	
77.99409	3583.7389	3583.74564	3583.42474	3583.43148	
78.00419	3583.7389	3583.74564	3583.42474	3583.43148	
78.01433	3583.7389	3583.74564	3583.42474	3583.43148	
78.0245	3583.7389	3583.74564	3583.42474	3583.43148	
78.03462	3583.7389	3583.74564	3583.42474	3583.43148	
78.04476	3583.7389	3583.74564	3583.42474	3583.43148	
78.0549	3583.7389	3583.74564	3583.42474	3583.43148	
78.06506	3583.7389	3583.74564	3583.42474	3583.43148	
78.07516	3583.7389	3583.74564	3583.42474	3583.43148	
78.08529	3583.7389	3583.74564	3583.42474	3583.43148	
78.10333	3583.7389	3583.74564	3583.42474	3583.43148	
78.10808	3583.7389	3583.74564	3583.42474	3583.43148	
78.11824	3583.7389	3583.74564	3583.42474	3583.43148	
78.12835	3583.7389	3583.74564	3583.42474	3583.43148	
78.13849	3583.7389	3583.74564	3583.42474	3583.43148	
78.14864	3583.7389	3583.74564	3583.42474	3583.43148	
78.15877	3583.7389	3583.74564	3583.42474	3583.43148	
78.16895	3583.7389	3583.74564	3583.42474	3583.43148	
78.17905	3583.7389	3583.74564	3583.42474	3583.43148	
78.1892	3583.7389	3583.74564	3583.42474	3583.43148	
78.19937	3583.7389	3583.74564	3583.42474	3583.43148	
78.20969	3583.7389	3583.74564	3583.42474	3583.43148	
78.2196	3583.7389	3583.74564	3583.42474	3583.43148	
78.22974	3583.7389	3583.74564	3583.42474	3583.43148	
78.23992	3583.7389	3583.74564	3583.42474	3583.43148	
78.25012	3583.7389	3583.74564	3583.42474	3583.43148	
78.2602	3583.7389	3583.74564	3583.42474	3583.43148	
78.27041	3583.7389	3583.74564	3583.42474	3583.43148	
78.28055	3583.7389	3583.74564	3583.42474	3583.43148	
78.29067	3583.7389	3583.74564	3583.42474	3583.43148	
78.30078	3583.7389	3583.74564	3583.42474	3583.43148	
78.31091	3583.7389	3583.74564	3583.42474	3583.43148	
78.32109	3583.7389	3583.74564	3583.42474	3583.43148	
78.3312	3583.7389	3583.74564	3583.42474	3583.43148	
78.34134	3583.7389	3583.74564	3583.42474	3583.43148	
78.35149	3583.7389	3583.74564	3583.42474	3583.43148	
78.36162	3583.7389	3583.74564	3583.42474	3583.43148	
78.37177	3583.7389	3583.74564	3583.42474	3583.43148	
78.38191	3583.7389	3583.74564	3583.42474	3583.43148	
78.39207	3583.7389	3583.74564	3583.42474	3583.43148	
78.40242	3583.7389	3583.74564	3583.42474	3583.43148	
78.41441	3583.7389	3583.74564	3583.42474	3583.43148	
78.42254	3583.7389	3583.74564	3583.42474	3583.43148	
78.43277	3583.7389	3583.74564	3583.42474	3583.43148	
78.44282	3583.7389	3583.74564	3583.42474	3583.43148	
78.45301	3583.7389	3583.74564	3583.42474	3583.43148	
78.46311	3583.7389	3583.74564	3583.42474	3583.43148	
78.47328	3583.7389	3583.74564	3583.42474	3583.43148	
78.4834	3583.7389	3583.74564	3583.42474	3583.43148	
78.49353	3583.7389	3583.74564	3583.42474	3583.43148	
78.5037	3583.7389	3583.74564	3583.42474	3583.43148	
78.51382	3583.7389	3583.74564	3583.42474	3583.43148	
78.53196	3583.7389	3583.74564	3583.42474	3583.43148	
78.53656	3583.7389	3583.74564	3583.42474	3583.43148	
78.54667	3583.7389	3583.74564	3583.42474	3583.43148	
78.55694	3583.7389	3583.74564	3583.42474	3583.43148	
78.56701	3583.7389	3583.74564	3583.42474	3583.43148	
78.57714	3583.7389	3583.74564	3583.42474	3583.43148	
78.58727	3583.7389	3583.74564	3583.42474	3583.43148	
78.59741	3583.7389	3583.74564	3583.42474	3583.43148	
78.60758	3583.7389	3583.74564	3583.42474	3583.43148	
78.61769	3583.7389	3583.74564	3583.42474	3583.43148	
78.62784	3583.7389	3583.74564	3583.42474	3583.43148	
78.63795	3583.7389	3583.74564	3583.42474	3583.43148	
78.64809	3583.7389	3583.74564	3583.42474	3583.43148	
78.65846	3583.7389	3583.74564	3583.42474	3583.43148	
78.6684	3583.7389	3583.74564	3583.42474	3583.43148	
78.67853	3583.7389	3583.74564	3583.42474	3583.43148	
78.68884	3583.7389	3583.74564	3583.42474	3583.43148	
78.69884	3583.7389	3583.74564	3583.42474	3583.43148	
78.70896	3583.7389	3583.74564	3583.42474	3583.43148	
78.7191	3583.7389	3583.74564	3583.42474	3583.43148	
78.72924	3583.7389	3583.74564	3583.42474	3583.43148	
78.73941	3583.7389	3583.74564	3583.42474	3583.43148	
78.74953	3583.7389	3583.74564	3583.42474	3583.43148	
78.75967	3583.7389	3583.74564	3583.42474	3583.43148	
78.7698	3583.7389	3583.74564	3583.42474	3583.43148	
78.77994	3583.7389	3583.74564	3583.42474	3583.43148	
78.79007	3583.7389	3583.74564	3583.42474	3583.43148	
78.80022	3583.7389	3583.74564	3583.42474	3583.43148	
78.81038	3583.7389	3583.74564	3583.42474	3583.43148	
78.82051	3583.7389	3583.74564	3583.42474	3583.43148	
78.83107	3583.7389	3583.74564	3583.42474	3583.43148	
78.84119	3583.7389	3583.74564	3583.42474	3583.43148	
78.85133	3583.7389	3583.74564	3583.42474	3583.43148	
78.86147	3583.7389	3583.74564	3583.42474	3583.43148	
78.87163	3583.7389	3583.74564	3583.42474	3583.43148	
78.88175	3583.7389	3583.74564	3583.42474	3583.43148	
78.89188	3583.7389	3583.74564	3583.42474	3583.43148	
78.90202	3583.7389	3583.74564	3583.42474	3583.43148	
78.91218	3583.7389	3583.74564	3583.42474	3583.43148	
78.92235	3583.7389	3583.74564	3583.42474	3583.43148	
78.93245	3583.7389	3583.74564	3583.42474	3583.43148	
78.94263	3583.7389	3583.74564	3583.42474	3583.43148	
78.95281	3583.7389	3583.74564	3583.42474	3583.43148	
78.96289	3583.7389	3583.74564	3583.42474	3583.43148	
78.97304	3583.7389	3583.74564	3583.42474	3583.43148	
78.98317	3583.7389	3583.74564	3583.42474	3583.43148	
78.99333	3583.7389	3583.74564	3583.42474	3583.43148	
79.00347	3583.7389	3583.74564	3583.42474	3583.43148	
79.01361	3583.7389	3583.74564	3583.42474	3583.43148	
79.02375	3583.7389	3583.74564	3583.42474	3583.43148	
79.0339	3583.7389	3583.74564	3583.42474	3583.43148	
79.04424	3583.7389	3583.74564	3583.42474	3583.43148	
79.05464	3583.7389	3583.74564	3583.42474	3583.43148	
79.06442	3583.7389	3583.74564	3583.42474	3583.43148	
79.07456	3583.7389	3583.74564	3583.42474	3583.43148	
79.08469	3583.7389	3583.74564	3583.42474	3583.43148	
79.09484	3583.7389	3583.74564	3583.42474	3583.43148	
79.10502	3583.7389	3583.74564	3583.42474	3583.43148	
79.11513	3583.7389	3583.74564	3583.42474	3583.43148	
79.1253	3583.7389	3583.74564	3583.42474	3583.43148	
79.13553	3583.7389	3583.74564	3583.42474	3583.43148	
79.14562	3583.7389	3583.74564	3583.42474	3583.43148	
79.15578	3583.7389	3583.74564	3583.42474	3583.43148	
79.16587	3583.7389	3583.74564	3583.42474	3583.43148	
79.17604	3583.7389	3583.74564	3583.42474	3583.43148	
79.19407	3583.7389	3583.74564	3583.42474	3583.43148	
79.19861	3583.7389	3583.74564	3583.42474	3583.43148	
79.20883	3583.7389	3583.74564	3583.42474	3583.43148	
79.21888	3583.7389	3583.74564	3583.42474	3583.43148	
79.22903	3583.7389	3583.74564	3583.42474	3583.43148	
79.23917	3583.7389	3583.74564	3583.42474	3583.43148	
79.24932	3583.7389	3583.74564	3583.42474	3583.43148	
79.25947	3583.7389	3583.74564	3583.42474	3583.43148	
79.26961	3583.7389	3583.74564	3583.42474	3583.43148	
79.27975	3583.7389	3583.74564	3583.42474	3583.43148	
79.28987	3583.7389	3583.74564	3583.42474	3583.43148	
79.3	3583.7389	3583.74564	3583.42474	3583.43148	
79.31013	3583.7389	3583.74564	3583.42474	3583.43148	
79.32029	3583.7389	3583.74564	3583.42474	3583.43148	
79.33044	3583.7389	3583.74564	3583.42474	3583.43148	
79.34058	3583.7389	3583.74564	3583.42474	3583.43148	
79.35071	3583.7389	3583.74564	3583.42474	3583.43148	
79.36092	3583.7389	3583.74564	3583.42474	3583.43148	
79.37101	3583.7389	3583.74564	3583.42474	3583.43148	
79.38113	3583.7389	3583.74564	3583.42474	3583.43148	
79.39132	3583.7389	3583.74564	3583.42474	3583.43148	
79.40142	3583.7389	3583.74564	3583.42474	3583.43148	
79.4119	3583.7389	3583.74564	3583.42474	3583.43148	
79.42177	3583.7389	3583.74564	3583.42474	3583.43148	
79.43191	3583.7389	3583.74564	3583.42474	3583.43148	
79.44204	3583.7389	3583.74564	3583.42474	3583.43148	
79.45217	3583.7389	3583.74564	3583.42474	3583.43148	
79.46234	3583.7389	3583.74564	3583.42474	3583.43148	
79.47246	3583.7389	3583.74564	3583.42474	3583.43148	
79.4826	3583.7389	3583.74564	3583.42474	3583.43148	
79.49279	3583.7389	3583.74564	3583.42474	3583.43148	
79.50298	3583.7389	3583.74564	3583.42474	3583.43148	
79.51308	3583.7389	3583.74564	3583.42474	3583.43148	
79.52322	3583.7389	3583.74564	3583.42474	3583.43148	
79.53335	3583.7389	3583.74564	3583.42474	3583.43148	
79.54353	3583.7389	3583.74564	3583.42474	3583.43148	
79.55365	3583.7389	3583.74564	3583.42474	3583.43148	
79.56378	3583.7389	3583.74564	3583.42474	3583.43148	
79.57395	3583.7389	3583.74564	3583.42474	3583.43148	
79.58414	3583.7389	3583.74564	3583.42474	3583.43148	
79.59435	3583.7389	3583.74564	3583.42474	3583.43148	
79.60438	3583.7389	3583.74564	3583.42474	3583.43148	
79.61451	3583.7389	3583.74564	3583.42474	3583.43148	
79.6247	3583.7389	3583.74564	3583.42474	3583.43148	
79.63479	3583.7389	3583.74564	3583.42474	3583.43148	
79.64493	3583.7389	3583.74564	3583.42474	3583.43148	
79.65506	3583.7389	3583.74564	3583.42474	3583.43148	
79.66522	3583.7389	3583.74564	3583.42474	3583.43148	
79.67545	3583.7389	3583.74564	3583.42474	3583.43148	
79.68558	3583.7389	3583.74564	3583.42474	3583.43148	
79.69569	3583.7389	3583.74564	3583.42474	3583.43148	
79.70585	3583.7389	3583.74564	3583.42474	3583.43148	
79.72459	3583.7389	3583.74564	3583.42474	3583.43148	
79.72936	3583.7389	3583.74564	3583.42474	3583.43148	
79.73932	3583.7389	3583.74564	3583.42474	3583.43148	
79.74945	3583.7389	3583.74564	3583.42474	3583.43148	
79.7596	3583.7389	3583.74564	3583.42474	3583.43148	
79.76971	3583.7389	3583.74564	3583.42474	3583.43148	
