11.58513	3403.74562	3403.67129	3403.43146	3403.42695	
11.58972	3403.74656	3403.67129	3403.4324	3403.42695	
11.59986	3403.74942	3403.67129	3403.43526	3403.42695	
11.61002	3403.75291	3403.67129	3403.43875	3403.42695	
11.62014	3403.75701	3403.67129	3403.44285	3403.42695	
11.63028	3403.76172	3403.67129	3403.44756	3403.42695	
11.64042	3403.76708	3403.67129	3403.45292	3403.42695	
11.65057	3403.77302	3403.67129	3403.45886	3403.42695	
11.6607	3403.77958	3403.67129	3403.46542	3403.42695	
11.67083	3403.78676	3403.67129	3403.4726	3403.42695	
11.681	3403.79458	3403.67129	3403.48042	3403.42695	
11.69117	3403.80302	3403.67129	3403.48887	3403.42695	
11.70126	3403.81202	3403.67129	3403.49786	3403.42695	
11.71139	3403.82166	3403.67129	3403.5075	3403.42695	
11.7216	3403.832	3403.67129	3403.51785	3403.42695	
11.73167	3403.84281	3403.67129	3403.52865	3403.42695	
11.7418	3403.85431	3403.67129	3403.54015	3403.42695	
11.75195	3403.86644	3403.67129	3403.55228	3403.42695	
11.76209	3403.87916	3403.67129	3403.565	3403.42695	
11.77223	3403.89252	3403.67129	3403.57836	3403.42695	
11.79035	3403.9188	3403.67129	3403.60464	3403.42695	
11.79501	3403.92548	3403.67129	3403.61132	3403.42695	
11.80506	3403.94069	3403.67129	3403.62653	3403.42695	
11.8152	3403.95667	3403.67129	3403.64251	3403.42695	
11.82534	3403.97326	3403.67129	3403.6591	3403.43567	
11.83553	3403.99054	3403.67129	3403.67638	3403.43567	
11.84564	3404.0083	3403.67129	3403.69414	3403.43567	
11.85582	3404.02682	3403.67129	3403.71266	3403.43567	
11.866	3404.04595	3403.68002	3403.73179	3403.4444	
11.87605	3404.06545	3403.68875	3403.75129	3403.4444	
11.8862	3404.08577	3403.7062	3403.77161	3403.45313	
11.89633	3404.10671	3403.71493	3403.79255	3403.46185	
11.90648	3404.12818	3403.73238	3403.81402	3403.47931	
11.91665	3404.15038	3403.74111	3403.83622	3403.48803	
11.9269	3404.1734	3403.76729	3403.85924	3403.50549	
11.93699	3404.19667	3403.78474	3403.88251	3403.52294	
11.94714	3404.22068	3403.81092	3403.90652	3403.54912	
11.95725	3404.2452	3403.82837	3403.93105	3403.56657	
11.96739	3404.27045	3403.85455	3403.9563	3403.59275	
11.97756	3404.29636	3403.88073	3403.9822	3403.61893	
11.9877	3404.32284	3403.91564	3404.00868	3403.65384	
11.99784	3404.34991	3403.94182	3404.03575	3403.68875	
12.00808	3404.37788	3403.97673	3404.06373	3403.72365	
12.0182	3404.40616	3404.01163	3404.092	3403.75856	
12.02823	3404.43476	3404.04654	3404.1206	3403.79347	
12.03836	3404.46428	3404.08145	3404.15012	3403.82837	
12.04852	3404.49448	3404.12508	3404.18032	3403.86328	
12.05865	3404.52524	3404.15999	3404.21108	3403.90691	
12.06893	3404.55708	3404.19489	3404.24292	3403.95055	
12.07903	3404.58898	3404.24725	3404.27482	3403.99418	
12.08922	3404.62178	3404.28216	3404.30762	3404.03781	
12.09926	3404.65469	3404.33452	3404.34053	3404.07272	
12.10934	3404.68838	3404.36943	3404.37422	3404.12508	
12.11948	3404.72286	3404.42179	3404.4087	3404.16871	
12.12967	3404.75811	3404.46542	3404.44395	3404.21235	
12.13977	3404.79366	3404.50905	3404.4795	3404.24725	
12.14992	3404.83005	3404.56141	3404.51589	3404.29961	
12.16017	3404.86739	3404.61377	3404.55323	3404.34325	
12.1702	3404.90455	3404.64868	3404.59039	3404.38688	
12.18033	3404.94272	3404.70104	3404.62856	3404.43051	
12.19048	3404.98156	3404.7534	3404.6674	3404.48287	
12.20065	3405.02111	3404.79703	3404.70695	3404.52651	
12.21077	3405.06105	3404.84939	3404.74689	3404.57014	
12.22106	3405.10233	3404.89302	3404.78817	3404.6225	
12.23103	3405.14288	3404.94538	3404.82872	3404.66613	
12.24118	3405.18482	3404.98902	3404.87066	3404.70976	
12.25137	3405.22755	3405.03265	3404.91339	3404.76212	
12.26232	3405.27415	3405.08501	3404.95999	3404.80576	
12.27243	3405.31783	3405.13737	3405.00368	3404.85812	
12.28254	3405.36207	3405.181	3405.04791	3404.91048	
12.2927	3405.40719	3405.23336	3405.09303	3404.96284	
12.30289	3405.45334	3405.277	3405.13918	3405.0152	
12.31301	3405.49923	3405.32936	3405.18507	3405.05883	
12.32317	3405.54619	3405.38172	3405.23203	3405.11119	
12.33327	3405.59349	3405.42535	3405.27933	3405.15482	
12.34353	3405.64217	3405.47771	3405.32801	3405.20718	
12.35359	3405.6905	3405.52134	3405.37634	3405.25954	
12.36372	3405.73983	3405.5737	3405.42567	3405.30318	
12.37383	3405.78961	3405.62606	3405.47545	3405.35554	
12.38397	3405.84018	3405.67842	3405.52602	3405.39917	
12.39457	3405.89373	3405.73078	3405.57957	3405.45153	
12.40433	3405.94361	3405.78314	3405.62945	3405.50389	
12.41446	3405.99596	3405.8355	3405.6818	3405.54752	
12.4246	3406.04899	3405.88786	3405.73483	3405.59988	
12.43473	3406.10259	3405.94022	3405.78843	3405.64352	
12.44499	3406.15753	3406.00131	3405.84337	3405.7046	
12.45501	3406.21182	3406.05367	3405.89766	3405.74824	
12.46515	3406.26729	3406.11476	3405.95313	3405.80932	
12.47532	3406.3236	3406.16711	3406.00944	3405.85296	
12.49325	3406.42521	3406.21947	3406.11105	3405.91404	
12.49781	3406.45097	3406.28929	3406.13681	3405.97513	
12.50795	3406.50908	3406.3591	3406.19492	3406.02749	
12.51812	3406.56801	3406.41146	3406.25385	3406.08858	
12.52825	3406.62729	3406.46382	3406.31313	3406.14093	
12.53838	3406.68722	3406.53363	3406.37306	3406.20202	
12.5487	3406.74889	3406.58599	3406.43473	3406.26311	
12.55878	3406.8097	3406.64708	3406.49554	3406.31547	
12.56879	3406.87071	3406.70817	3406.55655	3406.37655	
12.57912	3406.93432	3406.76925	3406.62016	3406.42891	
12.5892	3406.99702	3406.82161	3406.68286	3406.49	
12.60718	3407.11121	3406.8827	3406.79705	3406.55109	
12.61176	3407.14026	3406.96124	3406.82611	3406.62963	
12.62189	3407.20526	3407.02233	3406.8911	3406.69071	
12.63204	3407.27093	3407.09214	3406.95677	3406.76053	
12.64229	3407.33793	3407.1445	3407.02377	3406.82161	
12.65231	3407.40406	3407.21431	3407.0899	3406.8827	
12.66243	3407.47141	3407.2754	3407.15725	3406.95251	
12.67259	3407.5397	3407.33649	3407.22554	3407.02233	
12.68279	3407.60889	3407.4063	3407.29473	3407.08341	
12.69308	3407.67924	3407.47611	3407.36508	3407.15323	
12.70307	3407.7482	3407.54593	3407.43404	3407.21431	
12.71338	3407.82004	3407.61574	3407.50588	3407.28413	
12.72342	3407.89056	3407.68555	3407.5764	3407.36267	
12.73365	3407.96304	3407.75536	3407.64888	3407.43248	
12.74364	3408.03439	3407.8339	3407.72023	3407.50229	
12.75392	3408.10849	3407.90372	3407.79433	3407.5721	
12.76413	3408.18272	3407.98226	3407.86856	3407.65064	
12.77412	3408.25589	3408.05207	3407.94174	3407.72046	
12.78434	3408.33139	3408.13061	3408.01723	3407.799	
12.79451	3408.40718	3408.20915	3408.09302	3407.87754	
12.80468	3408.48361	3408.27896	3408.16945	3407.94735	
12.81494	3408.56127	3408.3575	3408.24711	3408.01716	
12.82506	3408.6386	3408.43604	3408.32445	3408.0957	
12.83522	3408.71676	3408.51458	3408.4026	3408.17424	
12.84521	3408.79419	3408.59312	3408.48003	3408.26151	
12.85534	3408.87334	3408.68039	3408.55918	3408.33132	
12.86576	3408.95546	3408.75893	3408.6413	3408.41859	
12.87564	3409.03385	3408.83747	3408.7197	3408.49713	
12.88597	3409.11653	3408.91601	3408.80237	3408.57567	
12.89591	3409.19665	3408.99455	3408.88249	3408.66294	
12.90729	3409.28919	3409.08181	3408.97503	3408.7502	
12.91634	3409.36313	3409.16035	3409.04897	3408.82874	
12.94505	3409.60466	3409.24762	3409.2905	3408.91601	
12.94966	3409.64316	3409.43961	3409.329	3409.11672	
12.95978	3409.72856	3409.52687	3409.4144	3409.20399	
12.96995	3409.81504	3409.60541	3409.50088	3409.29125	
12.98005	3409.90159	3409.70141	3409.58743	3409.37852	
12.99031	3409.99006	3409.78867	3409.6759	3409.46579	
13.00033	3410.07705	3409.88467	3409.76289	3409.55305	
13.01047	3410.16577	3409.96321	3409.85161	3409.64905	
13.02066	3410.25551	3410.0592	3409.94135	3409.73631	
13.03088	3410.34618	3410.14647	3410.03202	3409.83231	
13.04093	3410.4359	3410.23373	3410.12174	3409.91957	
13.05114	3410.52767	3410.321	3410.21352	3410.00684	
13.06131	3410.61978	3410.41699	3410.30562	3410.11156	
13.0715	3410.71259	3410.51298	3410.39843	3410.19883	
13.08162	3410.80541	3410.60025	3410.49125	3410.29482	
13.09179	3410.89935	3410.69624	3410.58519	3410.39081	
13.10178	3410.99214	3410.79224	3410.67798	3410.4868	
13.11202	3411.08806	3410.88823	3410.7739	3410.5828	
13.1221	3411.18287	3410.98422	3410.86871	3410.67879	
13.13233	3411.27986	3411.07149	3410.9657	3410.77478	
13.1424	3411.37597	3411.17621	3411.06181	3410.8795	
13.15264	3411.47422	3411.2722	3411.16006	3410.9755	
13.16268	3411.57125	3411.3682	3411.25709	3411.07149	
13.17282	3411.6698	3411.45546	3411.35564	3411.17621	
13.18306	3411.76997	3411.56018	3411.45581	3411.2722	
13.19309	3411.86862	3411.65618	3411.55446	3411.3682	
13.20328	3411.96953	3411.75217	3411.65538	3411.47292	
13.21349	3412.07133	3411.84816	3411.75717	3411.57764	
13.22366	3412.17324	3411.95288	3411.85908	3411.67363	
13.23381	3412.27566	3412.04887	3411.9615	3411.77835	
13.24386	3412.37762	3412.15359	3412.06346	3411.88307	
13.25395	3412.4806	3412.25831	3412.16644	3411.97906	
13.26494	3412.59357	3412.37176	3412.27941	3412.09251	
13.27512	3412.69873	3412.47648	3412.38458	3412.19723	
13.28516	3412.80313	3412.5812	3412.48897	3412.30195	
13.29532	3412.9093	3412.69465	3412.59514	3412.40667	
13.31325	3413.09914	3412.80809	3412.78498	3412.50266	
13.31794	3413.14866	3412.93899	3412.8345	3412.63356	
13.32806	3413.25659	3413.05244	3412.94243	3412.73828	
13.33827	3413.36588	3413.16589	3413.05172	3412.843	
13.34835	3413.47445	3413.2706	3413.16029	3412.94772	
13.35849	3413.58432	3413.37532	3413.27016	3413.05244	
13.36867	3413.69532	3413.48877	3413.38116	3413.15716	
13.37867	3413.80484	3413.60222	3413.49068	3413.2706	
13.38882	3413.91667	3413.70694	3413.60252	3413.38405	
13.39895	3414.02893	3413.81166	3413.71477	3413.4975	
13.4091	3414.14198	3413.9251	3413.82782	3413.60222	
13.41937	3414.25695	3414.03855	3413.94279	3413.71566	
13.42953	3414.37138	3414.14327	3414.05723	3413.82911	
13.43964	3414.48576	3414.25672	3414.1716	3413.94256	
13.44982	3414.60175	3414.37016	3414.28759	3414.056	
13.45998	3414.71797	3414.48361	3414.40381	3414.16945	
13.46994	3414.83249	3414.59706	3414.51833	3414.2829	
13.48019	3414.95108	3414.7105	3414.63692	3414.40507	
13.49033	3415.06901	3414.83267	3414.75485	3414.50979	
13.5006	3415.18906	3414.94612	3414.8749	3414.63196	
13.51052	3415.30554	3415.06829	3414.99138	3414.75413	
13.52077	3415.42655	3415.18174	3415.11239	3414.86758	
13.53103	3415.54837	3415.29519	3415.23421	3414.98975	
13.54115	3415.66906	3415.41736	3415.3549	3415.1032	
13.55115	3415.78892	3415.53953	3415.47476	3415.22537	
13.56142	3415.91226	3415.65298	3415.5981	3415.34755	
13.57145	3416.03252	3415.77515	3415.71836	3415.46972	
13.5817	3416.15555	3415.8886	3415.84139	3415.59189	
13.59178	3416.27648	3416.0195	3415.96232	3415.72279	
13.602	3416.3991	3416.13294	3416.08494	3415.84497	
13.61207	3416.52007	3416.26384	3416.20591	3415.97587	
13.6221	3416.64032	3416.37729	3416.32616	3416.09804	
13.63234	3416.76326	3416.50819	3416.4491	3416.22021	
13.64249	3416.885	3416.63036	3416.57084	3416.35984	
13.65254	3417.0056	3416.75254	3416.69144	3416.48201	
13.66283	3417.12909	3416.87471	3416.81494	3416.60418	
13.67287	3417.24955	3417.00561	3416.93539	3416.74381	
13.68316	3417.37309	3417.12778	3417.05893	3416.86598	
13.69312	3417.49263	3417.24996	3417.17848	3416.99688	
13.70337	3417.61563	3417.38086	3417.30148	3417.12778	
13.71355	3417.73782	3417.51176	3417.42366	3417.24996	
13.72355	3417.85781	3417.63393	3417.54365	3417.38086	
13.73379	3417.98067	3417.7561	3417.66652	3417.51176	
13.74394	3418.10246	3417.887	3417.7883	3417.63393	
13.75414	3418.22485	3418.0179	3417.91069	3417.7561	
13.76445	3418.34858	3418.14007	3418.03442	3417.887	
13.77441	3418.46804	3418.26225	3418.15388	3418.0179	
13.78495	3418.59464	3418.39315	3418.28048	3418.14007	
13.79455	3418.70972	3418.52405	3418.39556	3418.26225	
13.80486	3418.83348	3418.64622	3418.51932	3418.39315	
13.81499	3418.95503	3418.77712	3418.64087	3418.51532	
13.82511	3419.07653	3418.90802	3418.76237	3418.63749	
13.83522	3419.19775	3419.03019	3418.88359	3418.76839	
13.85326	3419.4143	3419.16109	3419.10014	3418.88184	
13.85786	3419.46956	3419.30944	3419.1554	3419.03892	
13.86802	3419.59145	3419.44034	3419.27729	3419.15236	
13.87824	3419.71406	3419.56252	3419.3999	3419.28326	
13.88836	3419.8355	3419.68469	3419.52134	3419.39671	
13.89851	3419.95733	3419.80686	3419.64317	3419.51888	
13.90855	3420.07777	3419.93776	3419.76361	3419.64106	
13.91882	3420.20099	3420.05994	3419.88683	3419.76323	
13.92897	3420.32285	3420.18211	3420.00869	3419.8854	
13.93916	3420.44511	3420.30428	3420.13096	3420.00758	
13.94909	3420.56423	3420.42645	3420.25007	3420.12975	
13.95934	3420.68724	3420.54863	3420.37308	3420.2432	
13.96938	3420.80778	3420.6708	3420.49362	3420.3741	
13.97958	3420.93008	3420.79297	3420.61592	3420.48754	
13.98965	3421.05101	3420.91515	3420.73685	3420.61844	
13.9999	3421.17397	3421.03732	3420.85981	3420.73189	
14.00995	3421.29459	3421.15949	3420.98044	3420.85406	
14.02019	3421.41743	3421.28167	3421.10327	3420.97623	
14.03032	3421.53905	3421.40384	3421.22489	3421.09841	
14.04046	3421.66065	3421.52601	3421.3465	3421.21185	
14.0506	3421.78147	3421.64819	3421.46731	3421.34275	
14.06068	3421.90085	3421.76163	3421.58669	3421.4562	
14.07088	3422.02112	3421.8838	3421.70696	3421.57837	
14.08107	3422.14066	3421.99725	3421.8265	3421.70055	
14.09124	3422.25927	3422.12815	3421.94511	3421.83144	
14.10131	3422.37616	3422.2416	3422.062	3421.94489	
14.11148	3422.49365	3422.36377	3422.17949	3422.07579	
14.12159	3422.60973	3422.48594	3422.29557	3422.18924	
14.13175	3422.72577	3422.59939	3422.41161	3422.32014	
14.1419	3422.84125	3422.72156	3422.52709	3422.43358	
14.1519	3422.95428	3422.83501	3422.64012	3422.56448	
14.16207	3423.06851	3422.95718	3422.75435	3422.67793	
14.17233	3423.18336	3423.07063	3422.8692	3422.8001	
14.18237	3423.29507	3423.18408	3422.98091	3422.92228	
14.19261	3423.40825	3423.30625	3423.09409	3423.03572	
14.20273	3423.51969	3423.41969	3423.20553	3423.1579	
14.2128	3423.62983	3423.53314	3423.31567	3423.27134	
14.22302	3423.74113	3423.64659	3423.42697	3423.39351	
14.2332	3423.85128	3423.76003	3423.53712	3423.50696	
14.24335	3423.9604	3423.87348	3423.64624	3423.62041	
14.25349	3424.06893	3423.98693	3423.75477	3423.73385	
14.2656	3424.19762	3424.09165	3423.88346	3423.85603	
14.27376	3424.28402	3424.20509	3423.96986	3423.96947	
14.28391	3424.39075	3424.31854	3424.07659	3424.07419	
14.29393	3424.49562	3424.42326	3424.18146	3424.17891	
14.30417	3424.60204	3424.53671	3424.28788	3424.29236	
14.31434	3424.70723	3424.65015	3424.39307	3424.39708	
14.32434	3424.80995	3424.75487	3424.49579	3424.51053	
14.33458	3424.91462	3424.86832	3424.60046	3424.61525	
14.34475	3425.01793	3424.98176	3424.70377	3424.71996	
14.35488	3425.12017	3425.08648	3424.80602	3424.81596	
14.36497	3425.22151	3425.1912	3424.90735	3424.92068	
14.37516	3425.32313	3425.29592	3425.00897	3425.0254	
14.38531	3425.42375	3425.40064	3425.10959	3425.12139	
14.39555	3425.5247	3425.50536	3425.21054	3425.22611	
14.40552	3425.62237	3425.61008	3425.30821	3425.33083	
14.41579	3425.72234	3425.70608	3425.40818	3425.42682	
14.42599	3425.82097	3425.80207	3425.50681	3425.52282	
14.43629	3425.92003	3425.90679	3425.60587	3425.61008	
14.44619	3426.01459	3426.00278	3425.70043	3425.7148	
14.45636	3426.11115	3426.09877	3425.797	3425.80207	
14.46646	3426.20644	3426.18604	3425.89228	3425.89806	
14.47659	3426.30137	3426.29076	3425.98721	3425.99406	
14.48674	3426.39588	3426.37803	3426.08172	3426.08132	
14.49703	3426.49113	3426.47402	3426.17697	3426.16859	
14.50693	3426.58221	3426.57001	3426.26805	3426.27331	
14.5172	3426.67586	3426.66601	3426.3617	3426.36057	
14.52717	3426.76632	3426.75327	3426.45216	3426.44784	
14.53742	3426.85876	3426.84927	3426.5446	3426.54383	
14.54749	3426.94884	3426.94526	3426.63469	3426.62237	
14.55769	3427.0396	3427.03253	3426.72544	3426.72709	
14.56783	3427.12911	3427.12852	3426.81495	3426.80563	
14.57798	3427.21816	3427.20706	3426.904	3426.90163	
14.58798	3427.30524	3427.30305	3426.99108	3426.98889	
14.59828	3427.39433	3427.39032	3427.08017	3427.07616	
14.60828	3427.48026	3427.47759	3427.16611	3427.16343	
14.61855	3427.56781	3427.55612	3427.25365	3427.25069	
14.62858	3427.65282	3427.64339	3427.33866	3427.32923	
14.63884	3427.73912	3427.72193	3427.42496	3427.42523	
14.64894	3427.82344	3427.8092	3427.50928	3427.50377	
14.65896	3427.90649	3427.89646	3427.59233	3427.59976	
14.66923	3427.99102	3427.96628	3427.67686	3427.6783	
14.67936	3428.07372	3428.05354	3427.75956	3427.76556	
14.68954	3428.15628	3428.14081	3427.84212	3427.8441	
14.69963	3428.23751	3428.21062	3427.92335	3427.93137	
14.70968	3428.31787	3428.29789	3428.00371	3428.01864	
14.71993	3428.3991	3428.37643	3428.08494	3428.09718	
14.72998	3428.47818	3428.45497	3428.16402	3428.17572	
14.7401	3428.55714	3428.53351	3428.24298	3428.26298	
14.75021	3428.63554	3428.61205	3428.32138	3428.34152	
14.76053	3428.71483	3428.69059	3428.40067	3428.42006	
14.77062	3428.79179	3428.76913	3428.47763	3428.4986	
14.7886	3428.9266	3428.90003	3428.61244	3428.63823	
14.79328	3428.96174	3428.93493	3428.64758	3428.67314	
14.80349	3429.03766	3429.01347	3428.7235	3428.75168	
14.81348	3429.11134	3429.08329	3428.79718	3428.82149	
14.82373	3429.18632	3429.1531	3428.87216	3428.90003	
14.8339	3429.26004	3429.23164	3428.94588	3428.97857	
14.84408	3429.33331	3429.31018	3429.01915	3429.05711	
14.85419	3429.40541	3429.37999	3429.09126	3429.12692	
14.86444	3429.47794	3429.44981	3429.16378	3429.20546	
14.87434	3429.54732	3429.52835	3429.23316	3429.27527	
14.88459	3429.61858	3429.59816	3429.30442	3429.34509	
14.89476	3429.68868	3429.66797	3429.37452	3429.4149	
14.90637	3429.76968	3429.73779	3429.45553	3429.48471	
14.91493	3429.82589	3429.81633	3429.51173	3429.55453	
14.92515	3429.89448	3429.87741	3429.58032	3429.62434	
14.9353	3429.96196	3429.94723	3429.6478	3429.69415	
14.9455	3430.02926	3430.01704	3429.7151	3429.76397	
14.95566	3430.09559	3430.07813	3429.78143	3429.82505	
14.96563	3430.16012	3430.14794	3429.84596	3429.88614	
14.97585	3430.22568	3430.20903	3429.91152	3429.95595	
14.98607	3430.29061	3430.27011	3429.97645	3430.01704	
14.99601	3430.35317	3430.33993	3430.03901	3430.07813	
15.00631	3430.41739	3430.40101	3430.10323	3430.14794	
15.01643	3430.47991	3430.4621	3430.16575	3430.20903	
15.02657	3430.54183	3430.52318	3430.22767	3430.27011	
15.03661	3430.60268	3430.58427	3430.28852	3430.3312	
15.04672	3430.66323	3430.65408	3430.34907	3430.39228	
15.05698	3430.72413	3430.70644	3430.40997	3430.45337	
15.06722	3430.7843	3430.76753	3430.47014	3430.51446	
15.07725	3430.84258	3430.82862	3430.52842	3430.56682	
15.08738	3430.90091	3430.8897	3430.58675	3430.6279	
15.09752	3430.95862	3430.95079	3430.64446	3430.68026	
15.10762	3431.01556	3431.00315	3430.7014	3430.74135	
15.11781	3431.07238	3431.06424	3430.75822	3430.79371	
15.12785	3431.12781	3431.12532	3430.81365	3430.84607	
15.13801	3431.1832	3431.17768	3430.86904	3430.89843	
15.14823	3431.23836	3431.23877	3430.92421	3430.95079	
15.15836	3431.29242	3431.29113	3430.97826	3431.00315	
15.16849	3431.34587	3431.35222	3431.03171	3431.05551	
15.17864	3431.39881	3431.40458	3431.08465	3431.09914	
15.1887	3431.45073	3431.45694	3431.13657	3431.1515	
15.19878	3431.50215	3431.5093	3431.18799	3431.20386	
15.20892	3431.55325	3431.56166	3431.23909	3431.25622	
15.21908	3431.60385	3431.61402	3431.28969	3431.29986	
15.22937	3431.65446	3431.66638	3431.34031	3431.35222	
15.2395	3431.70367	3431.71001	3431.38951	3431.40458	
15.24947	3431.75156	3431.76237	3431.4374	3431.44821	
15.25962	3431.79967	3431.806	3431.48551	3431.49184	
15.26976	3431.84718	3431.84963	3431.53302	3431.5442	
15.2799	3431.89404	3431.90199	3431.57988	3431.58784	
15.29005	3431.94035	3431.94563	3431.62619	3431.63147	
15.30017	3431.98591	3431.98053	3431.67175	3431.68383	
15.31033	3432.03106	3432.03289	3431.7169	3431.71874	
15.32044	3432.07538	3432.07653	3431.76122	3431.7711	
15.33059	3432.11933	3432.12016	3431.80517	3431.81473	
15.34081	3432.16288	3432.15507	3431.84872	3431.85836	
15.35088	3432.20524	3432.1987	3431.89109	3431.89327	
15.36102	3432.24731	3432.24233	3431.93315	3431.9369	
15.37124	3432.28912	3432.28597	3431.97496	3431.98053	
15.38129	3432.32957	3432.3296	3432.01541	3432.01544	
15.39144	3432.36986	3432.36451	3432.0557	3432.05907	
15.40158	3432.40953	3432.39941	3432.09537	3432.10271	
15.41171	3432.44854	3432.44305	3432.13438	3432.13761	
15.42186	3432.48702	3432.48668	3432.17286	3432.17252	
15.432	3432.52487	3432.52159	3432.21071	3432.20743	
15.44218	3432.56229	3432.55649	3432.24813	3432.24233	
15.4523	3432.59883	3432.60013	3432.28467	3432.27724	
15.46243	3432.63487	3432.63503	3432.32071	3432.31215	
15.47257	3432.67032	3432.66994	3432.35616	3432.34705	
15.48271	3432.70517	3432.71357	3432.39101	3432.38196	
15.49288	3432.73955	3432.74848	3432.42539	3432.41687	
15.50311	3432.7735	3432.78339	3432.45934	3432.45177	
15.51314	3432.80621	3432.81829	3432.49205	3432.48668	
15.52334	3432.83886	3432.8532	3432.5247	3432.52159	
15.53341	3432.87052	3432.88811	3432.55636	3432.55649	
15.54358	3432.90188	3432.92301	3432.58772	3432.5914	
15.55372	3432.93257	3432.95792	3432.61842	3432.61758	
15.56388	3432.96271	3432.9841	3432.64855	3432.65249	
15.57401	3432.99218	3433.01901	3432.67802	3432.67867	
15.58416	3433.0211	3433.04519	3432.70694	3432.70485	
15.59435	3433.04952	3433.07137	3432.73536	3432.73103	
15.60444	3433.07711	3433.09755	3432.76295	3432.76593	
15.61456	3433.10418	3433.13245	3432.79002	3432.79211	
15.62475	3433.13082	3433.15863	3432.81666	3432.81829	
15.63484	3433.15664	3433.18481	3432.84248	3432.84447	
15.64502	3433.18209	3433.20227	3432.86793	3432.87065	
15.65514	3433.20678	3433.23717	3432.89262	3432.89683	
15.66528	3433.23094	3433.26335	3432.91678	3432.92301	
15.67553	3433.25477	3433.28953	3432.94061	3432.94919	
15.68561	3433.27761	3433.30698	3432.96345	3432.97537	
15.6957	3433.29992	3433.33316	3432.98576	3433.00155	
15.70586	3433.32177	3433.35934	3433.00761	3433.01901	
15.71597	3433.34294	3433.3768	3433.02878	3433.04519	
15.72612	3433.36359	3433.40298	3433.04943	3433.06264	
15.73623	3433.38359	3433.42043	3433.06943	3433.08009	
15.7464	3433.40314	3433.44661	3433.08898	3433.10627	
15.75657	3433.42208	3433.46406	3433.10792	3433.12373	
15.76667	3433.44034	3433.48152	3433.12618	3433.14118	
15.77685	3433.45815	3433.49024	3433.14399	3433.15863	
15.78704	3433.47538	3433.5077	3433.16122	3433.17609	
15.79711	3433.49185	3433.52515	3433.17769	3433.18481	
15.80752	3433.50827	3433.5426	3433.19411	3433.20227	
15.81765	3433.52366	3433.55133	3433.2095	3433.21972	
15.82779	3433.53851	3433.56878	3433.22435	3433.23717	
15.83791	3433.55276	3433.57751	3433.2386	3433.2459	
15.84806	3433.56647	3433.58624	3433.25231	3433.25462	
15.85822	3433.57964	3433.59496	3433.26548	3433.26335	
15.86835	3433.5922	3433.60369	3433.27804	3433.27208	
15.87848	3433.6042	3433.62114	3433.29004	3433.28953	
15.88862	3433.61565	3433.62114	3433.30149	3433.28953	
15.89876	3433.62655	3433.62987	3433.31239	3433.29826	
15.90891	3433.63691	3433.6386	3433.32275	3433.30698	
15.91903	3433.64668	3433.6386	3433.33252	3433.30698	
15.92918	3433.65593	3433.64732	3433.34177	3433.31571	
15.93939	3433.66468	3433.64732	3433.35052	3433.32444	
15.94943	3433.67277	3433.64732	3433.35861	3433.32444	
15.95961	3433.68041	3433.64732	3433.36626	3433.32444	
15.96972	3433.68749	3433.64732	3433.37333	3433.32444	
15.97985	3433.69405	3433.64732	3433.37989	3433.32444	
15.98999	3433.70011	3433.64732	3433.38595	3433.32444	
16.00013	3433.70565	3433.64732	3433.39149	3433.32444	
16.01028	3433.7107	3433.64732	3433.39654	3433.32444	
16.02041	3433.71524	3433.64732	3433.40108	3433.32444	
16.03055	3433.71931	3433.64732	3433.40515	3433.32444	
16.04068	3433.72291	3433.64732	3433.40875	3433.32444	
16.05082	3433.72605	3433.64732	3433.41189	3433.32444	
16.06101	3433.72877	3433.64732	3433.41461	3433.32444	
16.07113	3433.73106	3433.64732	3433.4169	3433.32444	
16.08127	3433.73297	3433.64732	3433.41881	3433.32444	
16.09145	3433.73452	3433.64732	3433.42036	3433.32444	
16.10155	3433.7389	3433.64732	3433.42474	3433.32444	
16.1117	3433.7389	3433.64732	3433.42474	3433.32444	
16.12186	3433.7389	3433.64732	3433.42474	3433.32444	
16.13197	3433.7389	3433.64732	3433.42474	3433.32444	
16.14211	3433.7389	3433.64732	3433.42474	3433.32444	
16.15224	3433.7389	3433.64732	3433.42474	3433.32444	
16.16238	3433.7389	3433.64732	3433.42474	3433.32444	
16.17256	3433.7389	3433.64732	3433.42474	3433.32444	
16.18266	3433.7389	3433.64732	3433.42474	3433.32444	
16.19282	3433.7389	3433.64732	3433.42474	3433.32444	
16.20301	3433.7389	3433.64732	3433.42474	3433.32444	
16.21311	3433.7389	3433.64732	3433.42474	3433.32444	
16.22325	3433.7389	3433.64732	3433.42474	3433.32444	
16.23339	3433.7389	3433.64732	3433.42474	3433.32444	
16.24356	3433.7389	3433.64732	3433.42474	3433.32444	
16.25367	3433.7389	3433.64732	3433.42474	3433.32444	
16.26381	3433.7389	3433.64732	3433.42474	3433.32444	
16.27414	3433.7389	3433.64732	3433.42474	3433.32444	
16.28421	3433.7389	3433.64732	3433.42474	3433.32444	
16.29437	3433.7389	3433.64732	3433.42474	3433.32444	
16.3048	3433.7389	3433.64732	3433.42474	3433.32444	
16.31458	3433.7389	3433.64732	3433.42474	3433.32444	
16.32473	3433.7389	3433.64732	3433.42474	3433.32444	
16.33484	3433.7389	3433.64732	3433.42474	3433.32444	
16.345	3433.7389	3433.64732	3433.42474	3433.32444	
16.35514	3433.7389	3433.64732	3433.42474	3433.33316	
16.3653	3433.7389	3433.64732	3433.42474	3433.33316	
16.3755	3433.7389	3433.65605	3433.42474	3433.33316	
16.38562	3433.7389	3433.65605	3433.42474	3433.33316	
16.39579	3433.7389	3433.65605	3433.42474	3433.34189	
16.40584	3433.7389	3433.65605	3433.42474	3433.34189	
16.41598	3433.7389	3433.65605	3433.42474	3433.34189	
16.42615	3433.7389	3433.65605	3433.42474	3433.35062	
16.43627	3433.7389	3433.65605	3433.42474	3433.35062	
16.4464	3433.7389	3433.65605	3433.42474	3433.35934	
16.45654	3433.7389	3433.65605	3433.42474	3433.35934	
16.46668	3433.7389	3433.65605	3433.42474	3433.36807	
16.47692	3433.7389	3433.65605	3433.42474	3433.3768	
16.48705	3433.7389	3433.65605	3433.42474	3433.38552	
16.49715	3433.7389	3433.66478	3433.42474	3433.39425	
16.50734	3433.7389	3433.6735	3433.42474	3433.39425	
16.5174	3433.7389	3433.6735	3433.42474	3433.40298	
16.52755	3433.7389	3433.6735	3433.42474	3433.4117	
16.53769	3433.7389	3433.6735	3433.42474	3433.42043	
16.54783	3433.7389	3433.68223	3433.42474	3433.42916	
16.55797	3433.7389	3433.68223	3433.42474	3433.42916	
16.56808	3433.7389	3433.69096	3433.42474	3433.43788	
16.57826	3433.7389	3433.69096	3433.42474	3433.43788	
16.58839	3433.7389	3433.69968	3433.42474	3433.44661	
16.5985	3433.7389	3433.70841	3433.42474	3433.44661	
16.6087	3433.7389	3433.70841	3433.42474	3433.44661	
16.61883	3433.7389	3433.72586	3433.42474	3433.44661	
16.629	3433.7389	3433.72586	3433.42474	3433.43788	
16.63911	3433.7389	3433.73459	3433.42474	3433.43788	
16.64924	3433.7389	3433.74332	3433.42474	3433.42916	
16.65945	3433.7389	3433.74332	3433.42474	3433.42916	
16.66953	3433.7389	3433.75204	3433.42474	3433.42916	
16.67967	3433.7389	3433.76077	3433.42474	3433.42043	
16.68981	3433.7389	3433.76077	3433.42474	3433.42043	
16.69994	3433.7389	3433.76077	3433.42474	3433.42043	
16.71007	3433.7389	3433.76077	3433.42474	3433.4117	
16.7202	3433.7389	3433.76077	3433.42474	3433.4117	
16.73036	3433.7389	3433.75204	3433.42474	3433.4117	
16.74049	3433.7389	3433.74332	3433.42474	3433.42043	
16.75072	3433.7389	3433.74332	3433.42474	3433.42043	
16.76084	3433.7389	3433.74332	3433.42474	3433.42043	
16.77099	3433.7389	3433.73459	3433.42474	3433.42043	
16.78111	3433.7389	3433.72586	3433.42474	3433.42043	
16.79125	3433.7389	3433.72586	3433.42474	3433.42043	
16.80141	3433.7389	3433.72586	3433.42474	3433.42043	
16.81159	3433.7389	3433.72586	3433.42474	3433.42043	
16.82169	3433.7389	3433.72586	3433.42474	3433.42043	
16.83183	3433.7389	3433.72586	3433.42474	3433.42043	
16.842	3433.7389	3433.72586	3433.42474	3433.42043	
16.8521	3433.7389	3433.72586	3433.42474	3433.42043	
16.86224	3433.7389	3433.72586	3433.42474	3433.42043	
16.87239	3433.7389	3433.72586	3433.42474	3433.42043	
16.88252	3433.7389	3433.73459	3433.42474	3433.42043	
16.89267	3433.7389	3433.73459	3433.42474	3433.42043	
16.90282	3433.7389	3433.73459	3433.42474	3433.42043	
16.91302	3433.7389	3433.73459	3433.42474	3433.42043	
16.92311	3433.7389	3433.73459	3433.42474	3433.42043	
16.93326	3433.7389	3433.72586	3433.42474	3433.42043	
16.94339	3433.7389	3433.72586	3433.42474	3433.42043	
16.95355	3433.7389	3433.72586	3433.42474	3433.42043	
16.96369	3433.7389	3433.72586	3433.42474	3433.42043	
16.97382	3433.7389	3433.72586	3433.42474	3433.42043	
16.98397	3433.7389	3433.72586	3433.42474	3433.42043	
16.99419	3433.7389	3433.72586	3433.42474	3433.42043	
17.00435	3433.7389	3433.72586	3433.42474	3433.42043	
17.01441	3433.7389	3433.72586	3433.42474	3433.42043	
17.02456	3433.7389	3433.72586	3433.42474	3433.42043	
17.03472	3433.7389	3433.72586	3433.42474	3433.42043	
17.04492	3433.7389	3433.72586	3433.42474	3433.42043	
17.05501	3433.7389	3433.72586	3433.42474	3433.42043	
17.06514	3433.7389	3433.72586	3433.42474	3433.42043	
17.07534	3433.7389	3433.72586	3433.42474	3433.42043	
17.08549	3433.7389	3433.72586	3433.42474	3433.42043	
17.09562	3433.7389	3433.72586	3433.42474	3433.42043	
17.10571	3433.7389	3433.72586	3433.42474	3433.42043	
17.11588	3433.7389	3433.72586	3433.42474	3433.42043	
17.12601	3433.7389	3433.72586	3433.42474	3433.42043	
17.13614	3433.7389	3433.72586	3433.42474	3433.42043	
17.14632	3433.7389	3433.72586	3433.42474	3433.42043	
17.15641	3433.7389	3433.72586	3433.42474	3433.42043	
17.16655	3433.7389	3433.72586	3433.42474	3433.42043	
17.1767	3433.7389	3433.72586	3433.42474	3433.42043	
17.18685	3433.7389	3433.72586	3433.42474	3433.42043	
17.19709	3433.7389	3433.72586	3433.42474	3433.42043	
17.20713	3433.7389	3433.72586	3433.42474	3433.42916	
17.21729	3433.7389	3433.72586	3433.42474	3433.42916	
17.22749	3433.7389	3433.72586	3433.42474	3433.42916	
17.23756	3433.7389	3433.72586	3433.42474	3433.42916	
17.24771	3433.7389	3433.72586	3433.42474	3433.43788	
17.25784	3433.7389	3433.72586	3433.42474	3433.44661	
17.26852	3433.7389	3433.72586	3433.42474	3433.45534	
17.27818	3433.7389	3433.72586	3433.42474	3433.46406	
17.2883	3433.7389	3433.72586	3433.42474	3433.46406	
17.29844	3433.7389	3433.72586	3433.42474	3433.46406	
17.3086	3433.7389	3433.72586	3433.42474	3433.46406	
17.31875	3433.7389	3433.72586	3433.42474	3433.46406	
17.32889	3433.7389	3433.72586	3433.42474	3433.46406	
17.33901	3433.7389	3433.72586	3433.42474	3433.46406	
17.34915	3433.7389	3433.72586	3433.42474	3433.45534	
17.35929	3433.7389	3433.72586	3433.42474	3433.45534	
17.36943	3433.7389	3433.72586	3433.42474	3433.45534	
17.37962	3433.7389	3433.72586	3433.42474	3433.44661	
17.38971	3433.7389	3433.72586	3433.42474	3433.44661	
17.39985	3433.7389	3433.72586	3433.42474	3433.44661	
17.41002	3433.7389	3433.72586	3433.42474	3433.44661	
17.42015	3433.7389	3433.72586	3433.42474	3433.44661	
17.43027	3433.7389	3433.72586	3433.42474	3433.43788	
17.44041	3433.7389	3433.72586	3433.42474	3433.43788	
17.45055	3433.7389	3433.72586	3433.42474	3433.44661	
17.46068	3433.7389	3433.72586	3433.42474	3433.44661	
17.47082	3433.7389	3433.72586	3433.42474	3433.44661	
17.48098	3433.7389	3433.72586	3433.42474	3433.44661	
17.4911	3433.7389	3433.72586	3433.42474	3433.44661	
17.50123	3433.7389	3433.72586	3433.42474	3433.44661	
17.51139	3433.7389	3433.72586	3433.42474	3433.44661	
17.52152	3433.7389	3433.72586	3433.42474	3433.44661	
17.53172	3433.7389	3433.72586	3433.42474	3433.44661	
17.54182	3433.7389	3433.72586	3433.42474	3433.44661	
17.55195	3433.7389	3433.72586	3433.42474	3433.44661	
17.56213	3433.7389	3433.72586	3433.42474	3433.44661	
17.57224	3433.7389	3433.72586	3433.42474	3433.44661	
17.58237	3433.7389	3433.72586	3433.42474	3433.44661	
17.59252	3433.7389	3433.72586	3433.42474	3433.44661	
17.6027	3433.7389	3433.72586	3433.42474	3433.44661	
17.6129	3433.7389	3433.72586	3433.42474	3433.44661	
17.62301	3433.7389	3433.72586	3433.42474	3433.44661	
17.63315	3433.7389	3433.72586	3433.42474	3433.44661	
17.64332	3433.7389	3433.72586	3433.42474	3433.44661	
17.65343	3433.7389	3433.72586	3433.42474	3433.44661	
17.66356	3433.7389	3433.72586	3433.42474	3433.44661	
17.67371	3433.7389	3433.72586	3433.42474	3433.44661	
17.68387	3433.7389	3433.72586	3433.42474	3433.44661	
17.694	3433.7389	3433.72586	3433.42474	3433.44661	
17.70416	3433.7389	3433.72586	3433.42474	3433.44661	
17.71436	3433.7389	3433.72586	3433.42474	3433.44661	
17.72474	3433.7389	3433.72586	3433.42474	3433.44661	
17.73476	3433.7389	3433.72586	3433.42474	3433.44661	
17.74471	3433.7389	3433.72586	3433.42474	3433.44661	
17.75486	3433.7389	3433.72586	3433.42474	3433.44661	
17.76508	3433.7389	3433.72586	3433.42474	3433.44661	
17.77516	3433.7389	3433.72586	3433.42474	3433.44661	
17.78531	3433.7389	3433.72586	3433.42474	3433.44661	
17.79576	3433.7389	3433.72586	3433.42474	3433.44661	
17.80564	3433.7389	3433.72586	3433.42474	3433.43788	
17.8158	3433.7389	3433.72586	3433.42474	3433.43788	
17.82588	3433.7389	3433.72586	3433.42474	3433.44661	
17.83603	3433.7389	3433.72586	3433.42474	3433.44661	
17.84618	3433.7389	3433.72586	3433.42474	3433.44661	
17.85634	3433.7389	3433.72586	3433.42474	3433.44661	
17.86648	3433.7389	3433.72586	3433.42474	3433.44661	
17.87661	3433.7389	3433.72586	3433.42474	3433.44661	
17.88675	3433.7389	3433.72586	3433.42474	3433.44661	
17.89694	3433.7389	3433.72586	3433.42474	3433.44661	
17.90709	3433.7389	3433.72586	3433.42474	3433.44661	
17.91721	3433.7389	3433.72586	3433.42474	3433.44661	
17.92735	3433.7389	3433.72586	3433.42474	3433.44661	
17.9375	3433.7389	3433.72586	3433.42474	3433.44661	
17.94768	3433.7389	3433.72586	3433.42474	3433.44661	
17.95778	3433.7389	3433.72586	3433.42474	3433.44661	
17.96792	3433.7389	3433.72586	3433.42474	3433.44661	
17.97808	3433.7389	3433.72586	3433.42474	3433.43788	
17.9882	3433.7389	3433.72586	3433.42474	3433.43788	
17.99833	3433.7389	3433.72586	3433.42474	3433.44661	
18.00847	3433.7389	3433.72586	3433.42474	3433.44661	
18.0186	3433.7389	3433.72586	3433.42474	3433.44661	
18.02876	3433.7389	3433.72586	3433.42474	3433.44661	
18.03888	3433.7389	3433.72586	3433.42474	3433.44661	
18.04906	3433.7389	3433.72586	3433.42474	3433.44661	
18.05916	3433.7389	3433.72586	3433.42474	3433.44661	
18.0693	3433.7389	3433.72586	3433.42474	3433.44661	
18.07945	3433.7389	3433.72586	3433.42474	3433.44661	
18.08959	3433.7389	3433.72586	3433.42474	3433.44661	
18.09976	3433.7389	3433.72586	3433.42474	3433.44661	
18.10986	3433.7389	3433.72586	3433.42474	3433.44661	
18.12	3433.7389	3433.72586	3433.42474	3433.43788	
18.13018	3433.7389	3433.72586	3433.42474	3433.43788	
18.14028	3433.7389	3433.72586	3433.42474	3433.44661	
18.15047	3433.7389	3433.72586	3433.42474	3433.44661	
18.16059	3433.7389	3433.72586	3433.42474	3433.44661	
18.17072	3433.7389	3433.72586	3433.42474	3433.44661	
18.18087	3433.7389	3433.72586	3433.42474	3433.44661	
18.19098	3433.7389	3433.72586	3433.42474	3433.44661	
18.20113	3433.7389	3433.72586	3433.42474	3433.44661	
18.21127	3433.7389	3433.72586	3433.42474	3433.44661	
18.2214	3433.7389	3433.72586	3433.42474	3433.44661	
18.23154	3433.7389	3433.72586	3433.42474	3433.44661	
18.2417	3433.7389	3433.72586	3433.42474	3433.44661	
18.25187	3433.7389	3433.72586	3433.42474	3433.44661	
18.262	3433.7389	3433.72586	3433.42474	3433.43788	
18.28222	3433.7389	3433.72586	3433.42474	3433.43788	
18.28681	3433.7389	3433.72586	3433.42474	3433.44661	
18.3048	3433.7389	3433.72586	3433.42474	3433.44661	
18.30944	3433.7389	3433.72586	3433.42474	3433.44661	
18.31959	3433.7389	3433.72586	3433.42474	3433.44661	
18.32974	3433.7389	3433.72586	3433.42474	3433.44661	
18.3399	3433.7389	3433.72586	3433.42474	3433.44661	
18.35	3433.7389	3433.72586	3433.42474	3433.44661	
18.36018	3433.7389	3433.72586	3433.42474	3433.44661	
18.37032	3433.7389	3433.72586	3433.42474	3433.44661	
18.38044	3433.7389	3433.72586	3433.42474	3433.44661	
18.39058	3433.7389	3433.72586	3433.42474	3433.44661	
18.40072	3433.7389	3433.72586	3433.42474	3433.43788	
18.41087	3433.7389	3433.72586	3433.42474	3433.43788	
18.42107	3433.7389	3433.72586	3433.42474	3433.44661	
18.43112	3433.7389	3433.72586	3433.42474	3433.44661	
18.44126	3433.7389	3433.72586	3433.42474	3433.44661	
18.45145	3433.7389	3433.72586	3433.42474	3433.44661	
18.46154	3433.7389	3433.72586	3433.42474	3433.44661	
18.47171	3433.7389	3433.72586	3433.42474	3433.44661	
18.48185	3433.7389	3433.72586	3433.42474	3433.44661	
18.49203	3433.7389	3433.72586	3433.42474	3433.44661	
18.50213	3433.7389	3433.72586	3433.42474	3433.44661	
18.51228	3433.7389	3433.72586	3433.42474	3433.44661	
18.52244	3433.7389	3433.72586	3433.42474	3433.44661	
18.53256	3433.7389	3433.72586	3433.42474	3433.43788	
18.54271	3433.7389	3433.72586	3433.42474	3433.43788	
18.55285	3433.7389	3433.72586	3433.42474	3433.44661	
18.56301	3433.7389	3433.72586	3433.42474	3433.44661	
18.57317	3433.7389	3433.72586	3433.42474	3433.44661	
18.58326	3433.7389	3433.72586	3433.42474	3433.44661	
18.59342	3433.7389	3433.72586	3433.42474	3433.44661	
18.60363	3433.7389	3433.72586	3433.42474	3433.44661	
18.61369	3433.7389	3433.72586	3433.42474	3433.44661	
18.62385	3433.7389	3433.72586	3433.42474	3433.44661	
18.63398	3433.7389	3433.72586	3433.42474	3433.44661	
18.64416	3433.7389	3433.72586	3433.42474	3433.44661	
18.65433	3433.7389	3433.72586	3433.42474	3433.43788	
18.66441	3433.7389	3433.72586	3433.42474	3433.43788	
