0.5566958	539.848648	539.847791	539.080704	539.079846	
0.5669773	539.850202	539.847791	539.082257	539.079846	
0.5769358	539.852292	539.847791	539.084347	539.079846	
0.5870814	539.855044	539.847791	539.087099	539.079846	
0.5973579	539.858469	539.856518	539.090524	539.079846	
0.6075434	539.862485	539.856518	539.09454	539.079846	
0.6176279	539.867085	539.856518	539.09914	539.079846	
0.6277655	539.872293	539.865244	539.104349	539.079846	
0.637908	539.878137	539.865244	539.110192	539.079846	
0.6480635	539.884607	539.873971	539.116663	539.088573	
0.658196	539.89168	539.873971	539.123735	539.088573	
0.6685625	539.899569	539.882698	539.131624	539.097299	
0.6864627	539.915517	539.882698	539.147572	539.106026	
0.6910055	539.919505	539.900151	539.15156	539.114753	
0.701102	539.929147	539.908877	539.161202	539.123479	
0.7112635	539.93948	539.917604	539.171535	539.132206	
0.7315176	539.963154	539.926331	539.195209	539.158386	
0.7360614	539.968359	539.935057	539.200414	539.167113	
0.7462059	539.980797	539.943784	539.212852	539.175839	
0.7564024	539.993927	539.952511	539.225982	539.184566	
0.7664749	540.007495	539.961237	539.23955	539.202019	
0.7767584	540.021999	539.969964	539.254054	539.210746	
0.78696	540.036999	539.987417	539.269054	539.219472	
0.7970575	540.052458	539.996144	539.284513	539.236926	
0.807229	540.068661	540.013597	539.300716	539.245652	
0.8173565	540.085392	540.022324	539.317447	539.254379	
0.827575	540.102916	540.048504	539.334971	539.271832	
0.8377326	540.120945	540.074684	539.353	539.289286	
0.8478151	540.139453	540.092137	539.371508	539.306739	
0.8579766	540.158725	540.127044	539.39078	539.332919	
0.8681371	540.178622	540.153224	539.410677	539.359099	
0.8782487	540.199024	540.179403	539.431079	539.385279	
0.8883762	540.220078	540.205583	539.452133	539.411459	
0.8985307	540.241814	540.231763	539.473869	539.437639	
0.9087272	540.264255	540.26667	539.49631	539.463818	
0.9188957	540.287267	540.284123	539.519322	539.498725	
0.9289843	540.310692	540.310303	539.542747	539.533632	
0.9391928	540.335034	540.336483	539.56709	539.559812	
0.9492743	540.359683	540.353936	539.591738	539.585992	
0.9594318	540.385131	540.37139	539.617186	539.612171	
0.9695634	540.411124	540.406296	539.643179	539.638351	
0.9797039	540.437773	540.42375	539.669828	539.664531	
0.9898544	540.465045	540.441203	539.6971	539.690711	
1.000056	540.493088	540.476109	539.725143	539.708165	
1.010585	540.522722	540.493563	539.754777	539.743071	
1.020374	540.550817	540.528469	539.782872	539.760524	
1.030415	540.580241	540.545923	539.812296	539.786704	
1.040549	540.610569	540.580829	539.842624	539.812884	
1.050681	540.641495	540.615736	539.87355	539.839064	
1.060819	540.673062	540.650642	539.905117	539.865244	
1.070953	540.705225	540.676822	539.937281	539.882698	
1.081092	540.738039	540.703002	539.970094	539.917604	
1.091233	540.771455	540.737909	540.003511	539.943784	
1.10137	540.805496	540.764089	540.037551	539.978691	
1.119316	540.86809	540.825175	540.100145	540.039777	
1.123816	540.883744	540.842629	540.115799	540.05723	
1.13398	540.919829	540.877535	540.151884	540.092137	
1.1441	540.956396	540.912442	540.188451	540.127044	
1.154241	540.993657	540.956075	540.225712	540.170677	
1.164435	541.031752	540.999708	540.263808	540.21431	
1.174489	541.069893	541.034615	540.301948	540.26667	
1.184654	541.109105	541.078248	540.34116	540.310303	
1.194785	541.148789	541.130608	540.380844	540.353936	
1.204915	541.189093	541.174241	540.421148	540.406296	
1.215038	541.229976	541.209148	540.462031	540.44993	
1.225152	541.271439	541.261508	540.503494	540.493563	
1.235348	541.31387	541.305141	540.545925	540.537196	
1.24548	541.356648	541.348774	540.588703	540.580829	
1.255629	541.400103	541.392407	540.632158	540.615736	
1.266161	541.445899	541.436041	540.677954	540.659369	
1.276332	541.490712	541.4884	540.722767	540.703002	
1.286391	541.53564	541.523307	540.767695	540.746635	
1.296534	541.581563	541.56694	540.813618	540.790269	
1.306783	541.628628	541.610573	540.860683	540.842629	
1.32651	541.722062	541.69784	540.954118	540.929895	
1.33105	541.743474	541.715293	540.975529	540.947348	
1.341185	541.79209	541.758926	541.024145	540.999708	
1.351308	541.841244	541.80256	541.073299	541.034615	
1.361507	541.891398	541.846193	541.123453	541.086975	
1.371636	541.941826	541.898553	541.173881	541.139335	
1.381828	541.993193	541.942186	541.225248	541.182968	
1.391922	542.044669	541.994546	541.276724	541.235328	
1.402039	542.096888	542.046906	541.328943	541.278961	
1.412231	542.150108	542.090539	541.382163	541.331321	
1.422327	542.203447	542.151626	541.435502	541.383681	
1.432471	542.257647	542.203985	541.489703	541.436041	
1.442615	542.312482	542.256345	541.544537	541.497127	
1.452766	542.367945	542.317432	541.6	541.558214	
1.462879	542.423834	542.378518	541.65589	541.610573	
1.473031	542.480548	542.430878	541.712603	541.67166	
1.483176	542.537863	542.500691	541.769918	541.732747	
1.49332	542.595778	542.561778	541.827833	541.80256	
1.503484	542.65441	542.631591	541.886466	541.85492	
1.513628	542.713556	542.692678	541.945611	541.916006	
1.523757	542.773229	542.753764	542.005284	541.977093	
1.534119	542.834944	542.814851	542.066999	542.046906	
1.544029	542.894508	542.884664	542.126563	542.107992	
1.554159	542.956022	542.94575	542.188077	542.169079	
1.56439	543.018806	543.006837	542.250861	542.230165	
1.574451	543.081118	543.067923	542.313173	542.291252	
1.584583	543.14455	543.12901	542.376606	542.361065	
1.594731	543.208645	543.198823	542.4407	542.422152	
1.604849	543.273182	543.25991	542.505238	542.491965	
1.614988	543.338439	543.312269	542.570494	542.553051	
1.625161	543.404581	543.373356	542.636637	542.614138	
1.635305	543.471119	543.443169	542.703175	542.675224	
1.645402	543.537966	543.504256	542.770021	542.745037	
1.655559	543.605844	543.565342	542.837899	542.814851	
1.665708	543.674272	543.626429	542.906327	542.875937	
1.675851	543.743291	543.696242	542.975346	542.94575	
1.686011	543.813025	543.757328	543.04508	543.015564	
1.696118	543.883034	543.827142	543.115089	543.07665	
1.706275	543.953982	543.896955	543.186037	543.146463	
1.716475	544.025898	543.975495	543.257953	543.216276	
1.726599	544.097877	544.054034	543.329932	543.28609	
1.7367	544.170261	544.123848	543.402316	543.355903	
1.746848	544.243652	544.202387	543.475708	543.425716	
1.756969	544.31744	544.280927	543.549495	543.495529	
1.767131	544.392126	544.35074	543.624181	543.565342	
1.777298	544.467505	544.42928	543.69956	543.643882	
1.787424	544.543157	544.50782	543.775212	543.722422	
1.797572	544.61963	544.58636	543.851685	543.792235	
1.807705	544.696567	544.6649	543.928622	543.879502	
1.817842	544.774198	544.743439	544.006253	543.958041	
1.827983	544.852461	544.830706	544.084516	544.036581	
1.838123	544.931325	544.909246	544.16338	544.115121	
1.848281	545.010925	544.987786	544.24298	544.202387	
1.858583	545.092335	545.075052	544.32439	544.280927	
1.868655	545.172529	545.153592	544.404585	544.368194	
1.878733	545.253349	545.232132	544.485404	544.446734	
1.888885	545.335399	545.319398	544.567454	544.534	
1.899023	545.417944	545.397938	544.649999	544.621266	
1.909102	545.500624	545.485204	544.732679	544.699806	
1.919244	545.584457	545.572471	544.816512	544.787073	
1.92939	545.668908	545.651011	544.900963	544.874339	
1.939508	545.753763	545.738277	544.985818	544.961606	
1.949642	545.839362	545.816817	545.071417	545.048872	
1.959805	545.925851	545.904083	545.157906	545.127412	
1.977828	546.081542	545.99135	545.313597	545.214678	
1.982368	546.120688	546.09607	545.352743	545.319398	
1.992512	546.208989	546.183336	545.441044	545.406665	
2.002628	546.297642	546.270603	545.529697	545.493931	
2.012799	546.387417	546.357869	545.619472	545.589924	
2.022902	546.477166	546.445136	545.709221	545.677191	
2.033243	546.56976	546.541129	545.801815	545.764457	
2.043223	546.659621	546.628395	545.891676	545.86045	
2.053332	546.751287	546.724388	545.983342	545.956443	
2.063477	546.843944	546.820381	546.075999	546.04371	
2.073617	546.937108	546.907648	546.169163	546.130976	
2.083763	547.030992	547.003641	546.263047	546.235696	
2.09395	547.125831	547.099634	546.357886	546.331689	
2.104065	547.220621	547.1869	546.452677	546.418956	
2.114185	547.31613	547.282894	546.548185	546.514949	
2.124442	547.413538	547.378887	546.645593	546.610942	
2.134479	547.509407	547.47488	546.741462	546.706935	
2.144618	547.606918	547.562146	546.838973	546.794201	
2.154759	547.705066	547.666866	546.937121	546.890194	
2.164896	547.803791	547.762859	547.035846	546.986188	
2.175037	547.903143	547.858852	547.135199	547.082181	
2.185175	548.003093	547.954845	547.235148	547.178174	
2.195311	548.103658	548.050838	547.335713	547.282894	
2.205437	548.20473	548.155558	547.436785	547.378887	
2.215561	548.306396	548.260278	547.538451	547.483606	
2.225698	548.40881	548.364998	547.640865	547.588326	
2.235841	548.511902	548.460991	547.743957	547.693046	
2.246003	548.615817	548.574437	547.847872	547.797766	
2.256227	548.721027	548.679157	547.953082	547.902485	
2.266319	548.825424	548.783877	548.057479	548.015932	
2.276675	548.933225	548.888596	548.16528	548.120652	
2.28673	549.038458	548.993316	548.270513	548.225371	
2.296873	549.145254	549.098036	548.377309	548.330091	
2.307057	549.253136	549.202756	548.485192	548.443538	
2.317176	549.360922	549.307475	548.592977	548.556984	
2.327787	549.474661	549.429649	548.706716	548.67043	
2.337914	549.584086	549.543095	548.816141	548.783877	
2.348047	549.693604	549.656541	548.925659	548.888596	
2.358196	549.804164	549.761261	549.036219	549.002043	
2.368335	549.915308	549.874707	549.147364	549.115489	
2.378478	550.027081	549.988154	549.259136	549.228936	
2.388724	550.140588	550.1016	549.372643	549.342382	
2.398744	550.252231	550.215047	549.484286	549.447102	
2.408899	550.365967	550.319766	549.598022	549.569275	
2.419084	550.480719	550.441939	549.712774	549.682721	
2.429171	550.594941	550.546659	549.826996	549.796168	
2.439313	550.710405	550.660106	549.94246	549.900887	
2.449447	550.82637	550.773552	550.058425	550.014334	
2.45959	550.943113	550.886998	550.175168	550.12778	
2.46975	551.060626	551.000445	550.292681	550.2325	
2.479867	551.178266	551.122618	550.410321	550.345946	
2.490098	551.297875	551.236064	550.52993	550.459393	
2.500192	551.416465	551.358237	550.64852	550.564113	
2.510378	551.536774	551.471684	550.768829	550.677559	
2.520506	551.657012	551.593857	550.889067	550.799732	
2.530581	551.777216	551.71603	551.009271	550.913178	
2.540792	551.899756	551.84693	551.131812	551.035351	
2.550873	552.020644	551.969103	551.2527	551.157524	
2.561008	552.142276	552.100002	551.374332	551.297151	
2.571177	552.264316	552.222175	551.496372	551.419324	
2.581305	552.385864	552.344348	551.61792	551.550224	
2.599326	552.60214	552.579968	551.834196	551.785843	
2.603844	552.656332	552.632328	551.888388	551.838203	
2.614041	552.778684	552.763227	552.01074	551.969103	
2.624126	552.899704	552.8854	552.13176	552.100002	
2.634281	553.021588	553.007573	552.253644	552.230902	
2.64448	553.143952	553.138473	552.376008	552.361802	
2.654557	553.264912	553.260646	552.496968	552.483975	
2.664698	553.386592	553.382819	552.618648	552.614874	
2.674825	553.508128	553.504992	552.740184	552.745774	
2.684945	553.629556	553.635892	552.861612	552.867947	
2.695108	553.751512	553.758065	552.983568	552.99012	
2.705243	553.873096	553.871511	553.105152	553.112293	
2.715377	553.994728	553.984958	553.226784	553.234466	
2.727447	554.140528	554.107131	553.372584	553.356639	
2.735654	554.23804	554.220577	553.470096	553.461359	
2.7458	554.359804	554.334024	553.59186	553.583532	
2.755929	554.481352	554.456197	553.713408	553.696979	
2.766103	554.603428	554.569643	553.835484	553.810425	
2.776232	554.725012	554.68309	553.957068	553.932598	
2.786373	554.846668	554.805263	554.078724	554.046044	
2.796564	554.968996	554.918709	554.201052	554.159491	
2.806644	555.089896	555.032155	554.321952	554.272937	
2.816796	555.211744	555.154328	554.4438	554.39511	
2.826921	555.333244	555.276502	554.5653	554.508557	
2.837063	555.454996	555.389948	554.687052	554.63073	
2.847193	555.576508	555.512121	554.808564	554.752903	
2.85734	555.698308	555.625567	554.930364	554.866349	
2.867719	555.825652	555.756467	555.057708	554.997249	
2.877684	555.942436	555.87864	555.174492	555.110695	
2.887768	556.06342	556.00954	555.295476	555.241595	
2.897928	556.18534	556.131713	555.417396	555.363768	
2.90809	556.307344	556.253886	555.5394	555.485941	
2.918216	556.428808	556.376059	555.660864	555.616841	
2.928353	556.550464	556.498232	555.78252	555.739014	
2.938488	556.67206	556.637858	555.904116	555.869913	
2.948726	556.794952	556.760031	556.027008	556.000813	
2.958785	556.915612	556.882204	556.147668	556.122986	
2.968928	557.03734	557.013104	556.269396	556.253886	
2.979128	557.159764	557.135277	556.39182	556.376059	
2.989203	557.280676	557.266177	556.512732	556.498232	
2.999344	557.402344	557.38835	556.6344	556.611678	
3.009507	557.5243	557.510523	556.756356	556.733851	
3.019638	557.64586	557.641423	556.877916	556.847298	
3.029795	557.767756	557.763596	556.999812	556.969471	
3.040014	557.889463	557.894495	557.121518	557.091644	
3.05014	558.009441	558.016668	557.241496	557.222544	
3.060226	558.128352	558.138841	557.360407	557.33599	
3.07039	558.247518	558.261015	557.479574	557.46689	
3.080544	558.366011	558.383188	557.598067	557.589063	
3.090634	558.483107	558.496634	557.715162	557.719962	
3.100775	558.600203	558.61008	557.832258	557.833409	
3.110924	558.7168	558.732253	557.948855	557.955582	
3.121028	558.832217	558.836973	558.064272	558.069028	
3.131225	558.948142	558.941693	558.180197	558.182475	
3.141321	559.062247	559.046413	558.294303	558.295921	
3.151524	559.176962	559.151132	558.409017	558.400641	
3.161637	559.290102	559.255852	558.522158	558.505361	
3.171791	559.403042	559.369299	558.635097	558.61008	
3.181981	559.515795	559.474018	558.74785	558.7148	
3.192055	559.626609	559.587465	558.858664	558.828247	
3.202198	559.737623	559.700911	558.969678	558.932966	
3.21242	559.848876	559.814358	559.080931	559.046413	
3.22248	559.957736	559.927804	559.189791	559.151132	
3.232597	560.06657	560.04125	559.298625	559.273306	
3.242747	560.17524	560.14597	559.407296	559.378025	
3.252908	560.283329	560.268143	559.515384	559.491472	
3.263015	560.390258	560.372863	559.622313	559.604918	
3.273139	560.496766	560.477583	559.728822	559.709638	
3.283303	560.60309	560.582302	559.835145	559.814358	
3.293425	560.708366	560.695749	559.940421	559.919077	
3.303575	560.813299	560.800469	560.045354	560.023797	
3.3234	561.015404	561.009908	560.247459	560.233237	
3.327934	561.06167	561.053541	560.293725	560.27687	
3.338087	561.164538	561.166988	560.396594	560.38159	
3.348227	561.266694	561.271708	560.49875	560.486309	
3.358354	561.36809	561.367701	560.600145	560.582302	
3.368545	561.469546	561.47242	560.701601	560.687022	
3.37871	561.57009	561.568413	560.802146	560.791742	
3.388798	561.66927	561.664407	560.901325	560.896462	
3.39894	561.768368	561.769126	561.000423	560.992455	
3.40907	561.866738	561.856393	561.098794	561.088448	
3.419262	561.96514	561.952386	561.197195	561.184441	
3.429389	562.062248	562.048379	561.294303	561.280434	
3.439514	562.158748	562.135645	561.390803	561.385154	
3.449637	562.2546	562.222912	561.486655	561.481147	
3.459815	562.350393	562.318905	561.582449	561.57714	
3.47782	562.517502	562.414898	561.749557	561.664407	
3.482357	562.559626	562.528345	561.791681	561.78658	
3.492571	562.653751	562.624338	561.885806	561.882573	
3.502626	562.745823	562.720331	561.977878	561.978566	
3.512771	562.838096	562.816324	562.070151	562.074559	
3.522899	562.929597	562.921044	562.161652	562.170552	
3.533157	563.021652	563.017037	562.253707	562.257819	
3.543314	563.112201	563.104303	562.344256	562.353812	
3.553409	563.201549	563.200296	562.433604	562.441078	
3.563567	563.290911	563.287563	562.522966	562.528345	
3.573683	563.379236	563.374829	562.611291	562.606884	
3.583994	563.468679	563.470822	562.700734	562.694151	
3.593986	563.554729	563.549362	562.786784	562.781417	
3.604092	563.641178	563.645355	562.873233	562.85123	
3.614229	563.727247	563.723895	562.959302	562.938497	
3.624341	563.812539	563.811162	563.044595	563.025763	
3.634512	563.897714	563.898428	563.129769	563.11303	
3.644672	563.982168	563.976968	563.214223	563.200296	
3.654786	564.065625	564.072961	563.29768	563.278836	
3.664926	564.148695	564.142774	563.38075	563.366103	
3.675096	564.231404	564.230041	563.463459	563.453369	
3.685186	564.312829	564.317307	563.544884	563.540636	
3.695345	564.394237	564.38712	563.626292	563.619175	
3.705491	564.4749	564.474387	563.706955	563.697715	
3.715629	564.554921	564.552926	563.786976	563.784982	
3.727779	564.649918	564.631466	563.881973	563.863521	
3.735905	564.713063	564.710006	563.945118	563.933335	
3.746045	564.7915	564.788546	564.023555	564.011874	
3.756154	564.86862	564.867086	564.100676	564.090414	
3.766322	564.945784	564.945626	564.177839	564.168954	
3.776431	565.021927	565.015439	564.253982	564.247494	
3.786572	565.097692	565.093979	564.329748	564.317307	
3.796765	565.173237	565.163792	564.405292	564.38712	
3.806843	565.247295	565.242332	564.47935	564.46566	
3.816985	565.321264	565.320871	564.553319	564.5442	
3.827156	565.394816	565.399411	564.626871	564.614013	
3.837327	565.467734	565.469224	564.699789	564.701279	
3.847461	565.540146	565.539038	564.772201	564.771093	
3.857598	565.611275	565.608851	564.84333	564.840906	
3.867999	565.683976	565.678664	564.916031	564.910719	
3.877899	565.752589	565.748477	564.984644	564.980532	
3.888022	565.822136	565.81829	565.054191	565.059072	
3.898155	565.891143	565.888103	565.123199	565.128885	
3.908318	565.959751	565.957917	565.191806	565.189972	
3.91843	566.027424	566.019003	565.259479	565.259785	
3.928578	566.094708	566.088816	565.326763	565.329598	
3.938737	566.161461	566.149903	565.393517	565.390685	
3.948942	566.227913	566.210989	565.459968	565.451771	
3.959024	566.292942	566.272076	565.524997	565.512858	
3.969138	566.357578	566.341889	565.589633	565.573944	
3.979332	566.422115	566.402976	565.65417	565.635031	
3.989453	566.485613	566.464062	565.717668	565.696117	
3.999572	566.548444	566.533875	565.780499	565.748477	
4.009713	566.610828	566.594962	565.842883	565.81829	
4.01988	566.672762	566.656048	565.904817	565.879377	
4.030134	566.734603	566.725861	565.966658	565.940463	
4.040593	566.797045	566.778221	566.029101	566.010276	
4.050587	566.856126	566.839308	566.088181	566.062636	
4.060481	566.914005	566.900394	566.146061	566.132449	
4.070594	566.972592	566.961481	566.204647	566.193536	
4.080737	567.030746	567.013841	566.262801	566.254623	
4.090867	567.088209	567.074927	566.320264	566.315709	
4.101011	567.14515	567.127287	566.377205	566.376796	
4.111142	567.201414	567.179647	566.433469	566.437882	
4.121279	567.257106	567.240734	566.489161	566.498969	
4.131482	567.312541	567.293093	566.544596	566.551328	
4.141614	567.366998	567.35418	566.599053	566.603688	
4.151699	567.420595	567.40654	566.65265	566.656048	
4.161831	567.473862	567.4589	566.705917	566.708408	
4.171966	567.526504	567.51126	566.758559	566.760768	
4.182163	567.578866	567.563619	566.810921	566.813128	
4.192262	567.630127	567.624706	566.862182	566.865488	
4.202407	567.681031	567.668339	566.913086	566.909121	
4.212613	567.731607	567.729426	566.963663	566.961481	
4.222666	567.780851	567.773059	567.012906	567.005114	
4.23281	567.829924	567.825419	567.061979	567.048747	
4.242943	567.878369	567.869052	567.110424	567.092381	
4.253086	567.92622	567.912685	567.158275	567.14474	
4.263253	567.973596	567.956319	567.205651	567.188374	
4.273384	568.020189	567.999952	567.252245	567.232007	
4.283501	568.066133	568.043585	567.298188	567.284367	
4.293655	568.111629	568.087218	567.343684	567.328	
4.30379	568.156444	568.122125	567.388499	567.371633	
4.314089	568.20149	568.174485	567.433546	567.423993	
4.324169	568.244733	568.218118	567.476788	567.467626	
4.334297	568.287699	568.261751	567.519755	567.51126	
4.344433	568.330111	568.314111	567.562166	567.563619	
4.354577	568.371967	568.357744	567.604022	567.598526	
4.364776	568.413411	568.401377	567.645466	567.650886	
4.374874	568.453856	568.436284	567.685911	567.694519	
4.385005	568.493845	568.488644	567.7259	567.738152	
4.395161	568.533333	568.523551	567.765389	567.773059	
4.40527	568.572029	568.567184	567.804084	567.807966	
4.4154	568.610213	568.610817	567.842268	567.842872	
4.425529	568.647789	568.645724	567.879844	567.886505	
4.435693	568.684909	568.68063	567.916964	567.921412	
4.445804	568.721227	568.715537	567.953283	567.965045	
4.455936	568.757024	568.750443	567.989079	567.999952	
4.466102	568.79247	568.78535	568.024525	568.034858	
4.476246	568.826991	568.820257	568.059046	568.069765	
4.48637	568.860965	568.855163	568.09302	568.104672	
4.496498	568.894366	568.89007	568.126421	568.139578	
4.506632	568.927187	568.924976	568.159242	568.165758	
4.51682	568.959583	568.959883	568.191638	568.191938	
4.526912	568.991081	568.986063	568.223136	568.226845	
4.53708	569.022229	569.012243	568.254284	568.253025	
4.547258	569.052787	569.038423	568.284842	568.279204	
4.55735	569.082518	569.064603	568.314574	568.296658	
4.567568	569.111999	569.099509	568.344055	568.331564	
4.577671	569.140568	569.125689	568.372623	568.349018	
4.587799	569.168618	569.151869	568.400673	568.375198	
4.597955	569.196142	569.169322	568.428197	568.401377	
4.60808	569.222999	569.204229	568.455054	568.427557	
4.618212	569.24928	569.221682	568.481335	568.453737	
4.628367	569.27504	569.247862	568.507096	568.479917	
4.638492	569.30012	569.274042	568.532175	568.506097	
4.648697	569.324803	569.308949	568.556858	568.541004	
4.658766	569.348581	569.326402	568.580636	568.567184	
4.668923	569.37198	569.352582	568.604035	568.593364	
4.679073	569.394771	569.378762	568.626826	568.610817	
4.689192	569.416908	569.404942	568.648963	568.636997	
4.699389	569.43862	569.431122	568.670675	568.663177	
4.709475	569.459523	569.448575	568.691578	568.68063	
4.719615	569.479955	569.474755	568.71201	568.698083	
4.731878	569.503746	569.500935	568.735801	568.715537	
4.739911	569.519038	569.518388	568.751093	568.741717	
4.750208	569.537996	569.535842	568.770051	568.750443	
4.760224	569.555878	569.553295	568.787933	568.776623	
4.77039	569.573444	569.570748	568.805499	568.794077	
4.780522	569.590371	569.588201	568.822426	568.81153	
4.790606	569.606647	569.605655	568.838702	568.828983	
4.800731	569.622421	569.614381	568.854476	568.846436	
4.810879	569.637656	569.623108	568.869711	568.855163	
4.821038	569.65233	569.640561	568.884385	568.872616	
4.831141	569.666362	569.649288	568.898417	568.89007	
4.841291	569.679887	569.658015	568.911942	568.898796	
4.85152	569.692943	569.666741	568.924998	568.907523	
4.861633	569.705292	569.675468	568.937347	568.924976	
4.871698	569.717024	569.684194	568.94908	568.924976	
4.881831	569.728282	569.692921	568.960337	568.924976	
4.891966	569.738986	569.701648	568.971041	568.933703	
4.902138	569.749171	569.710374	568.981226	568.933703	
4.912239	569.758738	569.727828	568.990794	568.94243	
4.922366	569.767788	569.727828	568.999843	568.94243	
4.932559	569.776344	569.745281	569.008399	568.951156	
4.94264	569.78428	569.754008	569.016335	568.959883	
4.952784	569.791725	569.762734	569.02378	568.96861	
4.962908	569.798635	569.762734	569.03069	568.977336	
4.973068	569.80504	569.771461	569.037095	568.994789	
4.983182	569.810908	569.780188	569.042963	568.994789	
4.993352	569.816296	569.788914	569.048351	569.012243	
5.003493	569.821169	569.797641	569.053224	569.020969	
5.013612	569.825547	569.797641	569.057602	569.029696	
5.023747	569.829454	569.797641	569.061509	569.038423	
5.033881	569.832898	569.806368	569.064953	569.047149	
5.044048	569.835903	569.815094	569.067958	569.055876	
5.054234	569.838481	569.815094	569.070536	569.064603	
5.064344	569.840636	569.823821	569.072691	569.064603	
5.074477	569.842417	569.823821	569.074472	569.064603	
5.084685	569.847791	569.832547	569.079846	569.064603	
5.102741	569.847791	569.832547	569.079846	569.064603	
5.10732	569.847791	569.832547	569.079846	569.064603	
5.117416	569.847791	569.832547	569.079846	569.064603	
5.127577	569.847791	569.832547	569.079846	569.064603	
5.13769	569.847791	569.832547	569.079846	569.064603	
5.147863	569.847791	569.832547	569.079846	569.064603	
5.157992	569.847791	569.832547	569.079846	569.064603	
5.168132	569.847791	569.832547	569.079846	569.064603	
5.178267	569.847791	569.832547	569.079846	569.064603	
5.188403	569.847791	569.832547	569.079846	569.064603	
5.198536	569.847791	569.832547	569.079846	569.064603	
5.208727	569.847791	569.823821	569.079846	569.064603	
5.218875	569.847791	569.823821	569.079846	569.064603	
5.228968	569.847791	569.823821	569.079846	569.064603	
5.239099	569.847791	569.832547	569.079846	569.064603	
5.249271	569.847791	569.832547	569.079846	569.064603	
5.259431	569.847791	569.832547	569.079846	569.064603	
5.269548	569.847791	569.832547	569.079846	569.064603	
5.279663	569.847791	569.832547	569.079846	569.064603	
5.289787	569.847791	569.832547	569.079846	569.064603	
5.300006	569.847791	569.832547	569.079846	569.064603	
5.320069	569.847791	569.832547	569.079846	569.064603	
5.324677	569.847791	569.823821	569.079846	569.064603	
5.334731	569.847791	569.823821	569.079846	569.064603	
5.34487	569.847791	569.823821	569.079846	569.064603	
5.355008	569.847791	569.832547	569.079846	569.064603	
5.365147	569.847791	569.832547	569.079846	569.064603	
5.375321	569.847791	569.832547	569.079846	569.064603	
5.385425	569.847791	569.832547	569.079846	569.064603	
5.395592	569.847791	569.832547	569.079846	569.064603	
5.40589	569.847791	569.832547	569.079846	569.064603	
5.415862	569.847791	569.832547	569.079846	569.064603	
5.425982	569.847791	569.832547	569.079846	569.064603	
5.436118	569.847791	569.823821	569.079846	569.064603	
5.446276	569.847791	569.823821	569.079846	569.064603	
5.456384	569.847791	569.823821	569.079846	569.064603	
5.466528	569.847791	569.832547	569.079846	569.064603	
5.476744	569.847791	569.832547	569.079846	569.064603	
5.486816	569.847791	569.832547	569.079846	569.064603	
5.496946	569.847791	569.832547	569.079846	569.064603	
5.507078	569.847791	569.832547	569.079846	569.064603	
5.517254	569.847791	569.832547	569.079846	569.064603	
5.527402	569.847791	569.832547	569.079846	569.064603	
5.537713	569.847791	569.832547	569.079846	569.064603	
5.547675	569.847791	569.823821	569.079846	569.064603	
5.557915	569.847791	569.823821	569.079846	569.064603	
5.567957	569.847791	569.823821	569.079846	569.064603	
5.578075	569.847791	569.832547	569.079846	569.064603	
5.588244	569.847791	569.832547	569.079846	569.064603	
5.598376	569.847791	569.832547	569.079846	569.064603	
5.608496	569.847791	569.832547	569.079846	569.064603	
5.618897	569.847791	569.832547	569.079846	569.064603	
5.629043	569.847791	569.832547	569.079846	569.064603	
5.639095	569.847791	569.832547	569.079846	569.064603	
5.649231	569.847791	569.832547	569.079846	569.064603	
5.659402	569.847791	569.823821	569.079846	569.064603	
5.669514	569.847791	569.823821	569.079846	569.064603	
5.679643	569.847791	569.823821	569.079846	569.064603	
5.689783	569.847791	569.832547	569.079846	569.064603	
5.700058	569.847791	569.832547	569.079846	569.064603	
5.71019	569.847791	569.832547	569.079846	569.064603	
5.720572	569.847791	569.832547	569.079846	569.064603	
5.732534	569.847791	569.832547	569.079846	569.064603	
5.740632	569.847791	569.832547	569.079846	569.064603	
5.7507	569.847791	569.832547	569.079846	569.064603	
5.760838	569.847791	569.832547	569.079846	569.064603	
5.770979	569.847791	569.823821	569.079846	569.064603	
5.781139	569.847791	569.823821	569.079846	569.064603	
5.791254	569.847791	569.823821	569.079846	569.064603	
5.80139	569.847791	569.832547	569.079846	569.064603	
5.81952	569.847791	569.832547	569.079846	569.064603	
5.824042	569.847791	569.832547	569.079846	569.064603	
5.834189	569.847791	569.832547	569.079846	569.064603	
5.844318	569.847791	569.832547	569.079846	569.064603	
5.854431	569.847791	569.832547	569.079846	569.064603	
5.864569	569.847791	569.832547	569.079846	569.064603	
5.874714	569.847791	569.832547	569.079846	569.064603	
5.884888	569.847791	569.832547	569.079846	569.064603	
5.894999	569.847791	569.823821	569.079846	569.064603	
5.905123	569.847791	569.823821	569.079846	569.064603	
5.915289	569.847791	569.823821	569.079846	569.064603	
5.925397	569.847791	569.823821	569.079846	569.064603	
5.935567	569.847791	569.832547	569.079846	569.064603	
5.945703	569.847791	569.832547	569.079846	569.064603	
5.955833	569.847791	569.832547	569.079846	569.064603	
5.96598	569.847791	569.832547	569.079846	569.064603	
5.976104	569.847791	569.832547	569.079846	569.064603	
5.986226	569.847791	569.832547	569.079846	569.064603	
5.996382	569.847791	569.832547	569.079846	569.064603	
6.00651	569.847791	569.832547	569.079846	569.064603	
6.016663	569.847791	569.832547	569.079846	569.064603	
6.02679	569.847791	569.823821	569.079846	569.064603	
6.037043	569.847791	569.823821	569.079846	569.064603	
6.047169	569.847791	569.823821	569.079846	569.064603	
6.057365	569.847791	569.823821	569.079846	569.064603	
6.067579	569.847791	569.832547	569.079846	569.064603	
6.077705	569.847791	569.832547	569.079846	569.064603	
6.087836	569.847791	569.832547	569.079846	569.064603	
6.097967	569.847791	569.832547	569.079846	569.064603	
6.108119	569.847791	569.832547	569.079846	569.064603	
6.118495	569.847791	569.832547	569.079846	569.064603	
6.128433	569.847791	569.832547	569.079846	569.064603	
6.138646	569.847791	569.832547	569.079846	569.064603	
6.148809	569.847791	569.832547	569.079846	569.064603	
6.158903	569.847791	569.823821	569.079846	569.064603	
6.168984	569.847791	569.823821	569.079846	569.064603	
6.179121	569.847791	569.823821	569.079846	569.064603	
6.189271	569.847791	569.823821	569.079846	569.064603	
6.199396	569.847791	569.832547	569.079846	569.064603	
6.209543	569.847791	569.832547	569.079846	569.064603	
6.219687	569.847791	569.832547	569.079846	569.064603	
6.229824	569.847791	569.832547	569.079846	569.064603	
6.240028	569.847791	569.832547	569.079846	569.064603	
6.250268	569.847791	569.832547	569.079846	569.064603	
6.260262	569.847791	569.832547	569.079846	569.064603	
6.270816	569.847791	569.832547	569.079846	569.064603	
6.280945	569.847791	569.832547	569.079846	569.064603	
6.291098	569.847791	569.823821	569.079846	569.064603	
6.301223	569.847791	569.823821	569.079846	569.064603	
6.311456	569.847791	569.823821	569.079846	569.064603	
6.329321	569.847791	569.832547	569.079846	569.064603	
6.33383	569.847791	569.832547	569.079846	569.064603	
6.343976	569.847791	569.832547	569.079846	569.064603	
6.35413	569.847791	569.832547	569.079846	569.064603	
6.364268	569.847791	569.832547	569.079846	569.064603	
6.374434	569.847791	569.832547	569.079846	569.064603	
6.384576	569.847791	569.823821	569.079846	569.064603	
6.394709	569.847791	569.823821	569.079846	569.064603	
6.404892	569.847791	569.823821	569.079846	569.064603	
6.414971	569.847791	569.832547	569.079846	569.064603	
6.425126	569.847791	569.832547	569.079846	569.064603	
6.435252	569.847791	569.832547	569.079846	569.064603	
6.4454	569.847791	569.832547	569.079846	569.064603	
6.455558	569.847791	569.832547	569.079846	569.064603	
6.465693	569.847791	569.832547	569.079846	569.064603	
6.475824	569.847791	569.832547	569.079846	569.064603	
6.485951	569.847791	569.823821	569.079846	569.064603	
6.496089	569.847791	569.823821	569.079846	569.064603	
6.506249	569.847791	569.823821	569.079846	569.064603	
6.516367	569.847791	569.832547	569.079846	569.064603	
6.526502	569.847791	569.832547	569.079846	569.064603	
6.53663	569.847791	569.832547	569.079846	569.064603	
6.546798	569.847791	569.832547	569.079846	569.064603	
6.565034	569.847791	569.832547	569.079846	569.064603	
6.569553	569.847791	569.832547	569.079846	569.064603	
6.579708	569.847791	569.832547	569.079846	569.064603	
6.589852	569.847791	569.832547	569.079846	569.064603	
6.600043	569.847791	569.832547	569.079846	569.064603	
6.610175	569.847791	569.832547	569.079846	569.064603	
6.620271	569.847791	569.832547	569.079846	569.064603	
6.630434	569.847791	569.832547	569.079846	569.064603	
6.640524	569.847791	569.832547	569.079846	569.064603	
6.650668	569.847791	569.832547	569.079846	569.064603	
6.660898	569.847791	569.832547	569.079846	569.064603	
6.670957	569.847791	569.832547	569.079846	569.064603	
6.681087	569.847791	569.832547	569.079846	569.064603	
6.691216	569.847791	569.832547	569.079846	569.064603	
6.701362	569.847791	569.832547	569.079846	569.064603	
6.719325	569.847791	569.832547	569.079846	569.064603	
6.723844	569.847791	569.832547	569.079846	569.064603	
6.736035	569.847791	569.832547	569.079846	569.064603	
6.744132	569.847791	569.832547	569.079846	569.064603	
6.754272	569.847791	569.832547	569.079846	569.064603	
6.764397	569.847791	569.832547	569.079846	569.064603	
6.774532	569.847791	569.832547	569.079846	569.064603	
6.784655	569.847791	569.832547	569.079846	569.064603	
6.794807	569.847791	569.832547	569.079846	569.064603	
6.804991	569.847791	569.832547	569.079846	569.064603	
6.815088	569.847791	569.832547	569.079846	569.064603	
6.825223	569.847791	569.832547	569.079846	569.064603	
6.835393	569.847791	569.832547	569.079846	569.064603	
6.845511	569.847791	569.832547	569.079846	569.064603	
6.855644	569.847791	569.832547	569.079846	569.064603	
6.865797	569.847791	569.832547	569.079846	569.064603	
6.875984	569.847791	569.832547	569.079846	569.064603	
6.886116	569.847791	569.832547	569.079846	569.064603	
6.896246	569.847791	569.832547	569.079846	569.064603	
6.906403	569.847791	569.832547	569.079846	569.064603	
6.916522	569.847791	569.832547	569.079846	569.064603	
6.926658	569.847791	569.832547	569.079846	569.064603	
6.936807	569.847791	569.832547	569.079846	569.064603	
6.946929	569.847791	569.832547	569.079846	569.064603	
6.957116	569.847791	569.832547	569.079846	569.064603	
6.967207	569.847791	569.832547	569.079846	569.064603	
6.977365	569.847791	569.832547	569.079846	569.064603	
6.987582	569.847791	569.832547	569.079846	569.064603	
6.997645	569.847791	569.832547	569.079846	569.064603	
7.007786	569.847791	569.832547	569.079846	569.064603	
7.017924	569.847791	569.832547	569.079846	569.064603	
7.028072	569.847791	569.832547	569.079846	569.064603	
7.038396	569.847791	569.832547	569.079846	569.064603	
7.048365	569.847791	569.832547	569.079846	569.064603	
7.058514	569.847791	569.832547	569.079846	569.064603	
7.068738	569.847791	569.832547	569.079846	569.064603	
7.07891	569.847791	569.832547	569.079846	569.064603	
7.088936	569.847791	569.832547	569.079846	569.064603	
7.099067	569.847791	569.832547	569.079846	569.064603	
7.109233	569.847791	569.832547	569.079846	569.064603	
7.119349	569.847791	569.832547	569.079846	569.064603	
7.12949	569.847791	569.832547	569.079846	569.064603	
7.139636	569.847791	569.832547	569.079846	569.064603	
7.149761	569.847791	569.832547	569.079846	569.064603	
7.159903	569.847791	569.832547	569.079846	569.064603	
7.170097	569.847791	569.832547	569.079846	569.064603	
7.180198	569.847791	569.832547	569.079846	569.064603	
7.190436	569.847791	569.832547	569.079846	569.064603	
7.200502	569.847791	569.832547	569.079846	569.064603	
7.210631	569.847791	569.832547	569.079846	569.064603	
7.220835	569.847791	569.832547	569.079846	569.064603	
7.230927	569.847791	569.832547	569.079846	569.064603	
7.241043	569.847791	569.832547	569.079846	569.064603	
7.251193	569.847791	569.832547	569.079846	569.064603	
7.261328	569.847791	569.832547	569.079846	569.064603	
7.271531	569.847791	569.832547	569.079846	569.064603	
7.282045	569.847791	569.832547	569.079846	569.064603	
7.292105	569.847791	569.832547	569.079846	569.064603	
7.302309	569.847791	569.832547	569.079846	569.064603	
7.321592	569.847791	569.832547	569.079846	569.064603	
7.326122	569.847791	569.832547	569.079846	569.064603	
7.336245	569.847791	569.832547	569.079846	569.064603	
7.346422	569.847791	569.832547	569.079846	569.064603	
7.356545	569.847791	569.832547	569.079846	569.064603	
7.366679	569.847791	569.832547	569.079846	569.064603	
7.376822	569.847791	569.832547	569.079846	569.064603	
7.386953	569.847791	569.832547	569.079846	569.064603	
7.397141	569.847791	569.832547	569.079846	569.064603	
7.407247	569.847791	569.832547	569.079846	569.064603	
7.417405	569.847791	569.832547	569.079846	569.064603	
7.427578	569.847791	569.832547	569.079846	569.064603	
7.437683	569.847791	569.832547	569.079846	569.064603	
7.447813	569.847791	569.832547	569.079846	569.064603	
7.457958	569.847791	569.832547	569.079846	569.064603	
7.46811	569.847791	569.832547	569.079846	569.064603	
7.478311	569.847791	569.832547	569.079846	569.064603	
7.488391	569.847791	569.832547	569.079846	569.064603	
7.498535	569.847791	569.832547	569.079846	569.064603	
7.508721	569.847791	569.832547	569.079846	569.064603	
7.518813	569.847791	569.832547	569.079846	569.064603	
7.52894	569.847791	569.832547	569.079846	569.064603	
7.539097	569.847791	569.832547	569.079846	569.064603	
7.549286	569.847791	569.832547	569.079846	569.064603	
7.559372	569.847791	569.832547	569.079846	569.064603	
7.569515	569.847791	569.832547	569.079846	569.064603	
7.579677	569.847791	569.832547	569.079846	569.064603	
7.589801	569.847791	569.832547	569.079846	569.064603	
7.6	569.847791	569.832547	569.079846	569.064603	
7.610145	569.847791	569.832547	569.079846	569.064603	
7.620221	569.847791	569.832547	569.079846	569.064603	
7.630417	569.847791	569.832547	569.079846	569.064603	
7.640494	569.847791	569.832547	569.079846	569.064603	
7.650635	569.847791	569.832547	569.079846	569.064603	
7.660807	569.847791	569.832547	569.079846	569.064603	
7.670909	569.847791	569.832547	569.079846	569.064603	
7.681036	569.847791	569.832547	569.079846	569.064603	
7.691178	569.847791	569.832547	569.079846	569.064603	
7.701325	569.847791	569.832547	569.079846	569.064603	
7.711533	569.847791	569.832547	569.079846	569.064603	
7.721662	569.847791	569.832547	569.079846	569.064603	
7.731804	569.847791	569.832547	569.079846	569.064603	
7.741994	569.847791	569.832547	569.079846	569.064603	
7.752091	569.847791	569.832547	569.079846	569.064603	
7.762229	569.847791	569.832547	569.079846	569.064603	
7.772374	569.847791	569.832547	569.079846	569.064603	
7.782535	569.847791	569.832547	569.079846	569.064603	
7.792664	569.847791	569.832547	569.079846	569.064603	
7.802803	569.847791	569.832547	569.079846	569.064603	
7.81302	569.847791	569.832547	569.079846	569.064603	
7.823088	569.847791	569.832547	569.079846	569.064603	
7.833236	569.847791	569.832547	569.079846	569.064603	
7.843377	569.847791	569.832547	569.079846	569.064603	
7.853514	569.847791	569.832547	569.079846	569.064603	
7.863637	569.847791	569.832547	569.079846	569.064603	
7.87377	569.847791	569.832547	569.079846	569.064603	
7.883922	569.847791	569.832547	569.079846	569.064603	
7.894056	569.847791	569.832547	569.079846	569.064603	
7.904222	569.847791	569.832547	569.079846	569.064603	
7.914382	569.847791	569.832547	569.079846	569.064603	
7.924514	569.847791	569.832547	569.079846	569.064603	
7.934633	569.847791	569.832547	569.079846	569.064603	
7.944777	569.847791	569.832547	569.079846	569.064603	
7.954911	569.847791	569.832547	569.079846	569.064603	
7.965083	569.847791	569.832547	569.079846	569.064603	
7.975198	569.847791	569.832547	569.079846	569.064603	
7.985334	569.847791	569.832547	569.079846	569.064603	
7.995492	569.847791	569.832547	569.079846	569.064603	
8.0056	569.847791	569.832547	569.079846	569.064603	
8.015735	569.847791	569.832547	569.079846	569.064603	
8.025886	569.847791	569.832547	569.079846	569.064603	
8.036019	569.847791	569.832547	569.079846	569.064603	
8.046181	569.847791	569.832547	569.079846	569.064603	
8.056296	569.847791	569.832547	569.079846	569.064603	
8.066462	569.847791	569.832547	569.079846	569.064603	
8.076571	569.847791	569.832547	569.079846	569.064603	
8.086713	569.847791	569.832547	569.079846	569.064603	
8.096855	569.847791	569.832547	569.079846	569.064603	
8.106985	569.847791	569.832547	569.079846	569.064603	
8.117201	569.847791	569.832547	569.079846	569.064603	
8.127285	569.847791	569.832547	569.079846	569.064603	
8.137403	569.847791	569.832547	569.079846	569.064603	
8.147596	569.847791	569.832547	569.079846	569.064603	
8.157698	569.847791	569.832547	569.079846	569.064603	
8.167842	569.847791	569.832547	569.079846	569.064603	
8.177969	569.847791	569.832547	569.079846	569.064603	
8.188115	569.847791	569.832547	569.079846	569.064603	
8.198281	569.847791	569.832547	569.079846	569.064603	
8.208392	569.847791	569.832547	569.079846	569.064603	
8.218543	569.847791	569.832547	569.079846	569.064603	
8.228942	569.847791	569.832547	569.079846	569.064603	
8.238877	569.847791	569.832547	569.079846	569.064603	
8.248967	569.847791	569.832547	569.079846	569.064603	
8.259091	569.847791	569.832547	569.079846	569.064603	
8.269288	569.847791	569.832547	569.079846	569.064603	
8.279403	569.847791	569.832547	569.079846	569.064603	
8.289513	569.847791	569.832547	569.079846	569.064603	
8.299692	569.847791	569.832547	569.079846	569.064603	
8.309792	569.847791	569.832547	569.079846	569.064603	
8.320015	569.847791	569.832547	569.079846	569.064603	
8.330138	569.847791	569.832547	569.079846	569.064603	
8.340218	569.847791	569.832547	569.079846	569.064603	
8.358219	569.847791	569.832547	569.079846	569.064603	
8.362748	569.847791	569.832547	569.079846	569.064603	
8.372963	569.847791	569.832547	569.079846	569.064603	
8.383011	569.847791	569.832547	569.079846	569.064603	
8.393145	569.847791	569.832547	569.079846	569.064603	
8.403292	569.847791	569.832547	569.079846	569.064603	
8.413419	569.847791	569.832547	569.079846	569.064603	
8.423549	569.847791	569.832547	569.079846	569.064603	
8.433699	569.847791	569.832547	569.079846	569.064603	
8.443876	569.847791	569.832547	569.079846	569.064603	
8.453989	569.847791	569.832547	569.079846	569.064603	
8.464116	569.847791	569.832547	569.079846	569.064603	
8.474244	569.847791	569.832547	569.079846	569.064603	
8.484394	569.847791	569.832547	569.079846	569.064603	
8.494548	569.847791	569.832547	569.079846	569.064603	
8.504658	569.847791	569.832547	569.079846	569.064603	
8.514799	569.847791	569.832547	569.079846	569.064603	
8.525016	569.847791	569.832547	569.079846	569.064603	
8.535159	569.847791	569.832547	569.079846	569.064603	
8.545329	569.847791	569.832547	569.079846	569.064603	
8.555446	569.847791	569.832547	569.079846	569.064603	
8.565578	569.847791	569.832547	569.079846	569.064603	
8.575728	569.847791	569.832547	569.079846	569.064603	
8.585873	569.847791	569.832547	569.079846	569.064603	
8.596002	569.847791	569.832547	569.079846	569.064603	
8.606122	569.847791	569.832547	569.079846	569.064603	
8.616258	569.847791	569.832547	569.079846	569.064603	
8.626427	569.847791	569.832547	569.079846	569.064603	
8.636542	569.847791	569.832547	569.079846	569.064603	
8.646716	569.847791	569.832547	569.079846	569.064603	
8.656817	569.847791	569.832547	569.079846	569.064603	
8.666952	569.847791	569.832547	569.079846	569.064603	
8.677135	569.847791	569.832547	569.079846	569.064603	
8.687216	569.847791	569.832547	569.079846	569.064603	
8.697375	569.847791	569.832547	569.079846	569.064603	
8.707573	569.847791	569.832547	569.079846	569.064603	
8.717656	569.847791	569.832547	569.079846	569.064603	
8.727788	569.847791	569.832547	569.079846	569.064603	
8.740231	569.847791	569.832547	569.079846	569.064603	
8.748068	569.847791	569.832547	569.079846	569.064603	
8.758217	569.847791	569.832547	569.079846	569.064603	
8.768346	569.847791	569.832547	569.079846	569.064603	
8.778533	569.847791	569.832547	569.079846	569.064603	
8.788705	569.847791	569.832547	569.079846	569.064603	
8.798787	569.847791	569.832547	569.079846	569.064603	
8.808914	569.847791	569.832547	569.079846	569.064603	
8.819069	569.847791	569.832547	569.079846	569.064603	
8.829259	569.847791	569.832547	569.079846	569.064603	
8.839333	569.847791	569.832547	569.079846	569.064603	
8.849486	569.847791	569.832547	569.079846	569.064603	
8.859688	569.847791	569.832547	569.079846	569.064603	
8.86978	569.847791	569.832547	569.079846	569.064603	
8.87996	569.847791	569.832547	569.079846	569.064603	
8.890083	569.847791	569.832547	569.079846	569.064603	
8.900227	569.847791	569.832547	569.079846	569.064603	
8.910395	569.847791	569.832547	569.079846	569.064603	
8.920515	569.847791	569.832547	569.079846	569.064603	
8.93064	569.847791	569.832547	569.079846	569.064603	
8.940774	569.847791	569.832547	569.079846	569.064603	
8.950924	569.847791	569.832547	569.079846	569.073329	
8.96133	569.847791	569.832547	569.079846	569.073329	
8.971543	569.847791	569.832547	569.079846	569.073329	
8.981664	569.847791	569.832547	569.079846	569.073329	
8.991783	569.847791	569.832547	569.079846	569.073329	
9.002084	569.847791	569.832547	569.079846	569.073329	
9.012256	569.847791	569.832547	569.079846	569.073329	
9.022441	569.847791	569.832547	569.079846	569.073329	
9.032512	569.847791	569.832547	569.079846	569.073329	
9.042671	569.847791	569.832547	569.079846	569.073329	
9.052815	569.847791	569.832547	569.079846	569.073329	
9.062961	569.847791	569.832547	569.079846	569.073329	
9.073092	569.847791	569.832547	569.079846	569.073329	
9.083221	569.847791	569.832547	569.079846	569.073329	
9.0934	569.847791	569.832547	569.079846	569.073329	
9.103496	569.847791	569.832547	569.079846	569.073329	
9.113615	569.847791	569.832547	569.079846	569.073329	
9.1238	569.847791	569.832547	569.079846	569.073329	
9.133899	569.847791	569.832547	569.079846	569.073329	
9.144031	569.847791	569.832547	569.079846	569.073329	
9.154165	569.847791	569.832547	569.079846	569.073329	
9.164347	569.847791	569.832547	569.079846	569.073329	
9.17458	569.847791	569.832547	569.079846	569.073329	
9.184629	569.847791	569.832547	569.079846	569.073329	
9.19477	569.847791	569.832547	569.079846	569.073329	
9.204946	569.847791	569.832547	569.079846	569.073329	
9.21505	569.847791	569.832547	569.079846	569.073329	
9.225188	569.847791	569.832547	569.079846	569.073329	
9.235329	569.847791	569.832547	569.079846	569.073329	
9.24547	569.847791	569.832547	569.079846	569.073329	
9.255588	569.847791	569.832547	569.079846	569.073329	
9.265977	569.847791	569.832547	569.079846	569.073329	
9.275945	569.847791	569.832547	569.079846	569.073329	
9.286052	569.847791	569.832547	569.079846	569.073329	
9.296186	569.847791	569.832547	569.079846	569.073329	
9.306318	569.847791	569.832547	569.079846	569.073329	
9.316604	569.847791	569.832547	569.079846	569.073329	
9.326633	569.847791	569.832547	569.079846	569.073329	
9.336734	569.847791	569.832547	569.079846	569.073329	
9.346883	569.847791	569.832547	569.079846	569.073329	
9.357083	569.847791	569.832547	569.079846	569.073329	
9.367164	569.847791	569.832547	569.079846	569.073329	
9.377578	569.847791	569.832547	569.079846	569.073329	
9.387571	569.847791	569.832547	569.079846	569.073329	
9.397643	569.847791	569.832547	569.079846	569.073329	
9.407796	569.847791	569.832547	569.079846	569.073329	
9.417922	569.847791	569.832547	569.079846	569.073329	
9.428076	569.847791	569.832547	569.079846	569.073329	
9.438204	569.847791	569.832547	569.079846	569.073329	
9.44834	569.847791	569.832547	569.079846	569.073329	
9.458505	569.847791	569.832547	569.079846	569.073329	
9.468697	569.847791	569.832547	569.079846	569.073329	
9.478798	569.847791	569.832547	569.079846	569.073329	
9.488932	569.847791	569.832547	569.079846	569.073329	
9.499056	569.847791	569.832547	569.079846	569.073329	
9.509218	569.847791	569.832547	569.079846	569.073329	
9.519322	569.847791	569.832547	569.079846	569.073329	
9.529468	569.847791	569.832547	569.079846	569.073329	
9.539648	569.847791	569.832547	569.079846	569.073329	
9.549771	569.847791	569.832547	569.079846	569.073329	
9.559892	569.847791	569.832547	569.079846	569.073329	
9.570081	569.847791	569.832547	569.079846	569.073329	
9.580196	569.847791	569.832547	569.079846	569.073329	
9.590391	569.847791	569.832547	569.079846	569.073329	
9.600452	569.847791	569.832547	569.079846	569.073329	
9.610623	569.847791	569.832547	569.079846	569.073329	
9.620737	569.847791	569.832547	569.079846	569.073329	
9.630859	569.847791	569.832547	569.079846	569.073329	
9.640997	569.847791	569.832547	569.079846	569.073329	
9.651144	569.847791	569.832547	569.079846	569.073329	
9.661331	569.847791	569.832547	569.079846	569.073329	
9.671442	569.847791	569.832547	569.079846	569.073329	
9.681612	569.847791	569.832547	569.079846	569.073329	
9.691735	569.847791	569.832547	569.079846	569.073329	
9.701837	569.847791	569.832547	569.079846	569.073329	
9.711955	569.847791	569.832547	569.079846	569.073329	
9.722113	569.847791	569.832547	569.079846	569.073329	
9.732227	569.847791	569.832547	569.079846	569.073329	
9.743865	569.847791	569.832547	569.079846	569.073329	
9.752949	569.847791	569.832547	569.079846	569.073329	
9.763095	569.847791	569.832547	569.079846	569.073329	
9.77325	569.847791	569.832547	569.079846	569.073329	
9.783363	569.847791	569.832547	569.079846	569.073329	
9.793512	569.847791	569.832547	569.079846	569.073329	
9.80367	569.847791	569.832547	569.079846	569.073329	
9.813771	569.847791	569.832547	569.079846	569.073329	
9.823916	569.847791	569.832547	569.079846	569.073329	
9.834036	569.847791	569.832547	569.079846	569.073329	
9.844221	569.847791	569.832547	569.079846	569.073329	
9.854318	569.847791	569.832547	569.079846	569.073329	
9.864456	569.847791	569.832547	569.079846	569.073329	
9.874622	569.847791	569.832547	569.079846	569.073329	
9.88476	569.847791	569.832547	569.079846	569.073329	
9.894904	569.847791	569.832547	569.079846	569.073329	
9.905054	569.847791	569.832547	569.079846	569.073329	
9.915186	569.847791	569.832547	569.079846	569.073329	
9.925353	569.847791	569.832547	569.079846	569.073329	
9.935449	569.847791	569.832547	569.079846	569.073329	
9.945583	569.847791	569.832547	569.079846	569.073329	
9.955756	569.847791	569.832547	569.079846	569.073329	
9.965865	569.847791	569.832547	569.079846	569.073329	
9.975986	569.847791	569.832547	569.079846	569.073329	
9.986138	569.847791	569.832547	569.079846	569.073329	
9.996271	569.847791	569.832547	569.079846	569.073329	
10.00642	569.847791	569.832547	569.079846	569.073329	
10.01654	569.847791	569.832547	569.079846	569.073329	
10.02668	569.847791	569.832547	569.079846	569.073329	
10.03682	569.847791	569.832547	569.079846	569.073329	
10.04698	569.847791	569.832547	569.079846	569.073329	
10.05712	569.847791	569.832547	569.079846	569.073329	
10.06725	569.847791	569.832547	569.079846	569.073329	
10.07744	569.847791	569.832547	569.079846	569.073329	
10.08757	569.847791	569.832547	569.079846	569.073329	
10.09768	569.847791	569.832547	569.079846	569.073329	
10.10789	569.847791	569.832547	569.079846	569.073329	
10.11797	569.847791	569.832547	569.079846	569.073329	
10.12813	569.847791	569.832547	569.079846	569.073329	
10.13827	569.847791	569.832547	569.079846	569.073329	
10.1484	569.847791	569.832547	569.079846	569.073329	
10.15865	569.847791	569.832547	569.079846	569.073329	
10.16873	569.847791	569.832547	569.079846	569.073329	
10.17889	569.847791	569.832547	569.079846	569.073329	
10.18901	569.847791	569.832547	569.079846	569.073329	
10.1991	569.847791	569.832547	569.079846	569.073329	
10.20924	569.847791	569.832547	569.079846	569.073329	
10.21938	569.847791	569.832547	569.079846	569.073329	
10.22953	569.847791	569.832547	569.079846	569.073329	
10.23965	569.847791	569.832547	569.079846	569.073329	
10.24979	569.847791	569.832547	569.079846	569.073329	
10.26002	569.847791	569.832547	569.079846	569.073329	
10.27014	569.847791	569.832547	569.079846	569.073329	
10.2802	569.847791	569.832547	569.079846	569.073329	
10.29039	569.847791	569.832547	569.079846	569.073329	
10.3005	569.847791	569.832547	569.079846	569.073329	
10.3108	569.847791	569.832547	569.079846	569.073329	
