43.80489	569.285669	569.282769	569.364209	569.370035	
43.82085	569.290268	569.282769	569.368808	569.370035	
43.82563	569.291622	569.282769	569.370161	569.370035	
43.83895	569.296805	569.291495	569.375345	569.370035	
43.85315	569.30357	569.291495	569.38211	569.370035	
43.85943	569.306655	569.291495	569.385194	569.378762	
43.88143	569.321389	569.291495	569.399928	569.378762	
43.88732	569.325422	569.291495	569.403961	569.378762	
43.89756	569.332734	569.291495	569.411274	569.378762	
43.91892	569.351814	569.300222	569.430354	569.378762	
43.92533	569.357485	569.308949	569.436025	569.378762	
43.93464	569.366345	569.308949	569.444885	569.378762	
43.95482	569.388642	569.308949	569.467181	569.378762	
43.96891	569.405143	569.317675	569.483683	569.378762	
43.97927	569.417892	569.326402	569.496432	569.396215	
43.98507	569.425009	569.343855	569.503548	569.404942	
44.00892	569.459358	569.343855	569.537898	569.413668	
44.01455	569.467354	569.361309	569.545893	569.448575	
44.02498	569.48296	569.378762	569.561499	569.466028	
44.0428	569.511924	569.387489	569.590464	569.483482	
44.04865	569.521423	569.404942	569.599963	569.509662	
44.07065	569.56114	569.413668	569.63968	569.535842	
44.07673	569.572043	569.448575	569.650582	569.570748	
44.08706	569.591355	569.474755	569.669894	569.588201	
44.10893	569.635856	569.492208	569.714396	569.614381	
44.11466	569.647408	569.535842	569.725948	569.649288	
44.12569	569.670605	569.553295	569.749145	569.666741	
44.14432	569.712288	569.614381	569.790827	569.710374	
44.16141	569.752174	569.640561	569.830714	569.727828	
44.17926	569.796032	569.675468	569.874572	569.762734	
44.18533	569.810683	569.727828	569.889223	569.797641	
44.1947	569.834201	569.762734	569.912741	569.832547	
44.21401	569.885528	569.832547	569.964068	569.876181	
44.22941	569.927692	569.841274	570.006232	569.893634	
44.23628	569.946597	569.902361	570.025137	569.937267	
44.25418	569.998391	569.954721	570.07693	569.989627	
44.26651	570.034795	569.989627	570.113335	570.015807	
44.28473	570.090884	570.05944	570.169424	570.076894	
44.29471	570.121943	570.094347	570.200483	570.1118	
44.31068	570.173495	570.129253	570.252035	570.146707	
44.31897	570.200467	570.16416	570.279007	570.19034	
44.33516	570.255093	570.21652	570.333633	570.251427	
44.35465	570.323346	570.286333	570.401886	570.32124	
44.36896	570.374479	570.29506	570.453019	570.34742	
44.37457	570.394542	570.34742	570.473082	570.399779	
44.38892	570.44753	570.382326	570.52607	570.443413	
44.40892	570.524082	570.408506	570.602621	570.478319	
44.41454	570.545561	570.478319	570.624101	570.565586	
44.42619	570.591094	570.513226	570.669634	570.609219	
44.44251	570.656663	570.556859	570.735203	570.652852	
44.44837	570.680234	570.600492	570.758774	570.705212	
44.46409	570.745419	570.670306	570.823959	570.766299	
44.48327	570.827358	570.705212	570.905898	570.809932	
44.48863	570.850199	570.775025	570.928739	570.862292	
44.50445	570.919648	570.836112	570.998188	570.932105	
44.52292	571.002917	570.879745	571.081457	570.967011	
44.52831	571.027179	570.949558	571.105719	571.028098	
44.55087	571.132962	570.984465	571.211502	571.071731	
44.55684	571.160886	571.071731	571.239425	571.141544	
44.56671	571.207894	571.124091	571.286434	571.193904	
44.57766	571.260394	571.176451	571.338934	571.228811	
44.59904	571.366745	571.228811	571.445284	571.281171	
44.60472	571.394921	571.316077	571.47346	571.368437	
44.61549	571.449206	571.368437	571.527746	571.41207	
44.6348	571.549243	571.473157	571.627783	571.508064	
44.65068	571.632908	571.51679	571.711448	571.560423	
44.65687	571.665555	571.577877	571.744095	571.62151	
44.67071	571.740017	571.64769	571.818557	571.682596	
44.68122	571.797112	571.70005	571.875652	571.734956	
44.69945	571.898625	571.75241	571.977165	571.787316	
44.70516	571.930386	571.857129	572.008926	571.892036	
44.71515	571.986685	571.909489	572.065225	571.953123	
44.73488	572.100808	572.022936	572.179348	572.066569	
44.74892	572.182948	572.084022	572.261488	572.136382	
44.75863	572.240248	572.136382	572.318787	572.197469	
44.77068	572.312203	572.197469	572.390743	572.258555	
44.77963	572.366508	572.258555	572.445048	572.328368	
44.79303	572.448012	572.319642	572.526552	572.398181	
44.80924	572.548814	572.389455	572.627354	572.476721	
44.81479	572.583313	572.485448	572.661853	572.581441	
44.82427	572.642967	572.555261	572.721507	572.642528	
44.84047	572.746754	572.625074	572.825294	572.721067	
44.84529	572.77757	572.686161	572.85611	572.782154	
44.85552	572.84504	572.747247	572.92358	572.851967	
44.866	572.91243	572.817061	572.99097	572.913054	
44.88479	573.038001	572.939234	573.116541	573.0265	
44.90244	573.157662	573.00032	573.236202	573.096313	
44.90763	573.192846	573.07886	573.271386	573.18358	
44.93108	573.356333	573.148673	573.434873	573.244666	
44.93741	573.400409	573.279573	573.478949	573.366839	
44.94713	573.468734	573.358113	573.547274	573.436652	
44.97225	573.650151	573.427926	573.728691	573.515192	
44.97845	573.69487	573.567552	573.77341	573.663545	
44.9886	573.768705	573.654819	573.847245	573.742085	
45.00892	573.919676	573.733358	573.998216	573.811898	
45.0147	573.962598	573.855531	574.041138	573.942798	
45.02432	574.034576	573.934071	574.113116	574.021338	
45.03897	574.145898	574.021338	574.224437	574.099878	
45.04531	574.194082	574.108604	574.272622	574.187144	
45.06405	574.339456	574.265684	574.417996	574.335497	
45.07933	574.459206	574.30059	574.537746	574.387857	
45.08501	574.503766	574.440217	574.582306	574.51003	
45.09892	574.614317	574.518757	574.692857	574.606023	
45.11066	574.708414	574.606023	574.786954	574.684563	
45.11557	574.747825	574.693289	574.826365	574.789283	
45.12647	574.836181	574.789283	574.914721	574.876549	
45.14227	574.96593	574.867822	575.04447	574.963815	
45.15066	575.035142	574.963815	575.113682	575.051082	
45.18208	575.302291	575.051082	575.38083	575.138348	
45.18975	575.367281	575.312881	575.445821	575.400148	
45.21067	575.548063	575.400148	575.626603	575.487414	
45.21613	575.595217	575.548501	575.673757	575.635767	
45.2293	575.710782	575.635767	575.789322	575.723034	
45.2425	575.826434	575.73176	575.904974	575.8103	
45.26069	575.988996	575.827753	576.067536	575.906293	
45.26784	576.05289	575.976106	576.13143	576.063373	
45.2771	576.136345	576.080826	576.214885	576.150639	
45.29066	576.259693	576.168093	576.338233	576.237906	
45.30125	576.356639	576.255359	576.435179	576.325172	
45.32082	576.538674	576.360079	576.617214	576.421165	
45.32666	576.592869	576.534612	576.671409	576.586972	
45.3364	576.684006	576.621878	576.762546	576.674238	
45.35444	576.855418	576.787685	576.933958	576.831318	
45.37426	577.046042	576.979671	577.124582	577.023304	
45.38892	577.188235	577.032031	577.266775	577.075664	
45.39499	577.247038	577.171657	577.325577	577.206564	
45.42155	577.510664	577.26765	577.589204	577.302557	
45.4336	577.630537	577.485816	577.709077	577.520723	
45.44066	577.701058	577.607989	577.779598	577.642896	
45.45441	577.839688	577.756342	577.918228	577.799976	
45.47434	578.043414	577.965782	578.121954	578.009415	
45.48944	578.198891	578.087955	578.277431	578.131588	
45.49893	578.296991	578.192675	578.375531	578.245034	
45.51068	578.419341	578.306121	578.497881	578.349754	
45.51897	578.506036	578.419567	578.584575	578.463201	
45.5338	578.662763	578.524287	578.741303	578.576647	
45.53933	578.721087	578.663913	578.799626	578.716273	
45.54902	578.824194	578.786087	578.902734	578.820993	
45.56037	578.945769	578.899533	579.024309	578.943166	
45.58108	579.170748	579.004253	579.249288	579.047886	
45.58712	579.236275	579.178786	579.314815	579.231146	
45.60355	579.416782	579.292232	579.495322	579.353319	
45.62068	579.606754	579.414405	579.685294	579.484218	
45.62695	579.676369	579.606391	579.754908	579.676204	
45.63724	579.79128	579.711111	579.86982	579.798378	
45.65128	579.949486	579.824557	580.028026	579.920551	
45.66242	580.075661	579.938004	580.154201	580.033997	
45.67938	580.269677	580.060177	580.348217	580.164897	
45.68529	580.337246	580.26089	580.415786	580.36561	
45.70459	580.561303	580.479056	580.639843	580.601229	
45.72251	580.770922	580.548869	580.849461	580.671042	
45.72783	580.834072	580.767035	580.912612	580.880482	
45.74894	581.083726	580.897935	581.162266	581.002655	
45.75501	581.155857	581.089921	581.234397	581.203368	
45.76897	581.322959	581.229547	581.401499	581.325541	
45.78304	581.491751	581.351721	581.570291	581.447714	
45.7983	581.674871	581.5088	581.753411	581.596067	
45.80426	581.746367	581.700786	581.824907	581.7706	
45.82117	581.949323	581.822959	582.027863	581.901499	
45.82751	582.025403	581.980039	582.103943	582.049852	
45.84417	582.225347	582.198205	582.303887	582.259292	
45.86067	582.423347	582.329105	582.501887	582.390191	
45.86897	582.522995	582.468731	582.601535	582.521091	
45.88297	582.690971	582.669444	582.769511	582.713077	
45.89893	582.882443	582.782891	582.960983	582.83525	
45.91397	583.062995	583.062143	583.141535	583.09705	
45.92207	583.160099	583.12323	583.238639	583.158136	
45.94424	583.426187	583.411209	583.504727	583.446116	
45.95106	583.507955	583.481022	583.586495	583.515929	
45.9644	583.668035	583.594469	583.746575	583.629375	
45.97553	583.801619	583.716642	583.880159	583.751548	
45.98089	583.865963	583.830088	583.944503	583.873721	
45.99249	584.005139	583.952261	584.083679	583.995894	
46.00216	584.121167	584.065708	584.199707	584.109341	
46.02021	584.337803	584.283874	584.416343	584.336234	
46.02641	584.412119	584.34496	584.490659	584.39732	
46.03679	584.536691	584.458407	584.615231	584.519493	
46.04768	584.667383	584.58058	584.745923	584.641666	
46.05757	584.786111	584.702753	584.864651	584.772566	
46.06736	584.903603	584.807472	584.982143	584.886012	
46.07928	585.046667	584.947099	585.125207	585.016912	
46.08911	585.164603	585.060545	585.243143	585.147812	
46.09989	585.293999	585.182718	585.372539	585.261258	
46.11905	585.523931	585.392158	585.602471	585.479424	
46.12536	585.599531	585.470698	585.678071	585.557964	
46.13425	585.706271	585.584144	585.784811	585.680137	
46.14498	585.834983	585.706317	585.913523	585.80231	
46.15474	585.952151	585.819763	586.030691	585.924483	
46.16502	586.077623	585.950663	586.156163	586.03793	
46.1752	586.199627	586.06411	586.278167	586.160103	
46.18572	586.323887	586.186283	586.402427	586.282276	
46.1961	586.448423	586.308456	586.526963	586.404449	
46.20775	586.588307	586.448082	586.666847	586.535348	
46.21859	586.718327	586.570255	586.796867	586.657521	
46.22771	586.827803	586.692428	586.906343	586.788421	
46.23792	586.950323	586.832054	587.028863	586.910594	
46.24934	587.087375	586.962954	587.165915	587.050221	
46.25975	587.212295	587.093854	587.290835	587.18112	
46.27911	587.441272	587.224753	587.519812	587.31202	
46.28593	587.521861	587.41674	587.600401	587.49528	
46.29472	587.625336	587.547639	587.703876	587.634906	
46.30553	587.751755	587.678539	587.830295	587.765806	
46.31551	587.867864	587.809439	587.946404	587.896705	
46.32608	587.990166	587.949065	588.068705	588.018878	
46.33691	588.114883	588.088691	588.193423	588.158505	
46.34758	588.236948	588.210865	588.315488	588.298131	
46.35804	588.358877	588.350491	588.437416	588.420304	
46.36735	588.46147	588.472664	588.54001	588.542477	
46.37769	588.577969	588.594837	588.656509	588.673377	
46.38849	588.69894	588.71701	588.77748	588.79555	
46.40235	588.852857	588.84791	588.931397	588.917723	
46.40922	588.929066	588.961356	589.007606	589.031169	
46.41887	589.035454	589.083529	589.113993	589.144616	
46.42869	589.146853	589.205702	589.225393	589.258062	
46.44017	589.268168	589.310422	589.346707	589.371508	
46.45231	589.399448	589.432595	589.477987	589.484955	
46.4619	589.502694	589.537315	589.581234	589.589675	
46.47211	589.61188	589.642034	589.69042	589.694394	
46.48336	589.731516	589.746754	589.810056	589.799114	
46.49384	589.842281	589.851474	589.920821	589.903834	
46.51186	590.030501	590.04346	590.109041	590.087093	
46.51726	590.086977	590.087093	590.165517	590.14818	
46.52905	590.209167	590.191813	590.287707	590.244173	
46.53904	590.312118	590.287806	590.390657	590.348893	
46.54953	590.419479	590.392526	590.498019	590.444886	
46.56088	590.534963	590.488519	590.613503	590.540879	
46.56961	590.623283	590.584512	590.701822	590.636872	
46.58079	590.735768	590.671779	590.814308	590.732865	
46.59139	590.841662	590.776499	590.920202	590.828858	
46.611	591.034759	590.872492	591.113299	590.924851	
46.61732	591.097071	591.020845	591.175611	591.073204	
46.62668	591.188625	591.108111	591.267165	591.169198	
46.63849	591.303257	591.221557	591.381797	591.282644	
46.64957	591.410831	591.317551	591.489371	591.387364	
46.65976	591.507846	591.42227	591.586386	591.492084	
46.67023	591.607544	591.509537	591.686083	591.588077	
46.6796	591.696265	591.614257	591.774805	591.68407	
46.69003	591.794336	591.701523	591.872876	591.788789	
46.69956	591.883419	591.797516	591.961959	591.884783	
46.70928	591.975516	591.893509	592.054055	591.980776	
46.72098	592.081691	591.998229	592.16023	592.094222	
46.73997	592.254151	592.085495	592.332691	592.181489	
46.74592	592.308243	592.225122	592.386782	592.321115	
46.75698	592.407817	592.321115	592.486357	592.425835	
46.76846	592.510421	592.417108	592.588961	592.521828	
46.79501	592.742253	592.687634	592.820793	592.792354	
46.80215	592.804694	592.731267	592.883234	592.835987	
46.81148	592.885777	592.835987	592.964317	592.940707	
46.82101	592.96801	592.93198	593.04655	593.027973	
46.83176	593.060088	593.027973	593.138628	593.123966	
46.84236	593.150152	593.11524	593.228692	593.219959	
46.86074	593.303941	593.211233	593.382481	593.307226	
46.86571	593.345612	593.342133	593.424152	593.438126	
46.87698	593.439067	593.429399	593.517607	593.534119	
46.88705	593.521981	593.525392	593.60052	593.621385	
46.89762	593.608689	593.612659	593.687229	593.708652	
46.9075	593.688546	593.708652	593.767086	593.795918	
46.91838	593.776123	593.787191	593.854663	593.883185	
46.92848	593.856818	593.874458	593.935358	593.961724	
46.93899	593.94012	593.952998	594.01866	594.040264	
46.94924	594.021338	594.022811	594.099878	594.118804	
46.95959	594.101577	594.110077	594.180117	594.197344	
46.96999	594.182061	594.179891	594.260601	594.267157	
46.97987	594.258025	594.25843	594.336565	594.33697	
46.99008	594.335867	594.33697	594.414407	594.406783	
47.00119	594.419848	594.406783	594.498388	594.485323	
47.02056	594.563531	594.476597	594.642071	594.563863	
47.02631	594.606113	594.581316	594.684652	594.668583	
47.03625	594.679281	594.651129	594.75782	594.729669	
47.04758	594.761759	594.720943	594.840299	594.808209	
47.05814	594.837967	594.790756	594.916507	594.878022	
47.06841	594.911579	594.860569	594.990119	594.947835	
47.07855	594.983557	594.939109	595.062097	595.008922	
47.08923	595.058733	595.008922	595.137273	595.078735	
47.09924	595.128573	595.078735	595.207113	595.139822	
47.10917	595.197281	595.148548	595.275821	595.209635	
47.11947	595.267959	595.227088	595.346499	595.279448	
47.12999	595.339436	595.288175	595.417976	595.349261	
47.14176	595.420564	595.366714	595.499104	595.410348	
47.15483	595.505366	595.453981	595.583906	595.488887	
47.16351	595.562641	595.523794	595.641181	595.558701	
47.17258	595.622086	595.593607	595.700626	595.628514	
47.18374	595.69436	595.66342	595.7729	595.698327	
47.20328	595.818153	595.733234	595.896693	595.76814	
47.20922	595.855807	595.829227	595.934347	595.87286	
47.21965	595.921134	595.89904	595.999673	595.942673	
47.22941	595.981769	595.960126	596.060308	596.012486	
47.24141	596.055368	596.038666	596.133908	596.082299	
47.25248	596.122589	596.108479	596.201129	596.152113	
47.26224	596.181345	596.169566	596.259884	596.221926	
47.27372	596.249549	596.230652	596.328089	596.291739	
47.28285	596.303421	596.291739	596.381961	596.352825	
47.29366	596.366406	596.352825	596.444946	596.413912	
47.30244	596.417163	596.413912	596.495703	596.483725	
47.31321	596.478682	596.466272	596.557222	596.544812	
47.32459	596.542926	596.527358	596.621466	596.605898	
47.33461	596.598947	596.579718	596.677487	596.666985	
47.34375	596.649597	596.640805	596.728137	596.728071	
47.35524	596.712389	596.693165	596.790929	596.780431	
47.36561	596.768415	596.745525	596.846955	596.841518	
47.37569	596.82228	596.797884	596.90082	596.893878	
47.38663	596.880112	596.850244	596.958651	596.954964	
47.40595	596.979475	596.902604	597.058014	597.007324	
47.41281	597.014714	596.981144	597.093253	597.085864	
47.42281	597.065415	597.024777	597.143955	597.129497	
47.43288	597.115909	597.077137	597.194449	597.181857	
47.4596	597.244295	597.129497	597.322835	597.234217	
47.46622	597.27626	597.234217	597.3548	597.338936	
47.47581	597.321937	597.286577	597.400476	597.391296	
47.4856	597.367961	597.338936	597.446501	597.443656	
47.49508	597.412006	597.38257	597.490546	597.487289	
47.50619	597.462931	597.43493	597.54147	597.539649	
47.5177	597.51484	597.478563	597.593379	597.583283	
47.52714	597.55697	597.530923	597.63551	597.626916	
47.53856	597.607083	597.583283	597.685623	597.670549	
47.5487	597.651012	597.618189	597.729552	597.722909	
47.56655	597.726122	597.696729	597.804662	597.792722	
47.57225	597.750143	597.722909	597.828682	597.818902	
47.5825	597.792507	597.766542	597.871046	597.862535	
47.5922	597.832056	597.801449	597.910595	597.897442	
47.60291	597.875106	597.845082	597.953646	597.932348	
47.61314	597.915594	597.879989	597.994134	597.967255	
47.6228	597.953253	597.914895	598.031792	598.002162	
47.64199	598.025501	597.975982	598.104041	598.071975	
47.64692	598.044103	598.002162	598.122642	598.098155	
47.65735	598.083325	598.037068	598.161865	598.133061	
47.66746	598.119487	598.071975	598.198027	598.176695	
47.68035	598.165384	598.106881	598.243924	598.211601	
47.68944	598.19734	598.133061	598.27588	598.246508	
47.69961	598.23247	598.167968	598.31101	598.281414	
47.7114	598.272377	598.202874	598.350917	598.316321	
47.72151	598.306039	598.237781	598.384579	598.351227	
47.74024	598.365882	598.272688	598.444422	598.386134	
47.74753	598.389123	598.316321	598.467663	598.438494	
47.76695	598.448124	598.386134	598.526664	598.508307	
47.77341	598.467763	598.412314	598.546303	598.52576	
47.78331	598.497202	598.447221	598.575742	598.560667	
47.79467	598.530188	598.482127	598.608728	598.595574	
47.80571	598.561528	598.52576	598.640068	598.639207	
47.8156	598.589109	598.560667	598.667649	598.674113	
47.82579	598.616906	598.586847	598.695446	598.700293	
47.83716	598.647151	598.621753	598.72569	598.7352	
47.8494	598.678817	598.647933	598.757357	598.770106	
47.8585	598.701958	598.68284	598.780498	598.805013	
47.86833	598.726398	598.700293	598.804938	598.831193	
47.88072	598.756233	598.7352	598.834773	598.857373	
47.88891	598.775664	598.76138	598.854204	598.874826	
47.90793	598.818183	598.78756	598.896723	598.901006	
47.91464	598.833137	598.822466	598.911677	598.935913	
47.92434	598.85418	598.83992	598.93272	598.953366	
47.93546	598.878039	598.874826	598.956579	598.979546	
47.94499	598.89708	598.883553	598.97562	598.988273	
47.95586	598.918694	598.909733	598.997234	599.014453	
47.96593	598.938159	598.927186	599.016699	599.023179	
47.976	598.957052	598.944639	599.035591	599.040633	
47.98599	598.975228	598.953366	599.053768	599.049359	
47.99656	598.993833	598.970819	599.072373	599.066812	
48.00712	599.011789	598.979546	599.090329	599.075539	
48.0251	599.040196	598.996999	599.118736	599.092992	
48.03161	599.050452	598.996999	599.128992	599.101719	
48.04932	599.076093	599.014453	599.154633	599.110446	
48.055	599.084322	599.014453	599.162862	599.119172	
48.0653	599.098546	599.014453	599.177086	599.119172	
48.07491	599.111511	599.031906	599.190051	599.127899	
48.08674	599.126233	599.031906	599.204773	599.136626	
48.09684	599.138458	599.049359	599.216998	599.145352	
48.10725	599.150452	599.049359	599.228992	599.154079	
48.11712	599.161333	599.049359	599.239872	599.154079	
48.12674	599.17204	599.066812	599.25058	599.162806	
48.13852	599.183033	599.075539	599.261573	599.171532	
48.14963	599.193325	599.084266	599.271865	599.180259	
48.1593	599.201831	599.084266	599.280371	599.188986	
48.16919	599.210016	599.101719	599.288556	599.188986	
48.17847	599.217263	599.110446	599.295803	599.197712	
48.18977	599.225383	599.119172	599.303923	599.206439	
48.20122	599.232943	599.119172	599.311483	599.215165	
48.21887	599.242771	599.136626	599.321311	599.223892	
48.22548	599.246428	599.154079	599.324968	599.232619	
48.23491	599.251161	599.162806	599.329701	599.241345	
48.24559	599.25596	599.171532	599.3345	599.250072	
48.25613	599.260193	599.188986	599.338733	599.258799	
48.26749	599.264165	599.188986	599.342704	599.258799	
48.28691	599.269004	599.197712	599.347543	599.267525	
48.29313	599.270601	599.206439	599.349141	599.276252	
48.31183	599.2737	599.215165	599.352239	599.284979	
48.31846	599.274829	599.215165	599.353369	599.284979	
48.32827	599.280446	599.215165	599.358986	599.293705	
48.34082	599.280446	599.215165	599.358986	599.293705	
48.34957	599.280446	599.215165	599.358986	599.293705	
48.35902	599.280446	599.215165	599.358986	599.293705	
48.37769	599.280446	599.215165	599.358986	599.293705	
48.38339	599.280446	599.215165	599.358986	599.293705	
48.39281	599.280446	599.215165	599.358986	599.293705	
48.40474	599.280446	599.215165	599.358986	599.293705	
48.4142	599.280446	599.215165	599.358986	599.293705	
48.42552	599.280446	599.215165	599.358986	599.293705	
48.43596	599.280446	599.215165	599.358986	599.293705	
48.44548	599.280446	599.215165	599.358986	599.293705	
48.45708	599.280446	599.215165	599.358986	599.293705	
48.46741	599.280446	599.215165	599.358986	599.293705	
48.47783	599.280446	599.215165	599.358986	599.293705	
48.48701	599.280446	599.215165	599.358986	599.293705	
48.49934	599.280446	599.215165	599.358986	599.293705	
48.50851	599.280446	599.215165	599.358986	599.293705	
48.519	599.280446	599.215165	599.358986	599.293705	
48.52979	599.280446	599.215165	599.358986	599.293705	
48.54158	599.280446	599.215165	599.358986	599.293705	
48.55957	599.280446	599.215165	599.358986	599.293705	
48.56563	599.280446	599.215165	599.358986	599.293705	
48.57644	599.280446	599.215165	599.358986	599.293705	
48.58607	599.280446	599.215165	599.358986	599.293705	
48.59618	599.280446	599.215165	599.358986	599.293705	
48.60647	599.280446	599.215165	599.358986	599.293705	
48.61757	599.280446	599.215165	599.358986	599.293705	
48.6354	599.280446	599.215165	599.358986	599.293705	
48.64191	599.280446	599.215165	599.358986	599.293705	
48.65121	599.280446	599.215165	599.358986	599.293705	
48.66214	599.280446	599.215165	599.358986	599.293705	
48.67236	599.280446	599.215165	599.358986	599.293705	
48.69057	599.280446	599.215165	599.358986	599.293705	
48.69544	599.280446	599.215165	599.358986	599.293705	
48.70706	599.280446	599.215165	599.358986	599.293705	
48.717	599.280446	599.215165	599.358986	599.293705	
48.72795	599.280446	599.215165	599.358986	599.293705	
48.73728	599.280446	599.215165	599.358986	599.293705	
48.74956	599.280446	599.215165	599.358986	599.293705	
48.75952	599.280446	599.215165	599.358986	599.293705	
48.77028	599.280446	599.215165	599.358986	599.293705	
48.78826	599.280446	599.215165	599.358986	599.293705	
48.79437	599.280446	599.215165	599.358986	599.293705	
48.80412	599.280446	599.215165	599.358986	599.293705	
48.81488	599.280446	599.215165	599.358986	599.293705	
48.8265	599.280446	599.215165	599.358986	599.293705	
48.83609	599.280446	599.215165	599.358986	599.293705	
48.85427	599.280446	599.215165	599.358986	599.293705	
48.86002	599.280446	599.215165	599.358986	599.293705	
48.87101	599.280446	599.215165	599.358986	599.293705	
48.87988	599.280446	599.215165	599.358986	599.293705	
48.89073	599.280446	599.215165	599.358986	599.293705	
48.9011	599.280446	599.215165	599.358986	599.293705	
48.91267	599.280446	599.215165	599.358986	599.293705	
48.92208	599.280446	599.215165	599.358986	599.293705	
48.93216	599.280446	599.215165	599.358986	599.293705	
48.94321	599.280446	599.215165	599.358986	599.293705	
48.95305	599.280446	599.215165	599.358986	599.293705	
48.9635	599.280446	599.215165	599.358986	599.293705	
48.9837	599.280446	599.215165	599.358986	599.293705	
48.98974	599.280446	599.215165	599.358986	599.293705	
49.00864	599.280446	599.215165	599.358986	599.293705	
49.01422	599.280446	599.215165	599.358986	599.293705	
49.02695	599.280446	599.215165	599.358986	599.293705	
49.04515	599.280446	599.215165	599.358986	599.293705	
49.05109	599.280446	599.215165	599.358986	599.293705	
49.06973	599.280446	599.215165	599.358986	599.293705	
49.07626	599.280446	599.215165	599.358986	599.293705	
49.08549	599.280446	599.215165	599.358986	599.293705	
49.09556	599.280446	599.215165	599.358986	599.293705	
49.10793	599.280446	599.215165	599.358986	599.293705	
49.11809	599.280446	599.215165	599.358986	599.293705	
49.12845	599.280446	599.215165	599.358986	599.293705	
49.15854	599.280446	599.215165	599.358986	599.293705	
49.16679	599.280446	599.215165	599.358986	599.293705	
49.17606	599.280446	599.215165	599.358986	599.293705	
49.18678	599.280446	599.215165	599.358986	599.293705	
49.19673	599.280446	599.215165	599.358986	599.293705	
49.22576	599.280446	599.215165	599.358986	599.293705	
49.23183	599.280446	599.215165	599.358986	599.293705	
49.24311	599.280446	599.215165	599.358986	599.293705	
49.25404	599.280446	599.215165	599.358986	599.293705	
49.26365	599.280446	599.215165	599.358986	599.293705	
49.27394	599.280446	599.215165	599.358986	599.293705	
49.28342	599.280446	599.215165	599.358986	599.293705	
49.29397	599.280446	599.215165	599.358986	599.293705	
49.30489	599.280446	599.215165	599.358986	599.293705	
49.31383	599.280446	599.215165	599.358986	599.293705	
49.32538	599.280446	599.215165	599.358986	599.293705	
49.33667	599.280446	599.215165	599.358986	599.293705	
49.34704	599.280446	599.215165	599.358986	599.293705	
49.35636	599.280446	599.215165	599.358986	599.293705	
49.36717	599.280446	599.215165	599.358986	599.293705	
49.3774	599.280446	599.215165	599.358986	599.293705	
49.3886	599.280446	599.215165	599.358986	599.293705	
49.39844	599.280446	599.215165	599.358986	599.293705	
49.41068	599.280446	599.215165	599.358986	599.293705	
49.41966	599.280446	599.215165	599.358986	599.293705	
49.42933	599.280446	599.215165	599.358986	599.293705	
49.43966	599.280446	599.215165	599.358986	599.293705	
49.44986	599.280446	599.215165	599.358986	599.293705	
49.46105	599.280446	599.215165	599.358986	599.293705	
49.47043	599.280446	599.215165	599.358986	599.293705	
49.48063	599.280446	599.215165	599.358986	599.293705	
49.49094	599.280446	599.215165	599.358986	599.293705	
49.50318	599.280446	599.215165	599.358986	599.293705	
49.51196	599.280446	599.215165	599.358986	599.293705	
49.52401	599.280446	599.215165	599.358986	599.293705	
49.53332	599.280446	599.215165	599.358986	599.293705	
49.54408	599.280446	599.215165	599.358986	599.293705	
49.55454	599.280446	599.215165	599.358986	599.293705	
49.56687	599.280446	599.215165	599.358986	599.293705	
49.57662	599.280446	599.215165	599.358986	599.293705	
49.58789	599.280446	599.215165	599.358986	599.293705	
49.59793	599.280446	599.215165	599.358986	599.293705	
49.60738	599.280446	599.215165	599.358986	599.293705	
