41.33202	115.110556	115.095738	115.136736	115.139371	
41.34214	115.112758	115.095738	115.138938	115.139371	
41.35232	115.115593	115.095738	115.141773	115.139371	
41.36239	115.119005	115.104464	115.145185	115.148097	
41.37251	115.12305	115.104464	115.14923	115.148097	
41.38264	115.127715	115.104464	115.153895	115.148097	
41.39278	115.133004	115.104464	115.159184	115.148097	
41.4029	115.138892	115.104464	115.165072	115.148097	
41.41308	115.14544	115.104464	115.17162	115.148097	
41.4232	115.15256	115.104464	115.17874	115.148097	
41.43334	115.160322	115.104464	115.186502	115.148097	
41.4435	115.168706	115.104464	115.194886	115.148097	
41.45361	115.177664	115.104464	115.203844	115.148097	
41.46376	115.187279	115.104464	115.213459	115.148097	
41.47392	115.197526	115.104464	115.223705	115.148097	
41.48406	115.208362	115.104464	115.234542	115.148097	
41.49418	115.219806	115.113191	115.245985	115.148097	
41.50442	115.232008	115.113191	115.258188	115.148097	
41.51445	115.244551	115.121917	115.270731	115.156824	
41.52459	115.257852	115.121917	115.284032	115.156824	
41.53472	115.271766	115.139371	115.297946	115.156824	
41.54487	115.286319	115.148097	115.312499	115.165551	
41.55502	115.301498	115.156824	115.327678	115.174277	
41.56516	115.317276	115.174277	115.343456	115.183004	
41.57528	115.333618	115.191731	115.359798	115.200457	
41.58542	115.350641	115.209184	115.376821	115.209184	
41.59556	115.368248	115.217911	115.394428	115.235364	
41.60569	115.386548	115.226637	115.412728	115.244091	
41.61583	115.405331	115.244091	115.431511	115.27027	
41.62597	115.424801	115.252817	115.450981	115.287724	
41.63609	115.44485	115.261544	115.47103	115.313904	
41.64625	115.465595	115.27027	115.491775	115.340084	
41.65644	115.48704	115.278997	115.51322	115.357537	
41.66651	115.508834	115.287724	115.535014	115.383717	
41.67665	115.531392	115.29645	115.557572	115.40117	
41.68679	115.55455	115.29645	115.580729	115.418623	
41.69695	115.578406	115.313904	115.604586	115.444803	
41.70707	115.602756	115.331357	115.628936	115.462257	
41.71721	115.627789	115.357537	115.653969	115.488437	
41.72738	115.653496	115.37499	115.679676	115.50589	
41.73748	115.679668	115.40117	115.705848	115.523343	
41.74762	115.706514	115.436077	115.732694	115.55825	
41.75798	115.734645	115.462257	115.760825	115.575703	
41.76794	115.762246	115.497163	115.788426	115.601883	
41.77806	115.79091	115.53207	115.81709	115.628063	
41.78819	115.820242	115.55825	115.846422	115.66297	
41.79833	115.850194	115.593156	115.876374	115.689149	
41.80851	115.880911	115.628063	115.907091	115.715329	
41.81861	115.911968	115.66297	115.938148	115.741509	
41.82876	115.943812	115.697876	115.969992	115.776416	
41.83902	115.976639	115.732783	116.002819	115.802596	
41.84905	116.00932	115.758963	116.0355	115.837502	
41.85918	116.042949	115.793869	116.069129	115.872409	
41.86936	116.077354	115.828776	116.103534	115.907316	
41.87948	116.112192	115.872409	116.138372	115.942222	
41.88961	116.147656	115.907316	116.173836	115.985855	
41.89974	116.183776	115.950949	116.209956	116.029489	
41.90992	116.220664	115.994582	116.246844	116.064395	
41.92002	116.25788	116.029489	116.28406	116.108028	
41.93017	116.29588	116.073122	116.32206	116.151662	
41.94037	116.334732	116.116755	116.360912	116.186568	
41.95047	116.373812	116.169115	116.399992	116.230202	
41.96067	116.413879	116.204022	116.440059	116.273835	
41.97074	116.454036	116.247655	116.480216	116.317468	
41.98086	116.495012	116.300015	116.521192	116.361101	
41.99103	116.53682	116.343648	116.563	116.404734	
42.00112	116.578895	116.378555	116.605075	116.448368	
42.01127	116.621879	116.430914	116.648059	116.500728	
42.0214	116.665337	116.474548	116.691517	116.535634	
42.03154	116.709504	116.518181	116.735684	116.587994	
42.04179	116.75477	116.570541	116.78095	116.631627	
42.05188	116.799917	116.614174	116.826097	116.67526	
42.06195	116.845592	116.657807	116.871772	116.718894	
42.07209	116.892273	116.710167	116.918453	116.771254	
42.08222	116.939407	116.762527	116.965587	116.814887	
42.09236	116.987256	116.80616	117.013436	116.85852	
42.10248	117.035625	116.85852	117.061805	116.91088	
42.11264	117.084815	116.902153	117.110995	116.954513	
42.12274	117.13429	116.954513	117.16047	117.006873	
42.13289	117.184655	117.006873	117.210835	117.059233	
42.14306	117.23573	117.059233	117.26191	117.102866	
42.15358	117.289264	117.111593	117.315444	117.155226	
42.16369	117.341297	117.155226	117.367477	117.198859	
42.17383	117.394087	117.207586	117.420267	117.251219	
42.18399	117.447692	117.259946	117.473872	117.303579	
42.19409	117.501457	117.312306	117.527636	117.355939	
42.20423	117.556112	117.364666	117.582292	117.408299	
42.21437	117.611406	117.425752	117.637586	117.460659	
42.22455	117.667519	117.478112	117.693699	117.513019	
42.23465	117.723784	117.530472	117.749964	117.565378	
42.24479	117.780902	117.600285	117.807082	117.617738	
42.25495	117.838751	117.652645	117.864931	117.678825	
42.26618	117.903557	117.705005	117.929737	117.739911	
42.27523	117.956128	117.774818	117.982308	117.792271	
42.28538	118.015792	117.835904	118.041972	117.853358	
42.2955	118.075893	117.896991	118.102073	117.905718	
42.30562	118.136566	117.949351	118.162746	117.966804	
42.31577	118.198038	118.019164	118.224218	118.027891	
42.32594	118.260294	118.080251	118.286474	118.088977	
42.33603	118.322639	118.141337	118.348819	118.150064	
42.34616	118.385892	118.202424	118.412072	118.21115	
42.35629	118.449748	118.26351	118.475928	118.280963	
42.36645	118.5144	118.333323	118.54058	118.34205	
42.3766	118.579568	118.403136	118.605748	118.403136	
42.38672	118.645248	118.464223	118.671428	118.47295	
42.39687	118.71165	118.52531	118.73783	118.534036	
42.40699	118.778542	118.595123	118.804722	118.595123	
42.41712	118.846096	118.664936	118.872276	118.664936	
42.42739	118.915221	118.734749	118.941401	118.734749	
42.43739	118.983066	118.795836	119.009246	118.804562	
42.44757	119.052787	118.865649	119.078967	118.865649	
42.45769	119.122759	118.935462	119.148939	118.935462	
42.46787	119.193728	119.014002	119.219908	119.005275	
42.47797	119.264769	119.083815	119.290949	119.075088	
42.48812	119.336818	119.153628	119.362998	119.144901	
42.49826	119.409283	119.232168	119.435463	119.214715	
42.50841	119.48251	119.301981	119.50869	119.293254	
42.51853	119.556185	119.371794	119.582365	119.363068	
42.52872	119.630936	119.450334	119.657116	119.432881	
42.53881	119.705569	119.520147	119.731749	119.511421	
42.54908	119.782194	119.598687	119.808374	119.58996	
42.55914	119.857815	119.677227	119.883995	119.6685	
42.56922	119.934243	119.74704	119.960423	119.74704	
42.57938	120.01183	119.82558	120.03801	119.82558	
42.5895	120.089786	119.895393	120.115966	119.90412	
42.59969	120.168898	119.973933	120.195078	119.991386	
42.60986	120.248492	120.043746	120.274672	120.061199	
42.61996	120.328076	120.122286	120.354256	120.139739	
42.6301	120.408649	120.192099	120.434829	120.218279	
42.64036	120.490827	120.270639	120.517007	120.305545	
42.65043	120.572014	120.349179	120.598194	120.384085	
42.66049	120.653816	120.427718	120.679996	120.462625	
42.67069	120.737327	120.497532	120.763507	120.541165	
42.68081	120.820804	120.576071	120.846984	120.619705	
42.69091	120.904769	120.654611	120.930949	120.689518	
42.70133	120.992029	120.741878	121.018209	120.776784	
42.71145	121.077392	120.811691	121.103572	120.864051	
42.72159	121.163481	120.898957	121.189661	120.933864	
42.73178	121.25067	120.986224	121.27685	121.02113	
42.74231	121.341418	121.064764	121.367598	121.108397	
42.75244	121.429348	121.15203	121.455528	121.195663	
42.76249	121.517144	121.23057	121.543323	121.28293	
42.77264	121.606469	121.317836	121.632649	121.36147	
42.78276	121.696225	121.405103	121.722404	121.457463	
42.79293	121.78692	121.483643	121.8131	121.544729	
42.80304	121.877755	121.579636	121.903935	121.631996	
42.8132	121.969632	121.658176	121.995812	121.719262	
42.82332	122.061807	121.754169	122.087987	121.806528	
42.83347	122.154792	121.832708	122.180971	121.902522	
42.84359	122.24817	121.928702	122.27435	121.998515	
42.85372	122.342256	122.015968	122.368436	122.085781	
42.86387	122.437091	122.103234	122.463271	122.181774	
42.87403	122.532742	122.207954	122.558922	122.269041	
42.88417	122.628746	122.295221	122.654926	122.365034	
42.89433	122.725598	122.391214	122.751778	122.461027	
42.90451	122.823224	122.487207	122.849404	122.55702	
42.91463	122.920877	122.591927	122.947057	122.653013	
42.92473	123.019036	122.696646	123.045216	122.749006	
42.93487	123.118154	122.79264	123.144334	122.853726	
42.94504	123.218216	122.897359	123.244396	122.958446	
42.95518	123.3185	123.002079	123.34468	123.054439	
42.96533	123.419601	123.098072	123.445781	123.159159	
42.9755	123.521401	123.202792	123.547581	123.263878	
42.98558	123.623028	123.307512	123.649208	123.359872	
42.9957	123.725572	123.412231	123.751752	123.464591	
43.00588	123.82946	123.516951	123.85564	123.569311	
43.01603	123.933639	123.621671	123.959819	123.674031	
43.02615	124.037989	123.726391	124.064169	123.778751	
43.03627	124.14311	123.83111	124.16929	123.88347	
43.04641	124.249077	123.944557	124.275257	123.98819	
43.05658	124.355832	124.058003	124.382012	124.09291	
43.06669	124.462652	124.162723	124.488832	124.19763	
43.07683	124.570343	124.276169	124.596522	124.311076	
43.08699	124.67893	124.389616	124.70511	124.415796	
43.0971	124.787573	124.503062	124.813753	124.529242	
43.10722	124.897015	124.616509	124.923195	124.633962	
43.11756	125.009483	124.729955	125.035663	124.747408	
43.12751	125.11813	124.843401	125.14431	124.860855	
43.13765	125.229619	124.965574	125.255798	124.974301	
43.14784	125.342226	125.070294	125.368406	125.087747	
43.15792	125.454236	125.183741	125.480416	125.192467	
43.16807	125.567643	125.305914	125.593823	125.31464	
43.1782	125.681397	125.41936	125.707577	125.428087	
43.18834	125.795891	125.532806	125.822071	125.541533	
43.19849	125.911242	125.646253	125.937422	125.646253	
43.20865	126.027224	125.768426	126.053404	125.768426	
43.21875	126.143062	125.881872	126.169242	125.881872	
43.22902	126.261627	125.995319	126.287807	125.995319	
43.2391	126.378558	126.117492	126.404738	126.117492	
43.24919	126.496192	126.230938	126.522372	126.239665	
43.25935	126.615229	126.353111	126.641409	126.353111	
43.2718	126.762264	126.466558	126.788444	126.475284	
43.27962	126.85477	126.580004	126.88095	126.597457	
43.28977	126.975649	126.702177	127.001829	126.710904	
43.29988	127.096495	126.815623	127.122675	126.833077	
43.31012	127.219651	126.92907	127.245831	126.95525	
43.3286	127.441471	127.051243	127.467651	127.068696	
43.33311	127.495591	127.199596	127.521771	127.217049	
43.34328	127.617643	127.304316	127.643823	127.330496	
43.35339	127.738915	127.426489	127.765095	127.452669	
43.36351	127.860427	127.548662	127.886607	127.566115	
43.37366	127.982191	127.670835	128.008371	127.688288	
43.38379	128.103751	127.784281	128.129931	127.810461	
43.39397	128.225923	127.906454	128.252103	127.932634	
43.4041	128.347411	128.028627	128.373591	128.054807	
43.41424	128.469079	128.142074	128.495259	128.17698	
43.42444	128.591503	128.272973	128.617683	128.299153	
43.43454	128.712787	128.38642	128.738967	128.430053	
43.44479	128.835763	128.517319	128.861943	128.552226	
43.4549	128.957023	128.630766	128.983203	128.683126	
43.46506	129.078919	128.761666	129.105099	128.805299	
43.47517	129.200275	128.875112	129.226455	128.927472	
43.48531	129.321943	128.997285	129.348123	129.049645	
43.49546	129.443743	129.119458	129.469923	129.171818	
43.50562	129.565687	129.250358	129.591867	129.302718	
43.51574	129.687175	129.372531	129.713355	129.424891	
43.52592	129.809347	129.494704	129.835527	129.55579	
43.53603	129.930595	129.616877	129.956775	129.677963	
43.54614	130.051915	129.747777	130.078095	129.800136	
43.55628	130.173607	129.86995	130.199787	129.931036	
43.56641	130.295131	129.992123	130.321311	130.053209	
43.5766	130.417447	130.123022	130.443627	130.175382	
43.58668	130.538419	130.236469	130.564599	130.297555	
43.59681	130.660003	130.367368	130.686183	130.428455	
43.60696	130.781851	130.489542	130.808031	130.541901	
43.61708	130.903243	130.620441	130.929423	130.672801	
43.62721	131.024791	130.742614	131.050971	130.794974	
43.63737	131.146759	130.864787	131.172939	130.917147	
43.6475	131.268283	130.995687	131.294463	131.03932	
43.65764	131.389939	131.11786	131.416119	131.161493	
43.66777	131.512147	131.24876	131.538327	131.283666	
43.67796	131.633731	131.370933	131.659911	131.405839	
43.68807	131.755147	131.493106	131.781327	131.528012	
43.6982	131.876683	131.624006	131.902863	131.650185	
43.70836	131.998615	131.746179	132.024795	131.772359	
43.71863	132.121903	131.877078	132.148083	131.894532	
43.72883	132.244171	131.999251	132.270351	132.016705	
43.73896	132.365779	132.121424	132.391959	132.138878	
43.7491	132.487495	132.252324	132.513675	132.269777	
43.75926	132.609367	132.374497	132.635547	132.39195	
43.76934	132.730375	132.49667	132.756555	132.52285	
43.77949	132.852139	132.618843	132.878319	132.645023	
43.78961	132.973615	132.741016	132.999795	132.767196	
43.79978	133.095559	132.863189	133.121739	132.889369	
43.81802	133.314225	133.072629	133.340404	133.107535	
43.82281	133.36817	133.133715	133.39435	133.168622	
43.83294	133.487385	133.255888	133.513565	133.290795	
43.84308	133.606172	133.378061	133.632352	133.404241	
43.85323	133.7244	133.491508	133.75058	133.526414	
43.8634	133.842218	133.604954	133.868398	133.639861	
43.87349	133.958593	133.727127	133.984773	133.762034	
43.88363	134.07488	133.831847	134.10106	133.87548	
43.89378	134.190586	133.95402	134.216766	133.988927	
43.90389	134.305404	134.067466	134.331584	134.1111	
43.91408	134.420259	134.180913	134.446439	134.233273	
43.92421	134.534003	134.303086	134.560183	134.346719	
43.93434	134.647088	134.416532	134.673268	134.460166	
43.94457	134.760758	134.529979	134.786938	134.582339	
43.95463	134.871829	134.652152	134.898009	134.687058	
43.96476	134.983057	134.765598	135.009237	134.809231	
43.97491	135.093811	134.879045	135.119991	134.931404	
43.98503	135.203755	134.983764	135.229935	135.036124	
43.99518	135.313396	135.105937	135.339576	135.149571	
44.00531	135.422122	135.210657	135.448302	135.263017	
44.01546	135.530478	135.324104	135.556658	135.376463	
44.02557	135.637827	135.43755	135.664007	135.48991	
44.0357	135.744733	135.550996	135.770912	135.59463	
44.04586	135.851388	135.655716	135.877568	135.708076	
44.05612	135.95849	135.769163	135.98467	135.821522	
44.06617	136.062762	135.882609	136.088942	135.926242	
44.07628	136.167032	135.996055	136.193212	136.039689	
44.08642	136.270985	136.100775	136.297165	136.144408	
44.09661	136.374839	136.205495	136.401018	136.249128	
44.10668	136.476825	136.310215	136.503005	136.353848	
44.11681	136.578855	136.414934	136.605035	136.458568	
44.12696	136.680419	136.519654	136.706599	136.554561	
44.1371	136.781387	136.624374	136.807567	136.65928	
44.14723	136.881485	136.729094	136.907665	136.755274	
44.15736	136.981057	136.833813	137.007237	136.859993	
44.16753	137.08046	136.938533	137.10664	136.955986	
44.17764	137.178562	137.043253	137.204742	137.060706	
44.18786	137.277084	137.147973	137.303264	137.156699	
44.19796	137.37392	137.252692	137.4001	137.261419	
44.2081	137.470589	137.348685	137.496769	137.357412	
44.21821	137.566239	137.444679	137.592419	137.453405	
44.22834	137.66152	137.549398	137.6877	137.549398	
44.23851	137.756503	137.645391	137.782683	137.654118	
44.24867	137.850849	137.741385	137.877029	137.741385	
44.25879	137.94414	137.837378	137.97032	137.828651	
44.26943	138.044315	137.933371	138.070495	137.933371	
44.27923	138.130827	138.020637	138.157007	138.020637	
44.28925	138.22134	138.11663	138.24752	138.107904	
44.2994	138.312516	138.203897	138.338696	138.212623	
44.30952	138.402732	138.29989	138.428911	138.29989	
44.31972	138.493125	138.395883	138.519305	138.387156	
44.32987	138.582357	138.483149	138.608537	138.483149	
44.33998	138.670724	138.570416	138.696904	138.570416	
44.35013	138.758807	138.648956	138.784986	138.666409	
44.36033	138.846683	138.744949	138.872863	138.753676	
44.37067	138.935148	138.823489	138.961328	138.840942	
44.38054	139.018983	138.910755	139.045163	138.936935	
44.39068	139.104465	138.998022	139.130645	139.015475	
44.40083	139.189499	139.076561	139.215679	139.111468	
44.41094	139.273549	139.155101	139.299729	139.190008	
44.43052	139.433509	139.242368	139.459689	139.277274	
44.43503	139.470381	139.347087	139.496561	139.390721	
44.44522	139.552985	139.425627	139.579165	139.469261	
44.45537	139.634684	139.504167	139.660864	139.539074	
44.4655	139.715603	139.582707	139.741782	139.617614	
44.47561	139.795807	139.661247	139.821987	139.696153	
44.48575	139.875534	139.739787	139.901714	139.774693	
44.49589	139.954725	139.818326	139.980905	139.853233	
44.50613	140.034008	139.896866	140.060188	139.923046	
44.5162	140.111436	139.975406	140.137616	140.001586	
44.52634	140.188718	140.045219	140.214898	140.080126	
44.53654	140.265912	140.123759	140.292092	140.158666	
44.5466	140.341418	140.202299	140.367598	140.237205	
44.55675	140.416961	140.272112	140.44314	140.307019	
44.56688	140.491759	140.341925	140.517939	140.385558	
44.57705	140.566271	140.420465	140.592451	140.464098	
44.58716	140.639686	140.490278	140.665866	140.542638	
44.59731	140.712778	140.568818	140.738958	140.612451	
44.60746	140.785271	140.638631	140.811451	140.690991	
44.61764	140.857318	140.708444	140.883498	140.760804	
44.62783	140.928895	140.778257	140.955075	140.830617	
44.6379	140.999015	140.848071	141.025195	140.900431	
44.64806	141.069097	140.917884	141.095277	140.970244	
44.65821	141.138532	140.987697	141.164712	141.040057	
44.66836	141.20734	141.05751	141.23352	141.10987	
44.67849	141.27545	141.127323	141.30163	141.179683	
44.68871	141.343474	141.197136	141.369654	141.249496	
44.69879	141.409987	141.26695	141.436167	141.31931	
44.70899	141.476695	141.336763	141.502875	141.389123	
44.71912	141.542331	141.406576	141.568511	141.458936	
44.72923	141.607199	141.476389	141.633379	141.528749	
44.73936	141.671573	141.546202	141.697753	141.589836	
44.7495	141.735438	141.616016	141.761618	141.659649	
44.75964	141.798667	141.685829	141.824847	141.720735	
44.76979	141.861383	141.755642	141.887563	141.790548	
44.77991	141.923325	141.816728	141.949505	141.851635	
44.79006	141.984802	141.877815	142.010981	141.912721	
44.80028	142.046039	141.938901	142.072219	141.982535	
44.81038	142.106043	141.999988	142.132223	142.043621	
44.82089	142.167778	142.061074	142.193958	142.104708	
44.83067	142.224651	142.122161	142.250831	142.157068	
44.84081	142.283004	142.174521	142.309184	142.218154	
44.8509	142.340467	142.244334	142.366647	142.279241	
44.86104	142.397632	142.296694	142.423812	142.331601	
44.87121	142.454314	142.349054	142.480494	142.392687	
44.88132	142.51008	142.41014	142.53626	142.445047	
44.89149	142.565578	142.471227	142.591758	142.506133	
44.90159	142.620098	142.523587	142.646278	142.558493	
44.91182	142.674632	142.584673	142.700812	142.610853	
44.92194	142.728009	142.64576	142.754189	142.663213	
44.93205	142.78076	142.69812	142.80694	142.715573	
44.94238	142.833984	142.759206	142.860164	142.767933	
44.95236	142.884846	142.811566	142.911026	142.820293	
44.96247	142.935797	142.872653	142.961977	142.872653	
44.97262	142.98628	142.925012	143.01246	142.925012	
44.98273	143.035991	142.977372	143.062171	142.977372	
44.99288	143.085264	143.029732	143.111444	143.029732	
45.00302	143.133878	143.082092	143.160058	143.082092	
45.01315	143.181862	143.125725	143.208042	143.134452	
45.0233	143.229342	143.178085	143.255522	143.178085	
45.03343	143.276091	143.221718	143.302271	143.230445	
45.04356	143.322245	143.274078	143.348425	143.274078	
45.05369	143.367816	143.317712	143.393996	143.326438	
45.06383	143.412812	143.361345	143.438992	143.378798	
45.08184	143.490416	143.448611	143.516596	143.457338	
45.08632	143.50976	143.466065	143.53594	143.483518	
45.09651	143.553041	143.518424	143.579221	143.527151	
45.10663	143.595375	143.562058	143.621555	143.570784	
45.11674	143.637112	143.605691	143.663292	143.614418	
45.12689	143.678395	143.640597	143.704575	143.658051	
45.13702	143.718947	143.684231	143.745127	143.692957	
45.14715	143.758956	143.727864	143.785136	143.736591	
45.15728	143.79835	143.771497	143.82453	143.780224	
45.16744	143.837229	143.81513	143.863409	143.823857	
45.17762	143.875624	143.850037	143.901804	143.858764	
45.18776	143.913397	143.884944	143.939577	143.902397	
45.1979	143.950224	143.91985	143.976404	143.937303	
45.20807	143.986753	143.954757	144.012933	143.97221	
45.21821	144.022556	143.989663	144.048736	144.007117	
45.22836	144.057812	144.02457	144.083992	144.042023	
45.23849	144.092365	144.059476	144.118545	144.07693	
45.24871	144.126627	144.094383	144.152807	144.111836	
45.25877	144.159766	144.120563	144.185946	144.146743	
45.26897	144.192756	144.15547	144.218936	144.18165	
45.27922	144.225316	144.18165	144.251495	144.207829	
45.28925	144.256581	144.207829	144.282761	144.242736	
45.29937	144.287516	144.234009	144.313696	144.268916	
45.30957	144.318104	144.268916	144.344284	144.303823	
45.31968	144.347824	144.295096	144.374004	144.330002	
45.3298	144.376959	144.321276	144.403139	144.356182	
45.33992	144.405523	144.347456	144.431703	144.391089	
45.35009	144.433631	144.373636	144.459811	144.417269	
45.36027	144.46117	144.399816	144.48735	144.443449	
45.3704	144.487954	144.425996	144.514134	144.469629	
45.38048	144.514034	144.452176	144.540214	144.495809	
45.39064	144.539737	144.478355	144.565917	144.521989	
45.40079	144.564796	144.495809	144.590976	144.548169	
45.41089	144.589167	144.521989	144.615347	144.565622	
45.42105	144.613082	144.548169	144.639262	144.600529	
45.43135	144.636699	144.565622	144.662878	144.617982	
45.44132	144.659002	144.583075	144.685182	144.635435	
45.45148	144.681133	144.609255	144.707313	144.661615	
45.4616	144.702609	144.626708	144.728789	144.679068	
45.47958	144.738487	144.661615	144.764667	144.713975	
45.48406	144.747472	144.670342	144.773652	144.722702	
45.49422	144.767132	144.687795	144.793312	144.740155	
45.50435	144.786159	144.705248	144.812339	144.766335	
45.51448	144.804587	144.722702	144.830767	144.775061	
45.52464	144.822498	144.740155	144.848678	144.801241	
45.53476	144.839756	144.748882	144.865936	144.809968	
45.54492	144.856508	144.757608	144.882688	144.827421	
45.55503	144.872602	144.775061	144.898782	144.844875	
45.56516	144.888144	144.792515	144.914324	144.862328	
45.57534	144.903192	144.792515	144.929372	144.879781	
45.58543	144.917529	144.809968	144.943709	144.879781	
45.59557	144.931382	144.818695	144.957562	144.897235	
45.6057	144.94464	144.827421	144.97082	144.914688	
45.61584	144.957353	144.836148	144.983533	144.914688	
45.62605	144.969571	144.844875	144.995751	144.932141	
45.63612	144.981074	144.853601	145.007254	144.940868	
45.64626	144.992106	144.862328	145.018286	144.949594	
45.65639	145.002556	144.871055	145.028736	144.949594	
45.66653	145.012475	144.879781	145.038655	144.949594	
45.67667	145.021835	144.879781	145.048015	144.958321	
45.6868	145.030639	144.888508	145.056819	144.958321	
45.69695	145.038927	144.897235	145.065107	144.958321	
45.70706	145.046641	144.897235	145.072821	144.958321	
45.71722	145.053855	144.897235	145.080035	144.958321	
45.72742	145.060572	144.897235	145.086752	144.958321	
45.7375	145.06669	144.897235	145.09287	144.958321	
45.74763	145.072332	144.897235	145.098512	144.958321	
45.75777	145.077492	144.897235	145.103672	144.958321	
45.76793	145.082123	144.897235	145.108303	144.958321	
45.77813	145.086298	144.897235	145.112478	144.958321	
45.78818	145.089957	144.897235	145.116137	144.958321	
45.79834	145.09319	144.897235	145.11937	144.958321	
45.80847	145.095979	144.897235	145.122159	144.958321	
45.81862	145.09835	144.897235	145.12453	144.958321	
45.82876	145.100324	144.897235	145.126504	144.958321	
45.83899	145.101941	144.897235	145.128121	144.958321	
45.84907	145.106561	144.897235	145.132741	144.958321	
45.85919	145.106561	144.897235	145.132741	144.958321	
45.86933	145.106561	144.897235	145.132741	144.958321	
45.87948	145.106561	144.897235	145.132741	144.958321	
45.88961	145.106561	144.897235	145.132741	144.958321	
45.89974	145.106561	144.897235	145.132741	144.958321	
45.90987	145.106561	144.897235	145.132741	144.958321	
45.92002	145.106561	144.897235	145.132741	144.958321	
45.93031	145.106561	144.897235	145.132741	144.958321	
45.94044	145.106561	144.897235	145.132741	144.958321	
45.95052	145.106561	144.897235	145.132741	144.958321	
45.96075	145.106561	144.897235	145.132741	144.958321	
45.97078	145.106561	144.897235	145.132741	144.958321	
45.98115	145.106561	144.897235	145.132741	144.958321	
45.99107	145.106561	144.897235	145.132741	144.958321	
46.00121	145.106561	144.897235	145.132741	144.958321	
46.01138	145.106561	144.897235	145.132741	144.958321	
46.02149	145.106561	144.897235	145.132741	144.958321	
46.03167	145.106561	144.897235	145.132741	144.958321	
46.04986	145.106561	144.897235	145.132741	144.958321	
46.05435	145.106561	144.897235	145.132741	144.958321	
46.06448	145.106561	144.897235	145.132741	144.958321	
46.07463	145.106561	144.897235	145.132741	144.958321	
46.08475	145.106561	144.897235	145.132741	144.958321	
46.09491	145.106561	144.897235	145.132741	144.958321	
46.10507	145.106561	144.897235	145.132741	144.958321	
46.11517	145.106561	144.897235	145.132741	144.958321	
46.12531	145.106561	144.897235	145.132741	144.958321	
46.13549	145.106561	144.897235	145.132741	144.958321	
46.14562	145.106561	144.897235	145.132741	144.958321	
46.15572	145.106561	144.897235	145.132741	144.958321	
46.16587	145.106561	144.897235	145.132741	144.958321	
46.17601	145.106561	144.897235	145.132741	144.958321	
46.18621	145.106561	144.897235	145.132741	144.958321	
46.19628	145.106561	144.897235	145.132741	144.958321	
46.20641	145.106561	144.897235	145.132741	144.958321	
46.2166	145.106561	144.897235	145.132741	144.958321	
46.22669	145.106561	144.897235	145.132741	144.958321	
46.23682	145.106561	144.897235	145.132741	144.958321	
46.24697	145.106561	144.897235	145.132741	144.958321	
46.25713	145.106561	144.897235	145.132741	144.958321	
46.26727	145.106561	144.897235	145.132741	144.958321	
46.28738	145.106561	144.897235	145.132741	144.958321	
46.29203	145.106561	144.897235	145.132741	144.958321	
46.30218	145.106561	144.897235	145.132741	144.958321	
46.31231	145.106561	144.897235	145.132741	144.958321	
46.32244	145.106561	144.897235	145.132741	144.958321	
46.33258	145.106561	144.897235	145.132741	144.958321	
46.34272	145.106561	144.897235	145.132741	144.958321	
46.3529	145.106561	144.897235	145.132741	144.958321	
46.363	145.106561	144.897235	145.132741	144.958321	
46.37314	145.106561	144.897235	145.132741	144.958321	
46.38329	145.106561	144.897235	145.132741	144.958321	
46.3934	145.106561	144.897235	145.132741	144.958321	
46.40354	145.106561	144.897235	145.132741	144.958321	
46.41368	145.106561	144.897235	145.132741	144.958321	
46.42394	145.106561	144.897235	145.132741	144.958321	
46.43417	145.106561	144.897235	145.132741	144.958321	
46.44434	145.106561	144.897235	145.132741	144.958321	
46.45436	145.106561	144.897235	145.132741	144.958321	
46.46453	145.106561	144.897235	145.132741	144.958321	
46.47465	145.106561	144.897235	145.132741	144.958321	
46.48478	145.106561	144.897235	145.132741	144.958321	
46.49491	145.106561	144.897235	145.132741	144.958321	
46.50511	145.106561	144.897235	145.132741	144.958321	
46.5152	145.106561	144.897235	145.132741	144.958321	
46.52533	145.106561	144.897235	145.132741	144.958321	
46.53551	145.106561	144.897235	145.132741	144.958321	
46.54561	145.106561	144.897235	145.132741	144.958321	
46.55576	145.106561	144.897235	145.132741	144.958321	
46.56591	145.106561	144.897235	145.132741	144.958321	
46.57605	145.106561	144.897235	145.132741	144.958321	
46.58623	145.106561	144.897235	145.132741	144.958321	
46.5963	145.106561	144.897235	145.132741	144.958321	
46.60644	145.106561	144.897235	145.132741	144.958321	
46.61662	145.106561	144.897235	145.132741	144.958321	
46.62672	145.106561	144.897235	145.132741	144.958321	
46.63684	145.106561	144.897235	145.132741	144.958321	
46.647	145.106561	144.897235	145.132741	144.958321	
46.65714	145.106561	144.897235	145.132741	144.958321	
46.66725	145.106561	144.897235	145.132741	144.958321	
46.6774	145.106561	144.897235	145.132741	144.958321	
46.68754	145.106561	144.897235	145.132741	144.958321	
46.69769	145.106561	144.897235	145.132741	144.958321	
46.70785	145.106561	144.897235	145.132741	144.958321	
46.71795	145.106561	144.897235	145.132741	144.958321	
46.72811	145.106561	144.897235	145.132741	144.958321	
46.73829	145.106561	144.897235	145.132741	144.958321	
46.74842	145.106561	144.897235	145.132741	144.958321	
46.75855	145.106561	144.897235	145.132741	144.958321	
46.76876	145.106561	144.897235	145.132741	144.958321	
46.77885	145.106561	144.897235	145.132741	144.958321	
46.78902	145.106561	144.897235	145.132741	144.958321	
46.79918	145.106561	144.897235	145.132741	144.958321	
46.80927	145.106561	144.897235	145.132741	144.958321	
46.8194	145.106561	144.897235	145.132741	144.958321	
46.82954	145.106561	144.897235	145.132741	144.958321	
46.83968	145.106561	144.897235	145.132741	144.958321	
46.84981	145.106561	144.897235	145.132741	144.958321	
46.85994	145.106561	144.897235	145.132741	144.958321	
46.87008	145.106561	144.897235	145.132741	144.958321	
46.88032	145.106561	144.897235	145.132741	144.958321	
46.89058	145.106561	144.897235	145.132741	144.958321	
46.90054	145.106561	144.897235	145.132741	144.958321	
46.91069	145.106561	144.897235	145.132741	144.958321	
46.92088	145.106561	144.897235	145.132741	144.958321	
46.93095	145.106561	144.897235	145.132741	144.958321	
46.94108	145.106561	144.897235	145.132741	144.958321	
46.95124	145.106561	144.897235	145.132741	144.958321	
46.96138	145.106561	144.897235	145.132741	144.958321	
46.97153	145.106561	144.897235	145.132741	144.958321	
46.98192	145.106561	144.897235	145.132741	144.958321	
46.99188	145.106561	144.897235	145.132741	144.958321	
47.00194	145.106561	144.897235	145.132741	144.958321	
47.01208	145.106561	144.897235	145.132741	144.958321	
47.02223	145.106561	144.897235	145.132741	144.958321	
47.03234	145.106561	144.897235	145.132741	144.958321	
47.04248	145.106561	144.897235	145.132741	144.958321	
47.05261	145.106561	144.897235	145.132741	144.958321	
47.06276	145.106561	144.897235	145.132741	144.958321	
47.07299	145.106561	144.897235	145.132741	144.958321	
47.08309	145.106561	144.897235	145.132741	144.958321	
47.09322	145.106561	144.897235	145.132741	144.958321	
47.10337	145.106561	144.897235	145.132741	144.958321	
47.11349	145.106561	144.897235	145.132741	144.958321	
47.12362	145.106561	144.897235	145.132741	144.958321	
47.13376	145.106561	144.897235	145.132741	144.958321	
47.14391	145.106561	144.897235	145.132741	144.958321	
47.15452	145.106561	144.897235	145.132741	144.958321	
47.16464	145.106561	144.897235	145.132741	144.958321	
47.17477	145.106561	144.897235	145.132741	144.958321	
47.18495	145.106561	144.897235	145.132741	144.958321	
47.19503	145.106561	144.897235	145.132741	144.958321	
47.20518	145.106561	144.897235	145.132741	144.958321	
47.21534	145.106561	144.897235	145.132741	144.958321	
47.22545	145.106561	144.897235	145.132741	144.958321	
47.23557	145.106561	144.897235	145.132741	144.958321	
47.24573	145.106561	144.897235	145.132741	144.958321	
47.25587	145.106561	144.897235	145.132741	144.958321	
47.266	145.106561	144.897235	145.132741	144.958321	
47.27727	145.106561	144.897235	145.132741	144.958321	
47.2863	145.106561	144.897235	145.132741	144.958321	
47.3044	145.106561	144.897235	145.132741	144.958321	
47.30896	145.106561	144.897235	145.132741	144.958321	
47.31904	145.106561	144.897235	145.132741	144.958321	
47.33703	145.106561	144.897235	145.132741	144.958321	
47.3415	145.106561	144.897235	145.132741	144.958321	
47.35167	145.106561	144.897235	145.132741	144.958321	
47.36185	145.106561	144.897235	145.132741	144.958321	
47.37192	145.106561	144.897235	145.132741	144.958321	
47.38207	145.106561	144.897235	145.132741	144.958321	
47.39219	145.106561	144.897235	145.132741	144.958321	
47.40237	145.106561	144.897235	145.132741	144.958321	
47.41249	145.106561	144.897235	145.132741	144.958321	
47.42261	145.106561	144.897235	145.132741	144.958321	
47.43295	145.106561	144.897235	145.132741	144.958321	
47.44289	145.106561	144.897235	145.132741	144.958321	
47.45305	145.106561	144.897235	145.132741	144.958321	
47.46317	145.106561	144.897235	145.132741	144.958321	
47.47331	145.106561	144.897235	145.132741	144.958321	
47.48345	145.106561	144.897235	145.132741	144.958321	
47.49357	145.106561	144.897235	145.132741	144.958321	
47.51181	145.106561	144.897235	145.132741	144.958321	
47.5163	145.106561	144.897235	145.132741	144.958321	
47.52645	145.106561	144.897235	145.132741	144.958321	
47.53657	145.106561	144.897235	145.132741	144.958321	
47.54672	145.106561	144.897235	145.132741	144.958321	
47.55685	145.106561	144.897235	145.132741	144.958321	
47.56702	145.106561	144.897235	145.132741	144.958321	
47.57718	145.106561	144.897235	145.132741	144.958321	
47.58727	145.106561	144.897235	145.132741	144.958321	
47.59742	145.106561	144.897235	145.132741	144.958321	
47.60761	145.106561	144.897235	145.132741	144.958321	
47.61769	145.106561	144.897235	145.132741	144.958321	
47.62787	145.106561	144.897235	145.132741	144.958321	
47.6382	145.106561	144.897235	145.132741	144.958321	
47.64813	145.106561	144.897235	145.132741	144.958321	
47.65834	145.106561	144.897235	145.132741	144.958321	
47.66841	145.106561	144.897235	145.132741	144.958321	
47.67854	145.106561	144.897235	145.132741	144.958321	
47.68872	145.106561	144.897235	145.132741	144.958321	
47.69882	145.106561	144.897235	145.132741	144.958321	
47.70902	145.106561	144.897235	145.132741	144.958321	
47.7192	145.106561	144.897235	145.132741	144.958321	
47.72927	145.106561	144.897235	145.132741	144.958321	
47.73941	145.106561	144.897235	145.132741	144.958321	
47.74955	145.106561	144.897235	145.132741	144.958321	
47.75971	145.106561	144.897235	145.132741	144.958321	
47.76981	145.106561	144.897235	145.132741	144.958321	
47.77995	145.106561	144.897235	145.132741	144.958321	
47.7901	145.106561	144.897235	145.132741	144.958321	
47.80031	145.106561	144.897235	145.132741	144.967048	
47.81046	145.106561	144.897235	145.132741	144.967048	
47.82055	145.106561	144.897235	145.132741	144.975774	
47.83069	145.106561	144.905961	145.132741	144.984501	
47.84087	145.106561	144.914688	145.132741	144.984501	
47.85093	145.106561	144.923414	145.132741	144.993228	
47.86108	145.106561	144.932141	145.132741	145.001954	
47.87121	145.106561	144.940868	145.132741	145.019408	
47.88135	145.106561	144.949594	145.132741	145.019408	
47.8915	145.106561	144.967048	145.132741	145.036861	
47.90161	145.106561	144.984501	145.132741	145.045587	
47.91964	145.106561	145.010681	145.132741	145.071767	
47.92415	145.106561	145.019408	145.132741	145.071767	
47.93432	145.106561	145.036861	145.132741	145.089221	
47.94442	145.106561	145.054314	145.132741	145.097947	
47.95458	145.106561	145.071767	145.132741	145.106674	
47.96471	145.106561	145.080494	145.132741	145.124127	
47.97485	145.106561	145.106674	145.132741	145.132854	
47.98502	145.106561	145.115401	145.132741	145.141581	
47.99512	145.106561	145.132854	145.132741	145.159034	
48.00524	145.106561	145.141581	145.132741	145.159034	
48.01541	145.106561	145.159034	145.132741	145.167761	
48.02564	145.106561	145.167761	145.132741	145.176487	
48.03566	145.106561	145.176487	145.132741	145.176487	
48.04579	145.106561	145.176487	145.132741	145.176487	
48.05594	145.106561	145.176487	145.132741	145.176487	
48.06607	145.106561	145.185214	145.132741	145.176487	
48.07622	145.106561	145.185214	145.132741	145.176487	
48.08634	145.106561	145.176487	145.132741	145.176487	
48.09648	145.106561	145.176487	145.132741	145.176487	
48.1066	145.106561	145.176487	145.132741	145.176487	
48.11674	145.106561	145.176487	145.132741	145.176487	
48.12691	145.106561	145.167761	145.132741	145.176487	
48.13709	145.106561	145.167761	145.132741	145.176487	
48.14719	145.106561	145.159034	145.132741	145.176487	
48.15732	145.106561	145.150307	145.132741	145.167761	
48.16749	145.106561	145.141581	145.132741	145.159034	
48.17761	145.106561	145.141581	145.132741	145.159034	
48.18774	145.106561	145.132854	145.132741	145.159034	
48.19789	145.106561	145.124127	145.132741	145.150307	
48.20804	145.106561	145.124127	145.132741	145.150307	
48.21819	145.106561	145.115401	145.132741	145.141581	
48.2283	145.106561	145.106674	145.132741	145.141581	
48.23847	145.106561	145.106674	145.132741	145.132854	
48.2486	145.106561	145.106674	145.132741	145.132854	
48.25874	145.106561	145.097947	145.132741	145.132854	
48.26895	145.106561	145.097947	145.132741	145.124127	
48.28105	145.106561	145.089221	145.132741	145.124127	
48.28923	145.106561	145.089221	145.132741	145.124127	
48.29932	145.106561	145.089221	145.132741	145.124127	
48.30954	145.106561	145.089221	145.132741	145.124127	
48.31961	145.106561	145.089221	145.132741	145.124127	
48.32973	145.106561	145.089221	145.132741	145.124127	
48.34004	145.106561	145.089221	145.132741	145.124127	
48.35	145.106561	145.089221	145.132741	145.124127	
48.36014	145.106561	145.089221	145.132741	145.124127	
48.37809	145.106561	145.089221	145.132741	145.124127	
48.38258	145.106561	145.089221	145.132741	145.124127	
48.39274	145.106561	145.089221	145.132741	145.124127	
48.40285	145.106561	145.089221	145.132741	145.124127	
48.41297	145.106561	145.089221	145.132741	145.124127	
48.43184	145.106561	145.089221	145.132741	145.124127	
48.43634	145.106561	145.089221	145.132741	145.124127	
48.44668	145.106561	145.089221	145.132741	145.124127	
48.45663	145.106561	145.089221	145.132741	145.124127	
48.46677	145.106561	145.089221	145.132741	145.124127	
48.47691	145.106561	145.089221	145.132741	145.124127	
48.48705	145.106561	145.089221	145.132741	145.124127	
48.49719	145.106561	145.089221	145.132741	145.124127	
48.50734	145.106561	145.089221	145.132741	145.124127	
48.51746	145.106561	145.089221	145.132741	145.124127	
48.5277	145.106561	145.089221	145.132741	145.124127	
48.53787	145.106561	145.089221	145.132741	145.124127	
48.54798	145.106561	145.089221	145.132741	145.124127	
48.55811	145.106561	145.089221	145.132741	145.124127	
48.56823	145.106561	145.089221	145.132741	145.124127	
48.57848	145.106561	145.089221	145.132741	145.124127	
48.58855	145.106561	145.089221	145.132741	145.124127	
48.5987	145.106561	145.089221	145.132741	145.124127	
48.60896	145.106561	145.089221	145.132741	145.124127	
48.61942	145.106561	145.089221	145.132741	145.124127	
48.62918	145.106561	145.089221	145.132741	145.124127	
48.63925	145.106561	145.089221	145.132741	145.124127	
48.64939	145.106561	145.089221	145.132741	145.124127	
48.65955	145.106561	145.089221	145.132741	145.124127	
48.66968	145.106561	145.089221	145.132741	145.124127	
48.67984	145.106561	145.089221	145.132741	145.124127	
48.68995	145.106561	145.089221	145.132741	145.124127	
48.7001	145.106561	145.089221	145.132741	145.124127	
48.71027	145.106561	145.089221	145.132741	145.124127	
48.72061	145.106561	145.089221	145.132741	145.124127	
48.73054	145.106561	145.089221	145.132741	145.124127	
48.74068	145.106561	145.089221	145.132741	145.124127	
48.75082	145.106561	145.089221	145.132741	145.124127	
48.76105	145.106561	145.089221	145.132741	145.124127	
48.77111	145.106561	145.089221	145.132741	145.124127	
48.78123	145.106561	145.089221	145.132741	145.124127	
48.79137	145.106561	145.089221	145.132741	145.124127	
48.80152	145.106561	145.089221	145.132741	145.124127	
48.81166	145.106561	145.089221	145.132741	145.124127	
48.82185	145.106561	145.089221	145.132741	145.124127	
48.83194	145.106561	145.089221	145.132741	145.124127	
48.84205	145.106561	145.089221	145.132741	145.124127	
48.85219	145.106561	145.089221	145.132741	145.124127	
48.86238	145.106561	145.089221	145.132741	145.124127	
48.87248	145.106561	145.089221	145.132741	145.124127	
48.88262	145.106561	145.089221	145.132741	145.124127	
48.89275	145.106561	145.089221	145.132741	145.124127	
48.90288	145.106561	145.089221	145.132741	145.124127	
48.91306	145.106561	145.089221	145.132741	145.124127	
48.92316	145.106561	145.089221	145.132741	145.124127	
48.93329	145.106561	145.089221	145.132741	145.124127	
48.94343	145.106561	145.089221	145.132741	145.124127	
48.95359	145.106561	145.089221	145.132741	145.124127	
48.96371	145.106561	145.089221	145.132741	145.124127	
48.97385	145.106561	145.089221	145.132741	145.124127	
48.98399	145.106561	145.089221	145.132741	145.124127	
48.99411	145.106561	145.089221	145.132741	145.124127	
49.00424	145.106561	145.089221	145.132741	145.124127	
49.01441	145.106561	145.089221	145.132741	145.124127	
49.02452	145.106561	145.089221	145.132741	145.124127	
49.03465	145.106561	145.089221	145.132741	145.124127	
49.0448	145.106561	145.089221	145.132741	145.124127	
49.05493	145.106561	145.089221	145.132741	145.124127	
49.06512	145.106561	145.089221	145.132741	145.124127	
49.07525	145.106561	145.089221	145.132741	145.124127	
49.08536	145.106561	145.089221	145.132741	145.124127	
49.09553	145.106561	145.089221	145.132741	145.124127	
49.10563	145.106561	145.089221	145.132741	145.124127	
49.1158	145.106561	145.089221	145.132741	145.124127	
49.12593	145.106561	145.089221	145.132741	145.124127	
49.13607	145.106561	145.089221	145.132741	145.124127	
49.1462	145.106561	145.089221	145.132741	145.124127	
49.15635	145.106561	145.089221	145.132741	145.124127	
49.16648	145.106561	145.089221	145.132741	145.124127	
49.17681	145.106561	145.089221	145.132741	145.124127	
49.1869	145.106561	145.089221	145.132741	145.124127	
49.19703	145.106561	145.089221	145.132741	145.124127	
49.20717	145.106561	145.089221	145.132741	145.124127	
49.21734	145.106561	145.089221	145.132741	145.124127	
49.22745	145.106561	145.089221	145.132741	145.124127	
49.23764	145.106561	145.089221	145.132741	145.124127	
49.24784	145.106561	145.089221	145.132741	145.124127	
49.25792	145.106561	145.089221	145.132741	145.124127	
49.26806	145.106561	145.089221	145.132741	145.124127	
49.27845	145.106561	145.089221	145.132741	145.124127	
49.28841	145.106561	145.089221	145.132741	145.124127	
49.29857	145.106561	145.089221	145.132741	145.124127	
49.30867	145.106561	145.089221	145.132741	145.124127	
49.31882	145.106561	145.089221	145.132741	145.124127	
49.32904	145.106561	145.089221	145.132741	145.124127	
49.33909	145.106561	145.089221	145.132741	145.124127	
49.34923	145.106561	145.089221	145.132741	145.124127	
49.35936	145.106561	145.089221	145.132741	145.124127	
49.36952	145.106561	145.089221	145.132741	145.124127	
49.37964	145.106561	145.089221	145.132741	145.124127	
49.38981	145.106561	145.089221	145.132741	145.124127	
49.39994	145.106561	145.089221	145.132741	145.124127	
49.41007	145.106561	145.089221	145.132741	145.124127	
49.42026	145.106561	145.089221	145.132741	145.124127	
49.43043	145.106561	145.089221	145.132741	145.124127	
49.44051	145.106561	145.089221	145.132741	145.124127	
49.45086	145.106561	145.089221	145.132741	145.124127	
49.46079	145.106561	145.089221	145.132741	145.124127	
49.47092	145.106561	145.089221	145.132741	145.124127	
49.48112	145.106561	145.089221	145.132741	145.124127	
49.49122	145.106561	145.089221	145.132741	145.124127	
49.50137	145.106561	145.089221	145.132741	145.124127	
49.51154	145.106561	145.089221	145.132741	145.124127	
49.52163	145.106561	145.089221	145.132741	145.124127	
49.53959	145.106561	145.089221	145.132741	145.124127	
49.54407	145.106561	145.089221	145.132741	145.124127	
49.55421	145.106561	145.089221	145.132741	145.124127	
49.56434	145.106561	145.089221	145.132741	145.124127	
49.57449	145.106561	145.089221	145.132741	145.124127	
49.58462	145.106561	145.089221	145.132741	145.124127	
49.59477	145.106561	145.089221	145.132741	145.124127	
49.60491	145.106561	145.089221	145.132741	145.124127	
49.61505	145.106561	145.089221	145.132741	145.124127	
49.62523	145.106561	145.089221	145.132741	145.124127	
49.63531	145.106561	145.089221	145.132741	145.124127	
49.64544	145.106561	145.089221	145.132741	145.124127	
49.65562	145.106561	145.089221	145.132741	145.124127	
49.66572	145.106561	145.089221	145.132741	145.124127	
49.67588	145.106561	145.089221	145.132741	145.124127	
49.686	145.106561	145.089221	145.132741	145.124127	
49.69613	145.106561	145.089221	145.132741	145.124127	
49.70626	145.106561	145.089221	145.132741	145.124127	
49.71641	145.106561	145.089221	145.132741	145.124127	
49.72658	145.106561	145.089221	145.132741	145.124127	
49.73668	145.106561	145.089221	145.132741	145.124127	
49.74682	145.106561	145.089221	145.132741	145.124127	
49.75694	145.106561	145.089221	145.132741	145.124127	
49.76709	145.106561	145.089221	145.132741	145.124127	
49.77728	145.106561	145.089221	145.132741	145.124127	
49.78737	145.106561	145.089221	145.132741	145.124127	
49.79751	145.106561	145.089221	145.132741	145.124127	
49.80772	145.106561	145.089221	145.132741	145.124127	
49.81786	145.106561	145.089221	145.132741	145.124127	
49.82794	145.106561	145.089221	145.132741	145.124127	
49.83807	145.106561	145.089221	145.132741	145.124127	
49.84823	145.106561	145.089221	145.132741	145.124127	
49.85838	145.106561	145.089221	145.132741	145.124127	
49.86851	145.106561	145.089221	145.132741	145.124127	
49.87864	145.106561	145.089221	145.132741	145.124127	
49.88879	145.106561	145.089221	145.132741	145.124127	
49.89899	145.106561	145.089221	145.132741	145.124127	
49.9091	145.106561	145.089221	145.132741	145.124127	
49.91923	145.106561	145.089221	145.132741	145.124127	
49.92941	145.106561	145.089221	145.132741	145.124127	
49.93951	145.106561	145.089221	145.132741	145.124127	
49.94982	145.106561	145.089221	145.132741	145.124127	
49.95981	145.106561	145.089221	145.132741	145.124127	
49.96992	145.106561	145.089221	145.132741	145.124127	
49.98005	145.106561	145.089221	145.132741	145.124127	
49.99018	145.106561	145.089221	145.132741	145.124127	
50.00042	145.106561	145.089221	145.132741	145.124127	
50.01859	145.106561	145.089221	145.132741	145.124127	
50.02307	145.106561	145.089221	145.132741	145.124127	
50.03326	145.106561	145.089221	145.132741	145.124127	
50.04334	145.106561	145.089221	145.132741	145.124127	
50.05348	145.106561	145.089221	145.132741	145.124127	
50.06366	145.106561	145.089221	145.132741	145.124127	
50.07376	145.106561	145.089221	145.132741	145.124127	
50.08391	145.106561	145.089221	145.132741	145.124127	
50.09403	145.106561	145.089221	145.132741	145.124127	
50.10416	145.106561	145.089221	145.132741	145.124127	
