29.43804	60.0044592	60.0044197	60.0044592	59.9869664	
29.44815	60.0067192	60.0044197	60.0067192	59.9869664	
29.45833	60.0096244	60.0044197	60.0096244	59.9869664	
29.46846	60.0131343	60.0044197	60.0131343	59.9869664	
29.47859	60.0172532	60.0044197	60.0172532	59.995693	
29.4888	60.0220388	60.0044197	60.0220388	59.995693	
29.49885	60.0273504	60.0131463	60.0273504	59.995693	
29.509	60.0333317	60.021873	60.0333317	59.995693	
29.51914	60.0399276	60.0305996	60.0399276	59.995693	
29.52926	60.0471206	60.0393263	60.0471206	59.995693	
29.5394	60.0549468	60.0480529	60.0549468	59.995693	
29.54955	60.0634036	60.0655062	60.0634036	59.995693	
29.55968	60.0724583	60.0742329	60.0724583	59.995693	
29.5698	60.0821134	60.0916861	60.0821134	59.995693	
29.57995	60.0924127	60.1091394	60.0924127	59.995693	
29.59011	60.1033493	60.1265927	60.1033493	59.995693	
29.60021	60.1148244	60.144046	60.1148244	59.995693	
29.61037	60.1269936	60.1614993	60.1269936	59.995693	
29.62049	60.1397309	60.1789526	60.1397309	59.995693	
29.63064	60.1531196	60.1964059	60.1531196	59.995693	
29.64082	60.1671747	60.2138592	60.1671747	59.995693	
29.65109	60.1820005	60.2313125	60.1820005	60.0044197	
29.66104	60.1969375	60.2487658	60.1969375	60.0044197	
29.67117	60.2127608	60.2662191	60.2127608	60.0044197	
29.68131	60.2292287	60.2836724	60.2292287	60.0044197	
29.6915	60.2463992	60.3098523	60.2463992	60.0044197	
29.70162	60.2640515	60.3185789	60.2640515	60.0044197	
29.71175	60.2823481	60.3447589	60.2823481	60.0044197	
29.72188	60.3012526	60.3622122	60.3012526	60.0044197	
29.73203	60.3208189	60.3796655	60.3208189	60.0131463	
29.74216	60.3409639	60.3883921	60.3409639	60.021873	
29.7523	60.361746	60.3971188	60.361746	60.0305996	
29.76247	60.3832113	60.3971188	60.3832113	60.0393263	
29.77261	60.4052339	60.4058454	60.4052339	60.0567796	
29.78273	60.4277994	60.4058454	60.4277994	60.0742329	
29.79289	60.4511119	60.4058454	60.4511119	60.0916861	
29.803	60.4749051	60.4058454	60.4749051	60.1091394	
29.81314	60.4993693	60.4058454	60.4993693	60.1353194	
29.82331	60.5245728	60.4058454	60.5245728	60.1614993	
29.83342	60.550201	60.4058454	60.550201	60.1876793	
29.84354	60.5764717	60.4058454	60.5764717	60.2138592	
29.85371	60.6035104	60.4145721	60.6035104	60.2487658	
29.8639	60.6312178	60.4232987	60.6312178	60.2836724	
29.87409	60.6595483	60.440752	60.6595483	60.3098523	
29.88419	60.6882407	60.4582053	60.6882407	60.3447589	
29.89457	60.7183719	60.4756586	60.7183719	60.3796655	
29.90446	60.7476706	60.4931119	60.7476706	60.4145721	
29.91463	60.7784248	60.5192918	60.7784248	60.4582053	
29.92476	60.809638	60.5367451	60.809638	60.4931119	
29.93502	60.8419383	60.562925	60.8419383	60.5280185	
29.9451	60.8742379	60.589105	60.8742379	60.562925	
29.9552	60.9072371	60.6065583	60.9072371	60.5978316	
29.96547	60.94143	60.6327382	60.94143	60.6414649	
29.97551	60.9754206	60.6676448	60.9754206	60.6850981	
29.98559	61.0102203	60.7025514	61.0102203	60.7200047	
29.99574	61.0458181	60.737458	61.0458181	60.7723646	
30.00587	61.0819892	60.7723646	61.0819892	60.8072711	
30.01608	61.1190961	60.8072711	61.1190961	60.8509044	
30.02633	61.1569428	60.8509044	61.1569428	60.9032642	
30.03655	61.1953156	60.8945376	61.1953156	60.9468975	
30.04669	61.2340061	60.9381708	61.2340061	60.9905307	
30.05673	61.272913	60.9818041	61.272913	61.0341639	
30.06675	61.3123319	61.0254373	61.3123319	61.0865238	
30.0769	61.3529373	61.0690705	61.3529373	61.1301571	
30.08704	61.3940623	61.1214304	61.3940623	61.1825169	
30.09717	61.4357867	61.1650636	61.4357867	61.2261502	
30.1073	61.4781142	61.2174235	61.4781142	61.27851	
30.12851	61.5702193	61.2610567	61.5702193	61.3308699	
30.13305	61.5897578	61.3308699	61.5897578	61.4006831	
30.14318	61.6342789	61.3919564	61.6342789	61.453043	
30.1533	61.6793613	61.4355897	61.6793613	61.5054028	
30.16345	61.72521	61.4879495	61.72521	61.5577627	
30.17366	61.7719947	61.5403094	61.7719947	61.6101226	
30.18387	61.8193398	61.5926693	61.8193398	61.6624825	
30.19396	61.8667493	61.6450292	61.8667493	61.7148424	
30.2041	61.9150509	61.6973891	61.9150509	61.7672022	
30.21424	61.9640538	61.7497489	61.9640538	61.8195621	
30.22439	62.0134578	61.8021088	62.0134578	61.871922	
30.23455	62.0636574	61.8544687	62.0636574	61.9242819	
30.24471	62.1144861	61.9068286	62.1144861	61.9766417	
30.25485	62.1658565	61.9591884	62.1658565	62.0290016	
30.26504	62.2180581	62.0115483	62.2180581	62.0813615	
30.2752	62.2708029	62.0639082	62.2708029	62.1337214	
30.28533	62.3239438	62.1162681	62.3239438	62.1948079	
30.29549	62.3779053	62.168628	62.3779053	62.2471678	
30.30559	62.4321209	62.2209878	62.4321209	62.3082543	
30.31571	62.4870367	62.2733477	62.4870367	62.3606142	
30.32588	62.5429178	62.3257076	62.5429178	62.4129741	
30.33607	62.5994881	62.3780675	62.5994881	62.4740606	
30.34631	62.6569666	62.439154	62.6569666	62.5264205	
30.36416	62.7594901	62.5002405	62.7594901	62.587507	
30.36875	62.7858029	62.5700537	62.7858029	62.6573201	
30.3788	62.844168	62.6224136	62.844168	62.70968	
30.38897	62.9038542	62.6922267	62.9038542	62.7620399	
30.39909	62.9638537	62.7445866	62.9638537	62.8318531	
30.40925	63.024723	62.8056731	63.024723	62.8929396	
30.41937	63.0859597	62.8667597	63.0859597	62.9452995	
30.42949	63.1478356	62.9365728	63.1478356	63.006386	
30.43969	63.2107711	63.006386	63.2107711	63.0674725	
30.44978	63.2737292	63.0674725	63.2737292	63.128559	
30.45996	63.3377783	63.128559	63.3377783	63.1896456	
30.47006	63.4019906	63.1896456	63.4019906	63.2594587	
30.48019	63.467004	63.2507321	63.467004	63.3205453	
30.49038	63.5330013	63.3205453	63.5330013	63.3903584	
30.50046	63.5988589	63.3903584	63.5988589	63.4601716	
30.51061	63.6658472	63.4601716	63.6658472	63.5212581	
30.52083	63.7339871	63.5212581	63.7339871	63.5910713	
30.5309	63.801624	63.5910713	63.801624	63.6521578	
30.54103	63.8703153	63.6521578	63.8703153	63.721971	
30.55117	63.9397262	63.721971	63.9397262	63.7917842	
30.56135	64.0100203	63.7917842	64.0100203	63.8615973	
30.57145	64.0802873	63.8615973	64.0802873	63.9314105	
30.58159	64.151585	63.9314105	64.151585	64.0012237	
30.59173	64.2234074	64.0012237	64.2234074	64.0710368	
30.60187	64.2958463	64.0710368	64.2958463	64.14085	
30.61201	64.3689745	64.1495767	64.3689745	64.2106632	
30.62214	64.4428382	64.2281165	64.4428382	64.2804764	
30.63227	64.5168762	64.2979296	64.5168762	64.3502895	
30.64245	64.5920353	64.3677428	64.5920353	64.4201027	
30.65259	64.6675811	64.4462826	64.6675811	64.4986425	
30.66272	64.7437513	64.5335491	64.7437513	64.5684557	
30.67292	64.8209447	64.6120889	64.8209447	64.6469955	
30.68301	64.8979735	64.6906287	64.8979735	64.7168087	
30.69319	64.9763139	64.7691685	64.9763139	64.7953485	
30.70337	65.055292	64.856435	65.055292	64.8738883	
30.71347	65.1342437	64.9349748	65.1342437	64.9524281	
30.7236	65.2140308	65.0222413	65.2140308	65.0309679	
30.73374	65.2945217	65.1007811	65.2945217	65.1095077	
30.74389	65.3757024	65.1880476	65.3757024	65.1967742	
30.75402	65.4573789	65.275314	65.4573789	65.275314	
30.76416	65.5397043	65.3625805	65.5397043	65.3625805	
30.77435	65.6230684	65.4498469	65.6230684	65.4498469	
30.78446	65.706372	65.5371134	65.706372	65.5371134	
30.7946	65.7905403	65.6243799	65.7905403	65.6243799	
30.80477	65.8757226	65.7116463	65.8757226	65.7029197	
30.81496	65.9615527	65.7989128	65.9615527	65.7989128	
30.8251	66.0475765	65.8949059	66.0475765	65.8861793	
30.83531	66.1348649	65.9734457	66.1348649	65.9734457	
30.84562	66.223623	66.0694388	66.223623	66.0607122	
30.85549	66.3090941	66.1479787	66.3090941	66.1479787	
30.86563	66.3976177	66.2439718	66.3976177	66.2352451	
30.87573	66.4864653	66.3312382	66.4864653	66.3225116	
30.88591	66.5765339	66.4185047	66.5765339	66.409778	
30.89607	66.6671428	66.5057711	66.6671428	66.4970445	
30.90639	66.7597047	66.5930376	66.7597047	66.5930376	
30.91641	66.8501577	66.6803041	66.8501577	66.6803041	
30.9265	66.9419838	66.7762972	66.9419838	66.7762972	
30.9368	67.0363636	66.8635636	67.0363636	66.8635636	
30.94675	67.1280299	66.9508301	67.1280299	66.9508301	
30.95717	67.2247213	67.0380966	67.2247213	67.0555499	
30.96706	67.3170753	67.125363	67.3170753	67.151543	
30.97723	67.4126349	67.2213561	67.4126349	67.2388094	
30.98731	67.5079838	67.3086226	67.5079838	67.3348025	
30.99745	67.6044517	67.4046157	67.6044517	67.4395223	
31.00765	67.7022224	67.5006088	67.7022224	67.5267888	
31.01781	67.8002675	67.5966019	67.8002675	67.6227819	
31.02792	67.8982864	67.6838684	67.8982864	67.718775	
31.03808	67.9974498	67.7798615	67.9974498	67.8147681	
31.0482	68.0969049	67.8758546	68.0969049	67.9107612	
31.0584	68.1977031	67.9718477	68.1977031	68.0067543	
31.0685	68.2981514	68.0678408	68.2981514	68.1027474	
31.07865	68.3998175	68.1638339	68.3998175	68.2074672	
31.08885	68.5024788	68.259827	68.5024788	68.3034603	
31.09894	68.6046702	68.3645468	68.6046702	68.40818	
31.10905	68.7077293	68.4605399	68.7077293	68.5041731	
31.11921	68.8118262	68.5652597	68.8118262	68.6088929	
31.12934	68.9162714	68.6612528	68.9162714	68.7223393	
31.13948	69.0215101	68.7659725	69.0215101	68.8270591	
31.14963	69.1273348	68.8706923	69.1273348	68.9317788	
31.15976	69.2336816	68.975412	69.2336816	69.0452252	
31.16989	69.3405913	69.0801318	69.3405913	69.149945	
31.18002	69.4481273	69.1935782	69.4481273	69.2546647	
31.19016	69.5563543	69.298298	69.5563543	69.3593845	
31.20028	69.665068	69.4117444	69.665068	69.4641042	
31.21046	69.774963	69.5164641	69.774963	69.5775506	
31.2206	69.88514	69.6299105	69.88514	69.690997	
31.2307	69.9954281	69.7433569	69.9954281	69.7957168	
31.24089	70.1072251	69.8480767	70.1072251	69.9004365	
31.25099	70.2187757	69.9615231	70.2187757	70.0138829	
31.26111	70.3311065	70.0749695	70.3311065	70.1273293	
31.27149	70.4471021	70.1971425	70.4471021	70.2320491	
31.28157	70.5601687	70.3018623	70.5601687	70.3454955	
31.2917	70.6745153	70.4240353	70.6745153	70.4676685	
31.3019	70.7902899	70.5462084	70.7902899	70.581115	
31.31202	70.9057347	70.6596548	70.9057347	70.703288	
31.32217	71.0220946	70.7905545	71.0220946	70.8167344	
31.33228	71.1387118	70.9040009	71.1387118	70.9301808	
31.34245	71.2565037	71.0261739	71.2565037	71.0523538	
31.35257	71.3744573	71.1396203	71.3744573	71.1658003	
31.3627	71.4930613	71.27052	71.4930613	71.2792467	
31.37284	71.612423	71.3926931	71.612423	71.4014197	
31.38295	71.7321034	71.5235927	71.7321034	71.5235927	
31.39314	71.8532724	71.6370391	71.8532724	71.6370391	
31.40321	71.9736788	71.7679388	71.9736788	71.7679388	
31.41337	72.0957351	71.8901119	72.0957351	71.8813852	
31.42358	72.2183151	72.0122849	72.2183151	72.0122849	
31.4337	72.3397791	72.1431846	72.3397791	72.134458	
31.44387	72.4617831	72.2653577	72.4617831	72.256631	
31.45449	72.5927391	72.3962574	72.5927391	72.3875307	
31.46416	72.7052271	72.5184304	72.7052271	72.5097038	
31.47433	72.8272311	72.6493301	72.8272311	72.6406035	
31.48443	72.9484431	72.7715032	72.9484431	72.7627765	
31.49458	73.0703031	72.8936762	73.0703031	72.8849496	
31.50476	73.1924751	73.0245759	73.1924751	73.0158493	
31.51487	73.3137111	73.146749	73.3137111	73.1380223	
31.52503	73.4356311	73.268922	73.4356311	73.268922	
31.53527	73.5586071	73.391095	73.5586071	73.3998217	
31.54527	73.6786191	73.5132681	73.6786191	73.5219947	
31.55543	73.8004431	73.6354411	73.8004431	73.6528944	
31.56556	73.9220151	73.7576142	73.9220151	73.7837941	
31.57574	74.0442591	73.8885139	74.0442591	73.9059672	
31.58585	74.1656151	74.0019603	74.1656151	74.0368669	
31.596	74.2873071	74.1241333	74.2873071	74.1590399	
31.60611	74.4087111	74.2463064	74.4087111	74.281213	
31.61635	74.5314951	74.3684794	74.5314951	74.4121127	
31.6265	74.6532831	74.4906525	74.6532831	74.5255591	
31.63677	74.7765711	74.6128255	74.7765711	74.6564588	
31.64673	74.8960791	74.7349986	74.8960791	74.7786318	
31.65692	75.0183471	74.848445	75.0183471	74.9008048	
31.667	75.1393791	74.970618	75.1393791	75.0229779	
31.67713	75.2608791	75.0840644	75.2608791	75.1451509	
31.68784	75.3895431	75.2062375	75.3895431	75.2585973	
31.69743	75.5044431	75.3284105	75.5044431	75.389497	
31.70755	75.6259671	75.4505836	75.6259671	75.5029434	
31.7177	75.7477431	75.5727566	75.7477431	75.6251165	
31.72791	75.8702391	75.686203	75.8702391	75.7472895	
31.73807	75.9921111	75.8083761	75.9921111	75.8607359	
31.74819	76.1136231	75.9218225	76.1136231	75.982909	
31.75843	76.2365631	76.0527222	76.2365631	76.105082	
31.76866	76.3592871	76.1661686	76.3592871	76.2272551	
31.77859	76.4783871	76.2970683	76.4783871	76.3494281	
31.78873	76.6001151	76.4105147	76.6001151	76.4716012	
31.79885	76.7215911	76.5326877	76.7215911	76.5937742	
31.80902	76.8435951	76.6548607	76.8435951	76.7246739	
31.81915	76.9650951	76.7857604	76.9650951	76.846847	
31.82926	77.0864631	76.8992068	77.0864631	76.96902	
31.83944	77.2086471	77.0301065	77.2086471	77.0911931	
31.84956	77.3300031	77.1522796	77.3300031	77.2133661	
31.85977	77.4526311	77.2744526	77.4526311	77.3268125	
31.86991	77.5743351	77.3966257	77.5743351	77.4489856	
31.88008	77.6963031	77.5275254	77.6963031	77.5711586	
31.89024	77.8181511	77.6496984	77.8181511	77.6933317	
31.90032	77.9391351	77.7718715	77.9391351	77.8067781	
31.91047	78.0600835	77.8940445	78.0600835	77.9289511	
31.9206	78.1800399	78.0162176	78.1800399	78.0511241	
31.93074	78.29956	78.1471173	78.29956	78.1732972	
31.94088	78.4185829	78.2692903	78.4185829	78.2954702	
31.95902	78.6289813	78.40019	78.6289813	78.4176433	
31.96356	78.6815932	78.5398163	78.6815932	78.5747229	
31.97374	78.7989368	78.670716	78.7989368	78.6881693	
31.98387	78.9151846	78.7928891	78.9151846	78.8103424	
31.994	79.0307065	78.9150621	79.0307065	78.9237888	
32.00428	79.1475082	79.0285085	79.1475082	79.0459618	
32.01427	79.2605314	79.1506816	79.2605314	79.1681349	
32.02446	79.3746165	79.2728546	79.3746165	79.2903079	
32.03458	79.4876981	79.3950277	79.4876981	79.4037543	
32.04471	79.6002012	79.5084741	79.6002012	79.5172007	
32.05495	79.7132758	79.6219205	79.7132758	79.6393738	
32.06545	79.8286554	79.7440935	79.8286554	79.7615468	
32.07521	79.9352952	79.8575399	79.9352952	79.8662666	
32.08531	80.044978	79.9709863	80.044978	79.9884396	
32.09548	80.154921	80.0757061	80.154921	80.101886	
32.10557	80.2632986	80.1978791	80.2632986	80.2153324	
32.11812	80.3971847	80.3025989	80.3971847	80.3200522	
32.12587	80.4795346	80.4160453	80.4795346	80.4334986	
32.136	80.5865143	80.520765	80.5865143	80.546945	
32.14612	80.692893	80.6342114	80.692893	80.6516647	
32.15633	80.799416	80.7389312	80.799416	80.7563845	
32.16649	80.9050101	80.843651	80.9050101	80.8611042	
32.17658	81.0091384	80.9483707	81.0091384	80.965824	
32.18671	81.1130061	81.0443638	81.1130061	81.0705438	
32.19683	81.2162835	81.1490836	81.2162835	81.1665369	
32.20698	81.3191913	81.2450767	81.3191913	81.2712566	
32.21716	81.4217953	81.3410698	81.4217953	81.3759764	
32.22725	81.5228883	81.4370629	81.5228883	81.4719695	
32.23737	81.623671	81.5417827	81.623671	81.5766892	
32.24757	81.7246578	81.6377758	81.7246578	81.6726823	
32.25766	81.8239427	81.7337689	81.8239427	81.7686755	
32.2757	81.9991006	81.9083018	81.9991006	81.9432084	
32.28025	82.0433307	81.951935	82.0433307	81.9955683	
32.29044	82.141559	82.0479281	82.141559	82.0915614	
32.3005	82.2380019	82.1351946	82.2380019	82.1875545	
32.31065	82.3346061	82.2399144	82.3346061	82.2835476	
32.32084	82.431085	82.3359075	82.431085	82.3795407	
32.33092	82.5258556	82.4319006	82.5258556	82.4842604	
32.34106	82.6205952	82.519167	82.6205952	82.5889802	
32.3512	82.7146492	82.6238868	82.7146492	82.6849733	
32.36135	82.8082748	82.7111533	82.8082748	82.7809664	
32.37149	82.9012235	82.8071464	82.9012235	82.8682329	
32.38164	82.9935146	82.9031395	82.9935146	82.9729526	
32.39181	83.0854803	82.9904059	83.0854803	83.0602191	
32.4019	83.1761013	83.086399	83.1761013	83.1474856	
32.41206	83.2666994	83.1823922	83.2666994	83.2434787	
32.42218	83.3564033	83.2696586	83.3564033	83.3307451	
32.43231	83.4455149	83.3569251	83.4455149	83.4180116	
32.44253	83.5348554	83.4616448	83.5348554	83.5052781	
32.45262	83.6223979	83.5489113	83.6223979	83.5925445	
32.46277	83.7098983	83.6361778	83.7098983	83.6710843	
32.47299	83.7973955	83.7234442	83.7973955	83.7583508	
32.48303	83.8826906	83.8107107	83.8826906	83.8456173	
32.49317	83.9682635	83.9067038	83.9682635	83.9241571	
32.50333	84.0533163	83.9939703	84.0533163	84.0114235	
32.51344	84.1374109	84.0812367	84.1374109	84.0899634	
32.52366	84.2217718	84.1685032	84.2217718	84.1772298	
32.53391	84.3057879	84.2557696	84.3057879	84.2644963	
32.54394	84.3873936	84.3430361	84.3873936	84.3517627	
32.55408	84.4692484	84.4303026	84.4692484	84.4303026	
32.5642	84.550374	84.5088424	84.550374	84.5088424	
32.57441	84.6316227	84.5961088	84.6316227	84.5961088	
32.58453	84.7115105	84.6833753	84.7115105	84.6833753	
32.59466	84.7908601	84.7531885	84.7908601	84.7531885	
32.60481	84.8698158	84.8404549	84.8698158	84.8404549	
32.6154	84.9514891	84.9277214	84.9514891	84.9189948	
32.62517	85.026244	85.0062612	85.026244	84.9975346	
32.6352	85.1023999	85.084801	85.1023999	85.0673477	
32.64537	85.1789715	85.1633409	85.1789715	85.1458876	
32.6555	85.2547382	85.2418807	85.2547382	85.2244274	
32.66562	85.3297487	85.3116938	85.3297487	85.2942405	
32.67577	85.4043989	85.381507	85.4043989	85.3640537	
32.68596	85.4786827	85.4600468	85.4786827	85.4425935	
32.69612	85.5522299	85.5385866	85.5522299	85.5211333	
32.70634	85.6255039	85.6083998	85.6255039	85.5909465	
32.71648	85.6975974	85.678213	85.6975974	85.6607597	
32.72654	85.7685387	85.7392995	85.7685387	85.7305729	
32.73676	85.839964	85.8091127	85.839964	85.800386	
32.74677	85.9094161	85.8701992	85.9094161	85.8789258	
32.75694	85.9792639	85.9400124	85.9792639	85.948739	
32.76706	86.0482444	86.0098255	86.0482444	86.0185522	
32.77726	86.1170705	86.0709121	86.1170705	86.0883654	
32.78736	86.1847333	86.1319986	86.1847333	86.1494519	
32.79748	86.2517711	86.1843585	86.2517711	86.219265	
32.80764	86.3185735	86.2541716	86.3185735	86.2890782	
32.81782	86.3848928	86.3152582	86.3848928	86.3588914	
32.82794	86.4501656	86.3763447	86.4501656	86.4199779	
32.83811	86.5151352	86.4374312	86.5151352	86.4810644	
32.84823	86.5792377	86.4985177	86.5792377	86.5334243	
32.85841	86.6430738	86.5596043	86.6430738	86.6032375	
32.86851	86.7058259	86.6119641	86.7058259	86.664324	
32.87864	86.7680958	86.6730507	86.7680958	86.7166839	
32.88883	86.8301862	86.7341372	86.8301862	86.7777704	
32.89891	86.8910148	86.7864971	86.8910148	86.8388569	
32.90904	86.951519	86.8475836	86.951519	86.8999435	
32.91917	87.0114051	86.8999435	87.0114051	86.9523033	
32.92935	87.0709791	86.9523033	87.0709791	87.0221165	
32.93946	87.1295191	87.0133899	87.1295191	87.0744764	
32.94957	87.1874617	87.0570231	87.1874617	87.1268363	
32.95978	87.2453763	87.1181096	87.2453763	87.1879228	
32.96986	87.3019743	87.1704695	87.3019743	87.2490093	
32.97998	87.3581965	87.231556	87.3581965	87.3013692	
32.99013	87.4139491	87.2839159	87.4139491	87.3537291	
33.00027	87.4690407	87.3362758	87.4690407	87.4060889	
33.01047	87.5238221	87.3886356	87.5238221	87.4671755	
33.02055	87.5773953	87.4409955	87.5773953	87.5195353	
33.03068	87.6306072	87.4933554	87.6306072	87.5718952	
33.04085	87.68347	87.5457153	87.68347	87.6242551	
33.05097	87.7354302	87.6068018	87.7354302	87.676615	
33.06111	87.7868772	87.650435	87.7868772	87.7289749	
33.07123	87.8376354	87.7115216	87.8376354	87.7813347	
33.08141	87.8880926	87.7551548	87.8880926	87.8336946	
33.09151	87.9375409	87.8162413	87.9375409	87.8860545	
33.10186	87.9875805	87.8686012	87.9875805	87.9296877	
33.11199	88.035983	87.9209611	88.035983	87.9907742	
33.12211	88.0837215	87.9733209	88.0837215	88.0344075	
33.13226	88.1309676	88.0256808	88.1309676	88.0867673	
33.14242	88.1776676	88.0780407	88.1776676	88.1391272	
33.15255	88.2236058	88.1304006	88.2236058	88.1827605	
33.1627	88.269052	88.1740338	88.269052	88.2351203	
33.17282	88.3137682	88.2263937	88.3137682	88.2787536	
33.18295	88.3579349	88.2787536	88.3579349	88.3311134	
33.19314	88.4017353	88.3136602	88.4017353	88.3834733	
33.20339	88.4452178	88.36602	88.4452178	88.4183799	
33.21337	88.4869505	88.4096533	88.4869505	88.4707398	
33.22354	88.5288297	88.4532865	88.5288297	88.514373	
33.23365	88.5699256	88.4969197	88.5699256	88.5580062	
33.24377	88.6106299	88.540553	88.6106299	88.6016395	
33.25393	88.6504824	88.5841862	88.6504824	88.6452727	
33.26407	88.6898935	88.6190928	88.6898935	88.6976326	
33.27421	88.7286803	88.662726	88.7286803	88.7325392	
33.28435	88.7668481	88.6976326	88.7668481	88.7761724	
33.29449	88.8045245	88.7412658	88.8045245	88.8198056	
33.30463	88.8414377	88.7761724	88.8414377	88.8547122	
33.31479	88.8778689	88.8198056	88.8778689	88.8983455	
33.325	88.9138848	88.8547122	88.9138848	88.933252	
33.33511	88.9489488	88.8983455	88.9489488	88.9768853	
33.34525	88.9835444	88.933252	88.9835444	89.0117919	
33.35533	89.0173193	88.9681586	89.0173193	89.0466984	
33.36546	89.0506992	89.0030652	89.0506992	89.081605	
33.37567	89.0836926	89.0379718	89.0836926	89.1165116	
33.38577	89.1157602	89.0728784	89.1157602	89.1514182	
33.39589	89.1473146	89.107785	89.1473146	89.1775981	
33.40604	89.1783277	89.1426915	89.1783277	89.2125047	
33.41628	89.2090237	89.1688715	89.2090237	89.2386847	
33.42643	89.2388616	89.2037781	89.2388616	89.2735912	
33.4365	89.267877	89.2386847	89.267877	89.2997712	
33.44669	89.2966259	89.2648646	89.2966259	89.3259511	
33.45723	89.3257155	89.2997712	89.3257155	89.3608577	
33.46727	89.3528711	89.3259511	89.3528711	89.378311	
33.4774	89.3796495	89.3608577	89.3796495	89.4044909	
33.48758	89.4059673	89.3870376	89.4059673	89.4306709	
33.49773	89.4316403	89.4132176	89.4316403	89.4481242	
33.5161	89.4757165	89.4568508	89.4757165	89.4830307	
33.52067	89.4867009	89.4655775	89.4867009	89.500484	
33.5308	89.5103963	89.4830307	89.5103963	89.5092107	
33.54093	89.5334824	89.500484	89.5334824	89.526664	
33.55107	89.5560279	89.526664	89.5560279	89.5353906	
33.56122	89.5779988	89.5441173	89.5779988	89.5528439	
33.57132	89.5992716	89.5702972	89.5992716	89.5702972	
33.58147	89.6200589	89.5877505	89.6200589	89.5790239	
33.59163	89.6403037	89.6052038	89.6403037	89.5877505	
33.60174	89.65985	89.6226571	89.65985	89.6052038	
33.61187	89.6788596	89.6401104	89.6788596	89.6052038	
33.62203	89.6973469	89.6575637	89.6973469	89.6226571	
33.6322	89.7152589	89.675017	89.7152589	89.6313837	
33.64228	89.7324601	89.6924703	89.7324601	89.6401104	
33.65244	89.7492029	89.7099236	89.7492029	89.6575637	
33.66259	89.7653499	89.7186502	89.7653499	89.6662903	
33.6727	89.7808814	89.7273768	89.7808814	89.675017	
33.68283	89.7958539	89.7448301	89.7958539	89.675017	
33.6937	89.8112624	89.7448301	89.8112624	89.6924703	
33.70311	89.8241209	89.7535568	89.8241209	89.7011969	
33.7133	89.8374689	89.7622834	89.8374689	89.7099236	
33.72339	89.8501278	89.7710101	89.8501278	89.7099236	
33.73354	89.8623028	89.7710101	89.8623028	89.7273768	
33.74373	89.873944	89.7797367	89.873944	89.7361035	
33.75387	89.8849813	89.7797367	89.8849813	89.7448301	
33.76396	89.8954127	89.7797367	89.8954127	89.7448301	
33.77424	89.905467	89.7797367	89.905467	89.7535568	
33.78435	89.9148255	89.7884634	89.9148255	89.7622834	
33.79457	89.9237145	89.7884634	89.9237145	89.7710101	
33.80462	89.9319347	89.7884634	89.9319347	89.7710101	
33.81477	89.9396943	89.79719	89.9396943	89.7797367	
33.82501	89.9469807	89.79719	89.9469807	89.7797367	
33.83515	89.9536724	89.79719	89.9536724	89.7797367	
33.84522	89.9598061	89.79719	89.9598061	89.7797367	
33.85534	89.9654615	89.8059167	89.9654615	89.7797367	
33.8655	89.9706286	89.8059167	89.9706286	89.7797367	
33.87562	89.9752893	89.8146433	89.9752893	89.7797367	
33.88577	89.9794772	89.8146433	89.9794772	89.7797367	
33.89594	89.9831957	89.8146433	89.9831957	89.7797367	
33.90604	89.9864373	89.8146433	89.9864373	89.7797367	
33.91619	89.9892535	89.8146433	89.9892535	89.7797367	
33.93415	89.9926137	89.82337	89.9926137	89.7797367	
33.93884	89.9935516	89.82337	89.9935516	89.7797367	
33.94895	89.9951435	89.8320966	89.9951435	89.7797367	
33.95908	90	89.8320966	90	89.7797367	
33.96924	90	89.8320966	90	89.7797367	
33.97937	90	89.8320966	90	89.7797367	
33.98949	90	89.8320966	90	89.7797367	
33.99965	90	89.8320966	90	89.7797367	
34.00976	90	89.8320966	90	89.7797367	
34.01988	90	89.8320966	90	89.7797367	
34.03004	90	89.8320966	90	89.7797367	
34.04024	90	89.8320966	90	89.7797367	
34.05035	90	89.8320966	90	89.7797367	
34.06047	90	89.8320966	90	89.7797367	
34.07063	90	89.8320966	90	89.7797367	
34.08075	90	89.8320966	90	89.7797367	
34.09088	90	89.8320966	90	89.7797367	
34.10103	90	89.8320966	90	89.7797367	
34.11116	90	89.8320966	90	89.7797367	
34.12135	90	89.8320966	90	89.7797367	
34.13143	90	89.8320966	90	89.7797367	
34.14159	90	89.8320966	90	89.7797367	
34.15176	90	89.8320966	90	89.7797367	
34.16186	90	89.8320966	90	89.7797367	
34.17199	90	89.8320966	90	89.7797367	
34.18213	90	89.8320966	90	89.7797367	
34.19227	90	89.8320966	90	89.7797367	
34.20247	90	89.8320966	90	89.7797367	
34.21256	90	89.8320966	90	89.7797367	
34.2227	90	89.8320966	90	89.7797367	
34.23284	90	89.8320966	90	89.7797367	
34.24297	90	89.8320966	90	89.7797367	
34.25315	90	89.8320966	90	89.7797367	
34.26329	90	89.8320966	90	89.7797367	
34.27364	90	89.8320966	90	89.7797367	
34.28356	90	89.8320966	90	89.7797367	
34.29371	90	89.8320966	90	89.7797367	
34.3039	90	89.8320966	90	89.79719	
34.31401	90	89.8320966	90	89.79719	
34.32414	90	89.8320966	90	89.8146433	
34.33428	90	89.8320966	90	89.8146433	
34.34443	90	89.8320966	90	89.8320966	
34.35466	90	89.8320966	90	89.8495499	
34.36475	90	89.8320966	90	89.8582765	
34.37495	90	89.8320966	90	89.8757298	
34.3851	90	89.8320966	90	89.8844565	
34.3952	90	89.8320966	90	89.9019098	
34.4053	90	89.8320966	90	89.9193631	
34.41544	90	89.8320966	90	89.9280897	
34.4256	90	89.8320966	90	89.945543	
34.43574	90	89.8320966	90	89.9542696	
34.44588	90	89.8320966	90	89.9717229	
34.45604	90	89.8320966	90	89.9891762	
34.4669	90	89.8320966	90	90.0066295	
34.47665	90	89.8320966	90	90.0240828	
34.48676	90	89.8320966	90	90.0328095	
34.49687	90	89.8320966	90	90.0415361	
34.50701	90	89.8320966	90	90.0589894	
34.51715	90	89.8320966	90	90.0589894	
34.5273	90	89.8320966	90	90.0589894	
34.53748	90	89.8320966	90	90.0589894	
34.54757	90	89.8408232	90	90.0589894	
34.55779	90	89.8408232	90	90.0589894	
34.56795	90	89.8495499	90	90.0589894	
34.57807	90	89.8495499	90	90.0589894	
34.5882	90	89.8582765	90	90.0589894	
34.59833	90	89.8670032	90	90.0589894	
34.60848	90	89.8757298	90	90.0589894	
34.61868	90	89.8844565	90	90.0589894	
34.62876	90	89.8931831	90	90.0589894	
34.63891	90	89.9019098	90	90.0502628	
34.64911	90	89.9106364	90	90.0415361	
34.65918	90	89.9193631	90	90.0328095	
34.66934	90	89.9280897	90	90.0240828	
34.67946	90	89.945543	90	90.0240828	
34.6896	90	89.9542696	90	90.0153562	
34.69978	90	89.9629963	90	90.0066295	
34.70991	90	89.9717229	90	90.0066295	
34.72005	90	89.9891762	90	89.9979029	
34.73019	90	89.9891762	90	89.9891762	
34.74032	90	90.0066295	90	89.9891762	
34.75046	90	90.0153562	90	89.9891762	
34.76059	90	90.0240828	90	89.9804496	
34.77077	90	90.0328095	90	89.9804496	
34.78088	90	90.0415361	90	89.9717229	
34.79099	90	90.0415361	90	89.9717229	
34.8012	90	90.0415361	90	89.9717229	
34.81126	90	90.0415361	90	89.9804496	
34.8214	90	90.0415361	90	89.9804496	
34.83153	90	90.0415361	90	89.9891762	
34.84169	90	90.0328095	90	89.9891762	
34.85182	90	90.0328095	90	89.9891762	
34.86195	90	90.0240828	90	89.9891762	
34.87211	90	90.0240828	90	89.9891762	
34.88245	90	90.0240828	90	89.9891762	
34.89238	90	90.0153562	90	89.9891762	
34.90253	90	90.0066295	90	89.9891762	
34.91268	90	90.0066295	90	89.9891762	
34.92283	90	89.9979029	90	89.9891762	
34.93295	90	89.9891762	90	89.9891762	
34.94312	90	89.9891762	90	89.9804496	
34.95328	90	89.9891762	90	89.9804496	
34.96338	90	89.9891762	90	89.9804496	
34.97351	90	89.9891762	90	89.9804496	
34.9837	90	89.9804496	90	89.9804496	
34.99387	90	89.9804496	90	89.9804496	
35.00395	90	89.9804496	90	89.9804496	
35.0141	90	89.9804496	90	89.9804496	
35.02423	90	89.9804496	90	89.9804496	
35.03437	90	89.9804496	90	89.9804496	
35.0445	90	89.9804496	90	89.9804496	
35.05464	90	89.9804496	90	89.9804496	
35.0648	90	89.9804496	90	89.9804496	
35.075	90	89.9804496	90	89.9804496	
35.08522	90	89.9804496	90	89.9804496	
35.09521	90	89.9804496	90	89.9804496	
35.1054	90	89.9804496	90	89.9804496	
35.1155	90	89.9804496	90	89.9804496	
35.12563	90	89.9804496	90	89.9804496	
35.13584	90	89.9804496	90	89.9804496	
35.14591	90	89.9804496	90	89.9804496	
35.15606	90	89.9804496	90	89.9804496	
35.1662	90	89.9804496	90	89.9804496	
35.18414	90	89.9804496	90	89.9804496	
35.18894	90	89.9804496	90	89.9804496	
35.1988	90	89.9804496	90	89.9804496	
35.20894	90	89.9804496	90	89.9804496	
35.21906	90	89.9804496	90	89.9804496	
35.22919	90	89.9804496	90	89.9804496	
35.23935	90	89.9804496	90	89.9804496	
35.24948	90	89.9804496	90	89.9804496	
35.25961	90	89.9804496	90	89.9804496	
35.26974	90	89.9804496	90	89.9804496	
35.27993	90	89.9804496	90	89.9804496	
35.29003	90	89.9804496	90	89.9804496	
35.30017	90	89.9804496	90	89.9804496	
35.31031	90	89.9804496	90	89.9804496	
35.32047	90	89.9804496	90	89.9804496	
35.34805	90	89.9804496	90	89.9804496	
35.36399	90	89.9804496	90	89.9804496	
35.36861	90	89.9804496	90	89.9804496	
35.38338	90	89.9804496	90	89.9804496	
35.39835	90	89.9804496	90	89.9804496	
35.41817	90	89.9804496	90	89.9804496	
35.43818	90	89.9804496	90	89.9804496	
35.45809	90	89.9804496	90	89.9804496	
35.47809	90	89.9804496	90	89.9804496	
35.49812	90	89.9804496	90	89.9804496	
35.51808	90	89.9804496	90	89.9804496	
35.53817	90	89.9804496	90	89.9804496	
35.55807	90	89.9804496	90	89.9804496	
35.57812	90	89.9804496	90	89.9804496	
35.59813	90	89.9804496	90	89.9804496	
35.61809	90	89.9804496	90	89.9804496	
35.63809	90	89.9804496	90	89.9804496	
35.65809	90	89.9804496	90	89.9804496	
35.67809	90	89.9804496	90	89.9804496	
35.69846	90	89.9804496	90	89.9804496	
35.71811	90	89.9804496	90	89.9804496	
35.73821	90	89.9804496	90	89.9804496	
35.75809	90	89.9804496	90	89.9804496	
35.77703	90	89.9804496	90	89.9804496	
35.79809	90	89.9804496	90	89.9804496	
35.81808	90	89.9804496	90	89.9804496	
35.8382	90	89.9804496	90	89.9804496	
35.85852	90	89.9804496	90	89.9804496	
35.87808	90	89.9804496	90	89.9804496	
35.89809	90	89.9804496	90	89.9804496	
35.9181	90	89.9804496	90	89.9804496	
35.93815	90	89.9804496	90	89.9804496	
35.95815	90	89.9804496	90	89.9804496	
35.9781	90	89.9804496	90	89.9804496	
35.99809	90	89.9804496	90	89.9804496	
36.01852	90	89.9804496	90	89.9804496	
36.03685	90	89.9804496	90	89.9804496	
36.04145	90	89.9804496	90	89.9891762	
36.05165	90	89.9804496	90	89.9891762	
36.07682	90	89.9804496	90	89.9891762	
36.08143	90	89.9804496	90	89.9891762	
36.09537	90	89.9804496	90	89.9891762	
36.10685	90	89.9804496	90	89.9891762	
36.11868	90	89.9804496	90	89.9891762	
36.12684	90	89.9804496	90	89.9891762	
36.14532	90	89.9804496	90	89.9891762	
36.14989	90	89.9804496	90	89.9891762	
36.16808	90	89.9804496	90	89.9891762	
36.18807	90	89.9804496	90	89.9891762	
36.2081	90	89.9804496	90	89.9891762	
36.22818	90	89.9804496	90	89.9891762	
36.24809	90	89.9804496	90	89.9891762	
36.26807	90	89.9804496	90	89.9891762	
36.28809	90	89.9804496	90	89.9891762	
36.3082	90	89.9804496	90	89.9891762	
36.32819	90	89.9804496	90	89.9891762	
36.3468	90	89.9804496	90	89.9891762	
36.35135	90	89.9804496	90	89.9891762	
36.37683	90	89.9804496	90	89.9891762	
36.38139	90	89.9804496	90	89.9891762	
36.40687	90	89.9804496	90	89.9891762	
36.41144	90	89.9804496	90	89.9891762	
36.42532	90	89.9804496	90	89.9891762	
36.43681	90	89.9804496	90	89.9891762	
36.44687	90	89.9804496	90	89.9891762	
36.45683	90	89.9804496	90	89.9891762	
36.46954	90	89.9804496	90	89.9891762	
36.48812	90	89.9804496	90	89.9891762	
36.50808	90	89.9804496	90	89.9891762	
36.52814	90	89.9804496	90	89.9891762	
36.5481	90	89.9804496	90	89.9891762	
36.56813	90	89.9804496	90	89.9891762	
36.58811	90	89.9804496	90	89.9891762	
36.60811	90	89.9804496	90	89.9891762	
36.62806	90	89.9804496	90	89.9891762	
36.64812	90	89.9804496	90	89.9891762	
36.66808	90	89.9804496	90	89.9891762	
36.68813	90	89.9804496	90	89.9891762	
36.70809	90	89.9804496	90	89.9891762	
36.72816	90	89.9804496	90	89.9891762	
36.74809	90	89.9804496	90	89.9891762	
36.76814	90	89.9804496	90	89.9891762	
36.78811	90	89.9804496	90	89.9891762	
36.80813	90	89.9804496	90	89.9891762	
36.82809	90	89.9804496	90	89.9891762	
36.84814	90	89.9804496	90	89.9891762	
36.8681	90	89.9804496	90	89.9891762	
36.88404	90	89.9804496	90	89.9891762	
36.90812	90	89.9804496	90	89.9891762	
36.92813	90	89.9804496	90	89.9891762	
36.94808	90	89.9804496	90	89.9891762	
36.96814	90	89.9804496	90	89.9891762	
36.98814	90	89.9804496	90	89.9891762	
37.00815	90	89.9804496	90	89.9891762	
37.02809	90	89.9804496	90	89.9891762	
37.04814	90	89.9804496	90	89.9891762	
37.06822	90	89.9804496	90	89.9891762	
37.08815	90	89.9804496	90	89.9891762	
37.10813	90	89.9804496	90	89.9891762	
37.12371	90	89.9804496	90	89.9891762	
37.14655	90	89.9804496	90	89.9891762	
37.16828	90	89.9804496	90	89.9891762	
