0.04220587	660.162063	660.162063	660.17079	660.17079	
0.04715562	660.162283	660.162063	660.171009	660.17079	
0.0573241	660.163515	660.162063	660.172242	660.17079	
0.06744659	660.165354	660.17079	660.174081	660.17079	
0.07761108	660.167823	660.17079	660.17655	660.17079	
0.08775356	660.170902	660.17079	660.179629	660.17079	
0.09798405	660.174641	660.17079	660.183367	660.17079	
0.1080985	660.178947	660.17079	660.187673	660.17079	
0.118309	660.183919	660.179516	660.192646	660.17079	
0.1284185	660.189454	660.179516	660.19818	660.179516	
0.138566	660.19563	660.188243	660.204356	660.179516	
0.1487215	660.20243	660.188243	660.211157	660.179516	
0.158947	660.209903	660.188243	660.21863	660.188243	
0.1690525	660.217902	660.188243	660.226628	660.188243	
0.1792399	660.226588	660.19697	660.235315	660.188243	
0.197451	660.244548	660.214423	660.253275	660.19697	
0.2021238	660.249097	660.214423	660.257824	660.19697	
0.2123073	660.259799	660.223149	660.268525	660.19697	
0.2226677	660.271341	660.223149	660.280068	660.19697	
0.2326122	660.282998	660.231876	660.291724	660.19697	
0.2427827	660.295545	660.240603	660.304272	660.19697	
0.2529382	660.308694	660.258056	660.317421	660.19697	
0.2630797	660.322439	660.258056	660.331165	660.19697	
0.2732482	660.336852	660.266783	660.345579	660.19697	
0.2834297	660.351894	660.275509	660.36062	660.19697	
0.2935902	660.36753	660.292963	660.376257	660.19697	
0.3037356	660.383761	660.292963	660.392488	660.19697	
0.3138651	660.400577	660.301689	660.409303	660.19697	
0.3240686	660.418142	660.310416	660.426868	660.19697	
0.3342071	660.436211	660.327869	660.444938	660.19697	
0.3443636	660.45495	660.327869	660.463676	660.205696	
0.3545141	660.474268	660.327869	660.482995	660.205696	
0.3647766	660.494443	660.336596	660.50317	660.205696	
0.374957	660.515078	660.345322	660.523804	660.205696	
0.3851775	660.536422	660.354049	660.545148	660.205696	
0.395384	660.558367	660.362776	660.567094	660.214423	
0.4054775	660.580667	660.362776	660.589394	660.223149	
0.41564	660.60375	660.380229	660.612476	660.231876	
0.4257945	660.627428	660.388956	660.636155	660.240603	
0.436004	660.651944	660.397682	660.660671	660.249329	
0.4461254	660.67671	660.397682	660.685437	660.258056	
0.4563359	660.702379	660.415136	660.711106	660.275509	
0.4665524	660.728705	660.423862	660.737432	660.284236	
0.4766919	660.75545	660.432589	660.764176	660.292963	
0.4871024	660.783568	660.441316	660.792295	660.310416	
0.4976998	660.812872	660.450042	660.821598	660.319143	
0.5071534	660.83951	660.467496	660.848237	660.336596	
0.5173398	660.868856	660.467496	660.877583	660.345322	
0.5274783	660.898682	660.484949	660.907409	660.362776	
0.5376388	660.929196	660.502402	660.937923	660.380229	
0.5478493	660.960484	660.502402	660.969211	660.397682	
0.5585688	660.994041	660.519855	661.002768	660.415136	
0.5682773	661.024976	660.537309	661.033702	660.432589	
0.5783338	661.057617	660.554762	661.066343	660.450042	
0.5884533	661.091098	660.572215	661.099825	660.476222	
0.5987347	661.125738	660.589669	661.134465	660.493675	
0.6087972	661.160255	660.607122	661.168981	660.519855	
0.6189597	661.195726	660.633302	661.204453	660.546035	
0.6292092	661.232149	660.659482	661.240876	660.563489	
0.6392907	661.268569	660.676935	661.277296	660.589669	
0.6574718	661.336669	660.738022	661.345396	660.642028	
0.6621315	661.354063	660.746748	661.36279	660.659482	
0.672341	661.39297	660.781655	661.401696	660.685662	
0.6824895	661.432276	660.816561	661.441002	660.720568	
0.692659	661.472284	660.851468	661.481011	660.755475	
0.7030395	661.513764	660.886375	661.52249	660.790381	
0.7131639	661.554836	660.921281	661.563562	660.816561	
0.7233204	661.596628	660.956188	661.605355	660.851468	
0.7335229	661.63927	661.008548	661.647996	660.886375	
0.7436364	661.682137	661.043454	661.690864	660.930008	
0.7538119	661.725882	661.095814	661.734609	660.964914	
0.7640054	661.770351	661.130721	661.779077	660.999821	
0.7741299	661.815118	661.174354	661.823844	661.043454	
0.7843114	661.860756	661.226714	661.869482	661.078361	
0.7944278	661.906733	661.270347	661.915459	661.121994	
0.8046093	661.953611	661.322707	661.962337	661.165627	
0.8148018	662.001182	661.375067	662.009909	661.20926	
0.8249383	662.049092	661.427427	662.057819	661.252894	
0.8363347	662.103786	661.479787	662.112512	661.296527	
0.8452783	662.147402	661.52342	662.156129	661.348887	
0.8554068	662.19685	661.584506	662.205576	661.39252	
0.8655732	662.247366	661.636866	662.256093	661.44488	
0.8757227	662.298436	661.689226	662.307163	661.49724	
0.8859122	662.350342	661.741586	662.359068	661.540873	
0.8961107	662.402892	661.793946	662.411618	661.593233	
0.9064112	662.456633	661.855032	662.46536	661.645593	
0.9163947	662.509289	661.907392	662.518015	661.697953	
0.9266542	662.56404	661.968479	662.572767	661.750313	
0.9367736	662.618659	662.020839	662.627386	661.811399	
0.9468711	662.673777	662.073198	662.682503	661.863759	
0.9570366	662.729876	662.143012	662.738603	661.916119	
0.9672111	662.786663	662.195371	662.79539	661.977205	
0.9773856	662.84406	662.247731	662.852787	662.029565	
0.9875281	662.901899	662.317545	662.910626	662.090652	
0.9977076	662.960571	662.378631	662.969298	662.151738	
1.015973	663.06828	662.439718	663.077007	662.204098	
1.020635	663.095714	662.518257	663.104441	662.282638	
1.030857	663.156651	662.579344	663.165377	662.343724	
1.040972	663.217572	662.64043	663.226299	662.404811	
1.051135	663.279404	662.701517	663.28813	662.465898	
1.061324	663.342042	662.77133	663.350769	662.526984	
1.071463	663.404933	662.841143	663.413659	662.588071	
1.081606	663.468509	662.910956	663.477236	662.649157	
1.091765	663.532793	662.972043	663.541519	662.71897	
1.101941	663.597825	663.041856	663.606552	662.780057	
1.112298	663.664631	663.111669	663.673358	662.841143	
1.12226	663.729479	663.172756	663.738206	662.90223	
1.132405	663.796161	663.242569	663.804888	662.963316	
1.142628	663.863951	663.303656	663.872678	663.03313	
1.152732	663.931575	663.373469	663.940301	663.102943	
1.162888	664.000173	663.443282	664.0089	663.172756	
1.173047	664.069412	663.513095	664.078138	663.233842	
1.1832	664.139262	663.574182	664.147989	663.303656	
1.193375	664.209823	663.643995	664.218549	663.373469	
1.203522	664.280841	663.713808	664.289568	663.452009	
1.213683	664.352564	663.783621	664.36129	663.521822	
1.223848	664.424956	663.853434	664.433682	663.591635	
1.234008	664.497895	663.931974	664.506622	663.661448	
1.244192	664.571681	664.001787	664.580408	663.739988	
1.254325	664.645676	664.0716	664.654402	663.818528	
1.264488	664.720495	664.15014	664.729222	663.897068	
1.27465	664.795956	664.219953	664.804683	663.975607	
1.284819	664.872113	664.298493	664.880839	664.045421	
1.295038	664.949211	664.377033	664.957938	664.132687	
1.305128	665.025973	664.446846	665.0347	664.211227	
1.31529	665.104363	664.516659	665.113089	664.289767	
1.325495	665.182824	664.595199	665.19155	664.377033	
1.335641	665.261848	664.673739	665.270574	664.4643	
1.345809	665.341679	664.752279	665.350406	664.542839	
1.355949	665.422252	664.830819	665.430978	664.630106	
1.366096	665.502849	664.900632	665.511576	664.708646	
1.37633	665.585091	664.970445	665.593818	664.804639	
1.386532	665.667651	665.057711	665.676378	664.883179	
1.396624	665.749977	665.144978	665.758703	664.979172	
1.406822	665.833786	665.214791	665.842513	665.057711	
1.416958	665.917726	665.293331	665.926452	665.153705	
1.427124	666.002485	665.380597	666.011211	665.240971	
1.437306	666.088033	665.459137	666.096759	665.336964	
1.447448	666.173844	665.546404	666.182571	665.432957	
1.457592	666.260324	665.63367	666.269051	665.520224	
1.467777	666.347734	665.71221	666.356461	665.616217	
1.478121	666.43719	665.799476	666.445917	665.71221	
1.488129	666.524306	665.886743	666.533033	665.808203	
1.499015	666.619841	665.982736	666.628568	665.89547	
1.508422	666.702844	666.061276	666.711571	666.000189	
1.526842	666.867971	666.157269	666.876697	666.087456	
1.531732	666.911736	666.261989	666.920463	666.209629	
1.541729	667.001989	666.357982	667.010716	666.314349	
1.551901	667.094402	666.453975	667.103129	666.410342	
1.562057	667.187325	666.541241	667.196051	666.506335	
1.572223	667.280987	666.637234	667.289714	666.593601	
1.582381	667.375139	666.724501	667.383865	666.698321	
1.592556	667.470098	666.820494	667.478824	666.794314	
1.602715	667.565526	666.916487	667.574253	666.890307	
1.612864	667.661497	667.01248	667.670224	666.9863	
1.623064	667.758528	667.099747	667.767255	667.082293	
1.633344	667.857064	667.204466	667.86579	667.178287	
1.643351	667.953451	667.30046	667.962178	667.27428	
1.653556	668.052407	667.396453	668.061133	667.361546	
1.663675	668.151139	667.492446	668.159866	667.466266	
1.673828	668.250853	667.588439	668.25958	667.562259	
1.68398	668.351574	667.693159	668.360301	667.658252	
1.694161	668.452397	667.797878	668.461124	667.745519	
1.70439	668.554715	667.893872	668.563442	667.850238	
1.714522	668.656706	667.998591	668.665433	667.946231	
1.724688	668.75963	668.103311	668.768357	668.042224	
1.734871	668.86338	668.199304	668.872107	668.146944	
1.745022	668.967359	668.304024	668.976086	668.242937	
1.755174	669.072029	668.408744	669.080755	668.33893	
1.765411	669.178185	668.513463	669.186912	668.44365	
1.775487	669.283308	668.618183	669.292035	668.54837	
1.785671	669.39012	668.714176	669.398846	668.644363	
1.795825	669.497277	668.818896	669.506003	668.749083	
1.806008	669.605384	668.932342	669.614111	668.845076	
1.81623	669.714448	669.037062	669.723174	668.941069	
1.826329	669.82286	669.141782	669.831587	669.045789	
1.837599	669.944678	669.255228	669.953404	669.150509	
1.846785	670.044381	669.368675	670.053107	669.246502	
1.856816	670.153885	669.473394	670.162612	669.351221	
1.866984	670.265521	669.586841	670.274248	669.455941	
1.877142	670.377699	669.700287	670.386426	669.569388	
1.888666	670.508787	669.813734	670.517513	669.674107	
1.908134	670.72519	669.92718	670.733916	669.787554	
1.91287	670.778065	670.092986	670.786792	669.944633	
1.923003	670.892687	670.206433	670.901414	670.05808	
1.933231	671.009049	670.319879	671.017775	670.171526	
1.943344	671.124689	670.433326	671.133416	670.284973	
1.953515	671.24172	670.555499	671.250446	670.398419	
1.963682	671.359173	670.660218	671.3679	670.503139	
1.973865	671.477528	670.782391	671.486254	670.625312	
1.98403	671.596269	670.904564	671.604996	670.747485	
1.994179	671.715429	671.018011	671.724156	670.860931	
2.004339	671.835326	671.131457	671.844053	670.974378	
2.014508	671.956046	671.25363	671.964772	671.096551	
2.024657	672.077038	671.367077	672.085764	671.218724	
2.034835	672.199034	671.48925	672.20776	671.340897	
2.044974	672.320678	671.602696	672.329404	671.46307	
2.055242	672.443918	671.724869	672.452644	671.585243	
2.065459	672.566498	671.847042	672.575224	671.716143	
2.075563	672.687758	671.969215	672.696484	671.829589	
2.085732	672.809762	672.091388	672.818488	671.960489	
2.095879	672.931538	672.213561	672.940264	672.091388	
2.10605	673.053578	672.335734	673.062304	672.213561	
2.11623	673.175762	672.457908	673.184488	672.344461	
2.126375	673.297466	672.580081	673.306192	672.475361	
2.136586	673.42001	672.71098	673.428736	672.597534	
2.146745	673.541942	672.824427	673.550668	672.728434	
2.156872	673.66349	672.964053	673.672216	672.859333	
2.167108	673.786298	673.086226	673.795024	672.981506	
2.177217	673.907582	673.208399	673.916308	673.112406	
2.187382	674.029586	673.339299	674.038312	673.243306	
2.197543	674.15153	673.470198	674.160256	673.365479	
2.207698	674.273402	673.592372	674.282128	673.487652	
2.217935	674.39621	673.723271	674.404936	673.618551	
2.228109	674.518322	673.854171	674.527048	673.749451	
2.238162	674.63897	673.976344	674.647696	673.871624	
2.2484	674.761826	674.11597	674.770552	673.993797	
2.258532	674.883398	674.238143	674.892124	674.124697	
2.268732	675.005798	674.369043	675.014524	674.238143	
2.278921	675.128078	674.499943	675.136804	674.369043	
2.289048	675.249626	674.622116	675.258352	674.482489	
2.299206	675.371474	674.753015	675.3802	674.613389	
2.309419	675.494066	674.883915	675.502792	674.735562	
2.319599	675.616166	675.006088	675.624892	674.857735	
2.329744	675.737942	675.128261	675.746668	674.979908	
2.339911	675.859946	675.267888	675.868672	675.110808	
2.35008	675.981986	675.390061	675.990712	675.224254	
2.368367	676.201442	675.616953	676.210168	675.442421	
2.373062	676.25777	675.67804	676.266496	675.49478	
2.38321	676.37951	675.800213	676.388236	675.62568	
2.39339	676.501706	675.931113	676.510432	675.739126	
2.403539	676.623494	676.053286	676.63222	675.870026	
2.413715	676.745582	676.175459	676.754308	675.983473	
2.423865	676.867382	676.306359	676.876108	676.114372	
2.434016	676.989182	676.428532	676.997908	676.227819	
2.44418	677.111558	676.559431	677.120284	676.358718	
2.454343	677.233118	676.681604	677.241844	676.472165	
2.464525	677.355302	676.803777	677.364028	676.603064	
2.474696	677.477366	676.92595	677.486092	676.725238	
2.484853	677.59925	677.048123	677.607976	676.847411	
2.495146	677.722754	677.179023	677.73148	676.97831	
2.505284	677.845346	677.301196	677.854072	677.100483	
2.515475	677.966738	677.423369	677.975464	677.222656	
2.525652	678.08885	677.536816	678.097576	677.344829	
2.535785	678.209504	677.676442	678.21823	677.475729	
2.545936	678.329828	677.789888	678.338554	677.606629	
2.556078	678.449841	677.920788	678.458567	677.728802	
2.566272	678.56891	678.034234	678.577637	677.859702	
2.576541	678.688708	678.165134	678.697434	677.990601	
2.586583	678.805274	678.278581	678.814001	678.112774	
2.596778	678.922946	678.40948	678.931673	678.243674	
2.607231	679.043006	678.522927	679.051733	678.365847	
2.617084	679.155581	678.653826	679.164308	678.496747	
2.627438	679.273249	678.767273	679.281976	678.61892	
2.63744	679.386286	678.889446	679.395013	678.741093	
2.647568	679.500166	679.011619	679.508893	678.871993	
2.657739	679.613867	679.133792	679.622594	678.985439	
2.675901	679.814539	679.247238	679.823265	679.116339	
2.6808	679.868735	679.404318	679.877462	679.264692	
2.690859	679.979236	679.526491	679.987962	679.386865	
2.701038	680.090433	679.639937	680.09916	679.509038	
2.711226	680.201111	679.76211	680.209838	679.631211	
2.721334	680.310345	679.875557	680.319072	679.744657	
2.731493	680.419428	679.99773	680.428155	679.858104	
2.74169	680.528396	680.119903	680.537122	679.980277	
2.751834	680.636132	680.224623	680.644859	680.093723	
2.761971	680.743193	680.346796	680.75192	680.207169	
2.772195	680.85086	680.460242	680.859587	680.311889	
2.782282	680.955872	680.573689	680.964599	680.434062	
2.792484	681.061733	680.695862	681.07046	680.538782	
2.802621	681.166351	680.800581	681.175078	680.643502	
2.812769	681.270449	680.922754	681.279175	680.756948	
2.822969	681.374499	681.027474	681.383226	680.861668	
2.833091	681.477106	681.140921	681.485833	680.975114	
2.84373	681.584304	681.254367	681.593031	681.079834	
2.853666	681.683775	681.367813	681.692501	681.184554	
2.863793	681.784621	681.48126	681.793348	681.289274	
2.873933	681.884926	681.585979	681.893653	681.393993	
2.884104	681.98535	681.690699	681.994077	681.489986	
2.894294	682.084554	681.795419	682.09328	681.594706	
2.904474	682.183452	681.900139	682.192179	681.699426	
2.914608	682.281255	682.004859	682.289982	681.795419	
2.924774	682.378771	682.109578	682.387498	681.891412	
2.934965	682.475927	682.205571	682.484654	681.987405	
2.945148	682.572343	682.301564	682.58107	682.092125	
2.955391	682.66874	682.406284	682.677466	682.196845	
2.965513	682.763392	682.502277	682.772118	682.292838	
2.97565	682.857536	682.59827	682.866262	682.388831	
2.985811	682.951343	682.70299	682.96007	682.484824	
2.995986	683.044645	682.798983	683.053372	682.580817	
3.006155	683.137242	682.894976	683.145968	682.685537	
3.016345	683.229465	682.982243	683.238192	682.772803	
3.026528	683.320947	683.086963	683.329674	682.877523	
3.036637	683.411213	683.174229	683.419939	682.96479	
3.046888	683.50209	683.261496	683.510817	683.069509	
3.056963	683.590818	683.357489	683.599545	683.156776	
3.067111	683.679584	683.444755	683.688311	683.244042	
3.077332	683.768357	683.540748	683.777083	683.348762	
3.087444	683.855561	683.628015	683.864288	683.436028	
3.097603	683.942625	683.715281	683.951352	683.523295	
3.107764	684.029008	683.802548	684.037734	683.628015	
3.125914	684.181015	683.889814	684.189741	683.715281	
3.130615	684.220392	683.994534	684.229118	683.828728	
3.140792	684.304948	684.0818	684.313675	683.915994	
3.150986	684.389037	684.169067	684.397764	684.011987	
3.161101	684.471877	684.247607	684.480604	684.099254	
3.171285	684.554608	684.334873	684.563335	684.18652	
3.181461	684.636709	684.413413	684.645435	684.282513	
3.191588	684.717806	684.500679	684.726533	684.361053	
3.201759	684.798673	684.579219	684.8074	684.457046	
3.211908	684.878668	684.657759	684.887395	684.535586	
3.22207	684.958207	684.745025	684.966934	684.631579	
3.232235	685.03715	684.832292	685.045876	684.710119	
3.242354	685.115122	684.902105	685.123848	684.797385	
3.25255	685.193068	684.980645	685.201795	684.884652	
3.262752	685.270473	685.067911	685.2792	684.963192	
3.272869	685.346607	685.146451	685.355334	685.050458	
3.283011	685.422348	685.216264	685.431075	685.128998	
3.2932	685.497742	685.303531	685.506469	685.207538	
3.303344	685.572261	685.382071	685.580988	685.294804	
3.313529	685.646444	685.46061	685.65517	685.373344	
3.323675	685.719741	685.530424	685.728467	685.443157	
3.333841	685.792562	685.608963	685.801289	685.530424	
3.343991	685.864674	685.687503	685.873401	685.600237	
3.354145	685.936217	685.757316	685.944944	685.678777	
3.36433	686.007336	685.82713	686.016063	685.757316	
3.374457	686.077431	685.896943	686.086157	685.82713	
3.384611	686.147115	685.975483	686.155842	685.896943	
3.394789	686.216371	686.045296	686.225098	685.966756	
3.404945	686.284854	686.115109	686.293581	686.036569	
3.415238	686.353643	686.184922	686.36237	686.106382	
3.425401	686.420956	686.254735	686.429683	686.167469	
3.435509	686.487296	686.315822	686.496022	686.237282	
3.445708	686.553583	686.385635	686.562309	686.298368	
3.455841	686.618861	686.455448	686.627588	686.368182	
3.466006	686.683741	686.525261	686.692468	686.429268	
3.476205	686.748228	686.586348	686.756954	686.490355	
3.486339	686.811674	686.647434	686.8204	686.560168	
3.496597	686.875283	686.717247	686.88401	686.621254	
3.506778	686.937824	686.787061	686.946551	686.682341	
3.516898	686.999381	686.848147	687.008107	686.752154	
3.527088	687.0607	686.909234	687.069427	686.804514	
3.537217	687.121096	686.97032	687.129823	686.874327	
3.547364	687.180968	687.031407	687.189694	686.926687	
3.557568	687.240571	687.10122	687.249298	686.987774	
3.56768	687.299037	687.15358	687.307764	687.04886	
3.577925	687.357649	687.20594	687.366376	687.10122	
3.588087	687.41518	687.275753	687.423906	687.15358	
3.598176	687.47171	687.328113	687.480437	687.214666	
3.616611	687.572543	687.432832	687.58127	687.310659	
3.621342	687.598459	687.450286	687.607186	687.336839	
3.631469	687.653209	687.511372	687.661936	687.389199	
3.641616	687.707439	687.563732	687.716166	687.441559	
3.651774	687.761162	687.624819	687.769889	687.493919	
3.661947	687.814309	687.668452	687.823035	687.546279	
3.672091	687.866719	687.729538	687.875446	687.598639	
3.682253	687.91862	687.773172	687.927347	687.642272	
3.692403	687.969869	687.834258	687.978596	687.694632	
3.70259	688.020645	687.877891	688.029371	687.746992	
3.712761	688.070782	687.930251	688.079508	687.790625	
3.722913	688.12021	687.973885	688.128937	687.842985	
3.733072	688.169042	688.026244	688.177769	687.886618	
3.743246	688.217344	688.078604	688.22607	687.930251	
3.75337	688.264822	688.122238	688.273548	687.982611	
3.763527	688.311834	688.174597	688.320561	688.026244	
3.77374	688.358515	688.218231	688.367242	688.069878	
3.783871	688.404213	688.261864	688.412939	688.122238	
3.794021	688.449374	688.314224	688.458101	688.165871	
3.804163	688.494087	688.357857	688.502814	688.200777	
3.814332	688.537963	688.392764	688.54669	688.253137	
3.824547	688.581607	688.445123	688.590334	688.29677	
3.834712	688.624422	688.488757	688.633148	688.340404	
3.854164	688.703633	688.567296	688.71236	688.418944	
3.858866	688.72283	688.58475	688.731557	688.445123	
3.86902	688.763567	688.628383	688.772293	688.48003	
3.87921	688.80384	688.672016	688.812566	688.514937	
3.900297	688.884048	688.706923	688.892775	688.55857	
3.905034	688.901983	688.768009	688.91071	688.619656	
3.915196	688.940022	688.802916	688.948749	688.66329	
3.925474	688.977866	688.846549	688.986593	688.706923	
3.935604	689.014579	688.881456	689.023306	688.741829	
3.94575	689.050741	688.916362	689.059468	688.785463	
3.9559	689.086329	688.951269	689.095055	688.820369	
3.966074	689.121398	688.986176	689.130125	688.855276	
3.976249	689.155864	689.021082	689.164591	688.890182	
3.986392	689.189629	689.055989	689.198355	688.925089	
3.996584	689.222956	689.090895	689.231683	688.959996	
4.006953	689.256237	689.125802	689.264964	688.994902	
4.016902	689.287594	689.160708	689.29632	689.021082	
4.027063	689.319028	689.186888	689.327754	689.055989	
4.037274	689.350006	689.213068	689.358732	689.090895	
4.047383	689.380087	689.247975	689.388814	689.117075	
4.057538	689.409706	689.274155	689.418433	689.143255	
4.067702	689.438772	689.300335	689.447499	689.178162	
4.077916	689.467359	689.335241	689.476086	689.204342	
4.088075	689.495218	689.370148	689.503945	689.239248	
4.098171	689.522302	689.387601	689.531028	689.265428	
4.108747	689.550028	689.422508	689.558755	689.291608	
4.118515	689.575097	689.439961	689.583824	689.317788	
4.128672	689.600576	689.474868	689.609303	689.343968	
4.138831	689.625467	689.501048	689.634194	689.370148	
4.149011	689.649813	689.518501	689.658539	689.396328	
4.1592	689.673586	689.544681	689.682313	689.422508	
4.16937	689.696723	689.562134	689.70545	689.448688	
4.179525	689.719237	689.579587	689.727963	689.474868	
4.189672	689.741153	689.605767	689.74988	689.492321	
4.199803	689.762449	689.614494	689.771176	689.527228	
4.209952	689.783208	689.640674	689.791935	689.544681	
4.220119	689.803395	689.649401	689.812122	689.562134	
4.230284	689.82301	689.675581	689.831736	689.588314	
4.240514	689.842149	689.684307	689.850876	689.614494	
4.250599	689.860458	689.710487	689.869185	689.631947	
4.260766	689.87832	689.719214	689.887047	689.649401	
4.271001	689.89572	689.736667	689.904447	689.666854	
4.281068	689.912265	689.75412	689.920991	689.684307	
4.291246	689.928414	689.75412	689.937141	689.701761	
4.301439	689.944005	689.771574	689.952732	689.719214	
4.311561	689.958921	689.789027	689.967648	689.72794	
4.321694	689.973284	689.789027	689.982011	689.736667	
4.331888	689.987159	689.797754	689.995885	689.745394	
4.342087	690.000466	689.80648	690.009192	689.75412	
4.352247	690.013158	689.80648	690.021884	689.75412	
4.36241	690.025287	689.80648	690.034013	689.762847	
4.372557	690.036838	689.80648	690.045564	689.762847	
4.382717	690.047844	689.80648	690.056571	689.762847	
4.392885	690.0583	689.80648	690.067026	689.762847	
4.403056	690.068207	689.80648	690.076934	689.762847	
4.413191	690.077533	689.80648	690.08626	689.762847	
4.423389	690.086364	689.80648	690.09509	689.762847	
4.433516	690.094597	689.80648	690.103324	689.762847	
4.443681	690.102323	689.80648	690.11105	689.762847	
4.453846	690.109519	689.80648	690.118245	689.762847	
4.46399	690.116172	689.80648	690.124899	689.762847	
4.474157	690.122318	689.80648	690.131045	689.75412	
4.484355	690.127983	689.80648	690.13671	689.75412	
4.494486	690.133081	689.80648	690.141808	689.75412	
4.505425	690.138006	689.80648	690.146733	689.75412	
4.514816	690.141856	689.80648	690.150583	689.75412	
4.524976	690.145533	689.80648	690.15426	689.75412	
4.535212	690.148771	689.80648	690.157497	689.75412	
4.54538	690.15155	689.80648	690.160276	689.75412	
4.555485	690.153898	689.80648	690.162625	689.75412	
4.565703	690.155872	689.80648	690.164598	689.75412	
4.575823	690.157465	689.80648	690.166192	689.75412	
4.58599	690.162063	689.80648	690.17079	689.75412	
4.596156	690.162063	689.80648	690.17079	689.75412	
4.606333	690.162063	689.80648	690.17079	689.75412	
4.616592	690.162063	689.80648	690.17079	689.75412	
4.626747	690.162063	689.80648	690.17079	689.75412	
4.636836	690.162063	689.80648	690.17079	689.75412	
4.647078	690.162063	689.80648	690.17079	689.75412	
4.65716	690.162063	689.80648	690.17079	689.75412	
4.667519	690.162063	689.80648	690.17079	689.75412	
4.677578	690.162063	689.80648	690.17079	689.75412	
4.687646	690.162063	689.80648	690.17079	689.75412	
4.698246	690.162063	689.80648	690.17079	689.75412	
4.708066	690.162063	689.80648	690.17079	689.75412	
4.718152	690.162063	689.80648	690.17079	689.75412	
4.728387	690.162063	689.80648	690.17079	689.75412	
4.738464	690.162063	689.80648	690.17079	689.75412	
4.748666	690.162063	689.80648	690.17079	689.75412	
4.758872	690.162063	689.80648	690.17079	689.75412	
4.768977	690.162063	689.80648	690.17079	689.75412	
4.779132	690.162063	689.80648	690.17079	689.75412	
4.789291	690.162063	689.80648	690.17079	689.75412	
4.79953	690.162063	689.80648	690.17079	689.75412	
4.809623	690.162063	689.80648	690.17079	689.75412	
4.819791	690.162063	689.80648	690.17079	689.762847	
4.829963	690.162063	689.80648	690.17079	689.762847	
4.84012	690.162063	689.80648	690.17079	689.762847	
4.850283	690.162063	689.80648	690.17079	689.762847	
4.860456	690.162063	689.80648	690.17079	689.762847	
4.870592	690.162063	689.80648	690.17079	689.762847	
4.880758	690.162063	689.80648	690.17079	689.771574	
4.890918	690.162063	689.80648	690.17079	689.771574	
4.90108	690.162063	689.80648	690.17079	689.771574	
4.911292	690.162063	689.80648	690.17079	689.7803	
4.921383	690.162063	689.80648	690.17079	689.789027	
4.93154	690.162063	689.80648	690.17079	689.789027	
4.941738	690.162063	689.80648	690.17079	689.797754	
4.951859	690.162063	689.80648	690.17079	689.80648	
4.962033	690.162063	689.80648	690.17079	689.80648	
4.972186	690.162063	689.80648	690.17079	689.823934	
4.982373	690.162063	689.80648	690.17079	689.83266	
5.000605	690.162063	689.815207	690.17079	689.841387	
5.005285	690.162063	689.815207	690.17079	689.850113	
5.015727	690.162063	689.823934	690.17079	689.85884	
5.025637	690.162063	689.823934	690.17079	689.867567	
5.035788	690.162063	689.823934	690.17079	689.876293	
5.045951	690.162063	689.83266	690.17079	689.893747	
5.056106	690.162063	689.841387	690.17079	689.902473	
5.066267	690.162063	689.850113	690.17079	689.9112	
5.076528	690.162063	689.85884	690.17079	689.919927	
5.086618	690.162063	689.85884	690.17079	689.93738	
5.096783	690.162063	689.867567	690.17079	689.946107	
5.106943	690.162063	689.876293	690.17079	689.96356	
5.117105	690.162063	689.893747	690.17079	689.972287	
5.127324	690.162063	689.893747	690.17079	689.981013	
5.137412	690.162063	689.902473	690.17079	689.998466	
5.147601	690.162063	689.9112	690.17079	690.007193	
5.157775	690.162063	689.928653	690.17079	690.01592	
5.175906	690.162063	689.928653	690.17079	690.033373	
5.180618	690.162063	689.946107	690.17079	690.050826	
5.190846	690.162063	689.96356	690.17079	690.059553	
5.200955	690.162063	689.96356	690.17079	690.077006	
5.211125	690.162063	689.981013	690.17079	690.085733	
5.221282	690.162063	689.98974	690.17079	690.103186	
5.231454	690.162063	689.998466	690.17079	690.111913	
5.24161	690.162063	690.007193	690.17079	690.12064	
5.251766	690.162063	690.024646	690.17079	690.138093	
5.261929	690.162063	690.033373	690.17079	690.146819	
5.272091	690.162063	690.0421	690.17079	690.155546	
5.28226	690.162063	690.050826	690.17079	690.172999	
5.292436	690.162063	690.06828	690.17079	690.181726	
5.30259	690.162063	690.06828	690.17079	690.190453	
5.312767	690.162063	690.085733	690.17079	690.199179	
5.32292	690.162063	690.103186	690.17079	690.207906	
5.333091	690.162063	690.103186	690.17079	690.216633	
5.343283	690.162063	690.12064	690.17079	690.216633	
5.3534	690.162063	690.138093	690.17079	690.216633	
5.363548	690.162063	690.138093	690.17079	690.216633	
5.373768	690.162063	690.155546	690.17079	690.216633	
