215.1581	510.003388	509.993934	510.003388	509.993934	
215.1785	510.009514	509.993934	510.009514	509.993934	
215.1981	510.017622	509.993934	510.017622	510.002661	
215.2181	510.028336	510.002661	510.028336	510.002661	
215.2381	510.041457	510.002661	510.041457	510.002661	
215.2581	510.056999	510.020114	510.056999	510.002661	
215.2781	510.074952	510.028841	510.074952	510.002661	
215.2981	510.095234	510.055021	510.095234	510.020114	
215.3181	510.11796	510.089927	510.11796	510.037567	
215.3382	510.143262	510.124834	510.143262	510.081201	
215.3581	510.17069	510.15974	510.17069	510.13356	
215.3781	510.200532	510.177194	510.200532	510.194647	
215.3981	510.232854	510.18592	510.232854	510.26446	
215.4181	510.26768	510.194647	510.26768	510.31682	
215.4381	510.304702	510.220827	510.304702	510.351727	
215.457	510.341865	510.255733	510.341865	510.36918	
215.4781	510.386299	510.325547	510.386299	510.377907	
215.4981	510.430507	510.404086	510.430507	510.36918	
215.5181	510.477289	510.4739	510.477289	510.36918	
215.5382	510.526516	510.543713	510.526516	510.39536	
215.5581	510.577827	510.604799	510.577827	510.438993	
215.5781	510.631732	510.648433	510.631732	510.52626	
215.5981	510.688131	510.683339	510.688131	510.639706	
215.6181	510.746949	510.700792	510.746949	510.770606	
215.6381	510.807915	510.726972	510.807915	510.892779	
215.6581	510.871447	510.770606	510.871447	511.006225	
215.6783	510.938156	510.831692	510.938156	511.084765	
215.6981	511.005951	510.918959	511.005951	511.110945	
215.7168	511.071803	510.962592	511.071803	511.110945	
215.7214	511.087808	511.041132	511.087808	511.102218	
215.7382	511.148967	511.137125	511.148967	511.084765	
215.7581	511.224234	511.259298	511.224234	511.076038	
215.7783	511.303036	511.372744	511.303036	511.102218	
215.7981	511.382635	511.451284	511.382635	511.172031	
215.8181	511.465234	511.521097	511.465234	511.302931	
215.8381	511.550297	511.556004	511.550297	511.486191	
215.8581	511.637885	511.59091	511.637885	511.69563	
215.884	511.755804	511.64327	511.755804	511.974883	
215.9155	511.905328	511.651997	511.905328	512.009789	
215.9218	511.935232	511.765443	511.935232	512.219229	
215.9382	512.014469	511.870163	512.014469	512.262862	
215.949	512.067786	511.957429	512.067786	512.280315	
215.9686	512.166032	512.123236	512.166032	512.271589	
215.9881	512.266854	512.289042	512.266854	512.219229	
216.0081	512.372113	512.454848	512.372113	512.149416	
216.0281	512.480179	512.594475	512.480179	512.140689	
216.0481	512.590622	512.690468	512.590622	512.210502	
216.0681	512.703174	512.742828	512.703174	512.358855	
216.0881	512.818368	512.777734	512.818368	512.568295	
216.1081	512.935868	512.795188	512.935868	512.812641	
216.1381	513.118606	512.847547	513.118606	513.23152	
216.1539	513.215852	512.873727	513.215852	513.318786	
216.1595	513.250042	512.943541	513.250042	513.510773	
216.1781	513.366876	513.07444	513.366876	513.685305	
216.1982	513.495714	513.2577	513.495714	513.807478	
216.2181	513.625924	513.440959	513.625924	513.868565	
216.2385	513.762084	513.650399	513.762084	513.877292	
216.2581	513.894879	513.842385	513.894879	513.842385	
216.2781	514.032617	514.060551	514.032617	513.790025	
216.2981	514.172979	514.261264	514.172979	513.798752	
216.3181	514.315969	514.444524	514.315969	513.886018	
216.3553	514.591663	514.523063	514.591663	513.964558	
216.3622	514.644873	514.66269	514.644873	514.313624	
216.3781	514.761288	514.71505	514.761288	514.523063	
216.3883	514.837977	514.758683	514.837977	514.653963	
216.4082	514.990349	514.854676	514.990349	514.933216	
216.4281	515.145668	514.968122	515.145668	515.221195	
216.4481	515.304146	515.116475	515.304146	515.517901	
216.4681	515.464904	515.291008	515.464904	515.770974	
216.4883	515.629932	515.509175	515.629932	515.954233	
216.5081	515.793482	515.736067	515.793482	516.058953	
216.5281	515.961785	515.945507	515.961785	516.111313	
216.5529	516.173416	516.09386	516.173416	516.128766	
216.5574	516.212234	516.233486	516.212234	516.128766	
216.5782	516.393084	516.425472	516.393084	516.154946	
216.5958	516.547909	516.547645	516.547909	516.207306	
216.6015	516.597848	516.634912	516.597848	516.268393	
216.6118	516.689373	516.713452	516.689373	516.355659	
216.6219	516.779362	516.791992	516.779362	516.460379	
216.6323	516.873357	516.861805	516.873357	516.573825	
216.6424	516.964469	516.931618	516.964469	516.687272	
216.6523	517.054642	517.010158	517.054642	516.818171	
216.6624	517.147626	517.079971	517.147626	516.949071	
216.6726	517.241012	517.158511	517.241012	517.088697	
216.6827	517.335341	517.23705	517.335341	517.23705	
216.6929	517.430325	517.324317	517.430325	517.385403	
216.703	517.525661	517.42031	517.525661	517.52503	
216.7132	517.62212	517.516303	517.62212	517.673383	
216.7233	517.718757	517.621023	517.718757	517.813009	
216.7334	517.815497	517.734469	517.815497	517.943909	
216.7436	517.913986	517.839189	517.913986	518.057355	
216.7537	518.012305	517.943909	518.012305	518.162075	
216.7639	518.111919	518.066082	518.111919	518.258068	
216.7739	518.210993	518.179528	518.210993	518.327881	
216.7841	518.311425	518.292975	518.311425	518.388968	
216.7942	518.412605	518.406421	518.412605	518.441328	
216.8044	518.514241	518.519867	518.514241	518.502414	
216.8146	518.616861	518.633314	518.616861	518.546047	
216.8247	518.719579	518.738034	518.719579	518.607134	
216.8348	518.823037	518.834027	518.823037	518.676947	
216.845	518.927742	518.93002	518.927742	518.755487	
216.8551	519.031707	519.026013	519.031707	518.85148	
216.8653	519.137757	519.113279	519.137757	518.9562	
216.8845	519.340316	519.287812	519.340316	519.191819	
216.8891	519.388954	519.331446	519.388954	519.244179	
216.8992	519.495637	519.418712	519.495637	519.375079	
216.9093	519.603348	519.514705	519.603348	519.514705	
216.9195	519.712136	519.619425	519.712136	519.654331	
216.9296	519.821554	519.724145	519.821554	519.802684	
216.9398	519.931372	519.828864	519.931372	519.942311	
216.9506	520.049767	519.933584	520.049767	520.073211	
216.96	520.152863	520.055757	520.152863	520.212837	
216.9702	520.264474	520.17793	520.264474	520.33501	
216.9803	520.376746	520.291377	520.376746	520.457183	
216.9905	520.490172	520.422276	520.490172	520.561903	
217.0006	520.603328	520.544449	520.603328	520.649169	
217.0107	520.717438	520.666622	520.717438	520.745162	
217.0208	520.832266	520.797522	520.832266	520.832429	
217.031	520.947699	520.919695	520.947699	520.919695	
217.0412	521.064211	521.050595	521.064211	521.015688	
217.0513	521.180312	521.164041	521.180312	521.102955	
217.0614	521.297631	521.286214	521.297631	521.198948	
217.0715	521.41559	521.399661	521.41559	521.303668	
217.0817	521.533731	521.521834	521.533731	521.417114	
217.0918	521.653065	521.63528	521.653065	521.539287	
217.1019	521.772543	521.748727	521.772543	521.670187	
217.1121	521.893017	521.862173	521.893017	521.801086	
217.1222	522.013928	521.975619	522.013928	521.940713	
217.1323	522.135444	522.097792	522.135444	522.089066	
217.1425	522.257988	522.202512	522.257988	522.228692	
217.1527	522.37914	522.324685	522.37914	522.368318	
217.1628	522.500688	522.446858	522.500688	522.507945	
217.1729	522.622296	522.560305	522.622296	522.638845	
217.183	522.74382	522.682478	522.74382	522.769744	
217.1932	522.865752	522.804651	522.865752	522.900644	
217.2033	522.98736	522.93555	522.98736	523.01409	
217.2135	523.108872	523.057724	523.108872	523.127537	
217.2236	523.23072	523.179897	523.23072	523.24971	
217.2338	523.353072	523.310796	523.353072	523.35443	
217.2439	523.474248	523.441696	523.474248	523.459149	
217.254	523.59582	523.563869	523.59582	523.563869	
217.2642	523.717344	523.703495	523.717344	523.677315	
217.2743	523.839096	523.834395	523.839096	523.790762	
217.2845	523.9608	523.956568	523.9608	523.904208	
217.2946	524.082816	524.087468	524.082816	524.026381	
217.3048	524.204496	524.209641	524.204496	524.148554	
217.315	524.326728	524.331814	524.326728	524.270727	
217.325	524.447844	524.453987	524.447844	524.401627	
217.3353	524.570508	524.57616	524.570508	524.541253	
217.3454	524.691528	524.689606	524.691528	524.663426	
217.3555	524.813088	524.811779	524.813088	524.794326	
217.3656	524.934336	524.925226	524.934336	524.925226	
217.3758	525.056796	525.038672	525.056796	525.056126	
217.3859	525.177768	525.152119	525.177768	525.178299	
217.396	525.299568	525.274292	525.299568	525.309198	
217.4062	525.421464	525.387738	525.421464	525.422645	
217.4164	525.544152	525.501184	525.544152	525.544818	
217.4343	525.759144	525.710624	525.759144	525.745531	
217.4388	525.81348	525.762984	525.81348	525.79789	
217.4491	525.93642	525.87643	525.93642	525.911337	
217.4592	526.057584	525.998603	526.057584	526.024783	
217.4693	526.178676	526.11205	526.178676	526.13823	
217.4794	526.300464	526.234223	526.300464	526.251676	
217.4897	526.424184	526.356396	526.424184	526.373849	
217.4997	526.544088	526.478569	526.544088	526.496022	
217.5099	526.665516	526.600742	526.665516	526.618195	
217.52	526.787436	526.731642	526.787436	526.740368	
217.5301	526.908756	526.845088	526.908756	526.862541	
217.5403	527.030484	526.975988	527.030484	526.984714	
217.5504	527.152956	527.098161	527.152956	527.115614	
217.5606	527.274204	527.22906	527.274204	527.237787	
217.5707	527.395956	527.351233	527.395956	527.368687	
217.5809	527.517804	527.473407	527.517804	527.499586	
217.591	527.639628	527.604306	527.639628	527.62176	
217.6012	527.761932	527.726479	527.761932	527.752659	
217.6114	527.883768	527.857379	527.883768	527.874832	
217.6215	528.004484	527.979552	528.004484	527.997005	
217.6317	528.125402	528.101725	528.125402	528.119178	
217.6418	528.244062	528.232625	528.244062	528.241351	
217.6519	528.362982	528.354798	528.362982	528.363524	
217.6621	528.481465	528.485698	528.481465	528.485698	
217.6722	528.599197	528.607871	528.599197	528.599144	
217.6823	528.715986	528.730044	528.715986	528.721317	
217.6925	528.832543	528.84349	528.832543	528.834763	
217.7026	528.948761	528.965663	528.948761	528.956936	
217.7128	529.063768	529.079109	529.063768	529.079109	
217.7229	529.177919	529.183829	529.177919	529.183829	
217.733	529.292414	529.297276	529.292414	529.297276	
217.7432	529.40566	529.401995	529.40566	529.410722	
217.7533	529.518883	529.515442	529.518883	529.515442	
217.7634	529.630657	529.620162	529.630657	529.628888	
217.7736	529.743103	529.724881	529.743103	529.733608	
217.7839	529.855048	529.829601	529.855048	529.838328	
217.7939	529.964494	529.934321	529.964494	529.943047	
217.8041	530.074123	530.047767	530.074123	530.056494	
217.8142	530.18308	530.161214	530.18308	530.161214	
217.8243	530.291853	530.265933	530.291853	530.265933	
217.8345	530.400362	530.37938	530.400362	530.370653	
217.8446	530.507037	530.492826	530.507037	530.475373	
217.8547	530.61362	530.597546	530.61362	530.580093	
217.865	530.720508	530.702266	530.720508	530.684812	
217.8764	530.839189	530.815712	530.839189	530.798259	
217.8852	530.930683	530.920432	530.930683	530.911705	
217.8953	531.034806	531.016425	531.034806	531.016425	
217.9055	531.138716	531.129871	531.138716	531.129871	
217.9156	531.24145	531.234591	531.24145	531.234591	
217.9257	531.343817	531.339311	531.343817	531.348037	
217.9359	531.445904	531.435304	531.445904	531.444031	
217.946	531.546983	531.540024	531.546983	531.54875	
217.9563	531.648889	531.644743	531.648889	531.65347	
217.9665	531.749446	531.740737	531.749446	531.749463	
217.9766	531.848066	531.83673	531.848066	531.854183	
217.9867	531.947042	531.941449	531.947042	531.950176	
217.9968	532.044619	532.037443	532.044619	532.046169	
218.0072	532.144567	532.124709	532.144567	532.150889	
218.0172	532.239908	532.220702	532.239908	532.238155	
218.0272	532.335525	532.316695	532.335525	532.325422	
218.0374	532.431478	532.403962	532.431478	532.430142	
218.0475	532.526372	532.499955	532.526372	532.517408	
218.0576	532.620947	532.587221	532.620947	532.604675	
218.0757	532.786528	532.744301	532.786528	532.770481	
218.0802	532.828609	532.796661	532.828609	532.814114	
218.0903	532.920827	532.883927	532.920827	532.901381	
218.1005	533.012907	532.97992	533.012907	532.988647	
218.1107	533.104395	533.067187	533.104395	533.075913	
218.1308	533.282588	533.250446	533.282588	533.250446	
218.1353	533.32323	533.29408	533.32323	533.29408	
218.1455	533.412709	533.381346	533.412709	533.381346	
218.1556	533.500866	533.468613	533.500866	533.477339	
218.1657	533.588929	533.564606	533.588929	533.564606	
218.1759	533.67657	533.651872	533.67657	533.660599	
218.186	533.763091	533.739139	533.763091	533.756592	
218.1962	533.849303	533.826405	533.849303	533.843858	
218.2065	533.93701	533.922398	533.93701	533.931125	
218.2165	534.020406	534.000938	534.020406	534.027118	
218.227	534.107964	534.096931	534.107964	534.114384	
218.2367	534.188152	534.184198	534.188152	534.201651	
218.2468	534.271046	534.271464	534.271046	534.280191	
218.257	534.354043	534.350004	534.354043	534.367457	
218.2671	534.435812	534.43727	534.435812	534.445997	
218.2773	534.516959	534.524537	534.516959	534.524537	
218.2874	534.59802	534.603077	534.59802	534.603077	
218.2976	534.678016	534.681616	534.678016	534.681616	
218.3077	534.757445	534.760156	534.757445	534.760156	
218.3257	534.896043	534.899783	534.896043	534.899783	
218.3302	534.931239	534.925962	534.931239	534.934689	
218.3404	535.008917	535.004502	535.008917	535.013229	
218.3505	535.085582	535.083042	535.085582	535.083042	
218.3607	535.16212	535.152855	535.16212	535.152855	
218.3708	535.237952	535.222668	535.237952	535.231395	
218.3809	535.31308	535.292482	535.31308	535.301208	
218.3912	535.388769	535.362295	535.388769	535.379748	
218.4013	535.461911	535.432108	535.461911	535.449561	
218.4114	535.534779	535.501921	535.534779	535.519374	
218.4215	535.607523	535.571734	535.607523	535.580461	
218.4317	535.679961	535.641547	535.679961	535.650274	
218.4418	535.751077	535.711361	535.751077	535.720087	
218.452	535.822779	535.7899	535.822779	535.7899	
218.4622	535.893074	535.86844	535.893074	535.859714	
218.4724	535.963122	535.94698	535.963122	535.929527	
218.4825	536.032294	536.02552	536.032294	535.99934	
218.4927	536.100672	536.095333	536.100672	536.07788	
218.5028	536.168703	536.173873	536.168703	536.147693	
218.5129	536.235555	536.252413	536.235555	536.226233	
218.5231	536.302217	536.322226	536.302217	536.304773	
218.5332	536.368227	536.392039	536.368227	536.374586	
218.5433	536.433645	536.453126	536.433645	536.444399	
218.5535	536.498715	536.514212	536.498715	536.514212	
218.5637	536.562857	536.584025	536.562857	536.584025	
218.5739	536.626951	536.645112	536.626951	536.653838	
218.584	536.689659	536.697472	536.689659	536.714925	
218.5941	536.751823	536.758558	536.751823	536.776011	
218.6043	536.813859	536.819645	536.813859	536.828371	
218.6144	536.874906	536.872005	536.874906	536.889458	
218.6245	536.935603	536.933091	536.935603	536.941818	
218.6347	536.99588	536.985451	536.99588	537.002904	
218.6448	537.054952	537.037811	537.054952	537.055264	
218.655	537.113991	537.098897	537.113991	537.107624	
218.6652	537.172493	537.151257	537.172493	537.159984	
218.6752	537.229434	537.212344	537.229434	537.212344	
218.6854	537.286458	537.264704	537.286458	537.264704	
218.6955	537.342647	537.317064	537.342647	537.317064	
218.7058	537.399241	537.37815	537.399241	537.369423	
218.7158	537.453566	537.43051	537.453566	537.421783	
218.7259	537.508104	537.491596	537.508104	537.48287	
218.7363	537.563152	537.543956	537.563152	537.543956	
218.7462	537.615318	537.596316	537.615318	537.596316	
218.7564	537.668282	537.648676	537.668282	537.657403	
218.7665	537.720243	537.701036	537.720243	537.709763	
218.7767	537.771995	537.762122	537.771995	537.770849	
218.7868	537.822833	537.814482	537.822833	537.823209	
218.7969	537.872881	537.866842	537.872881	537.875569	
218.807	537.922554	537.919202	537.922554	537.936655	
218.8173	537.972154	537.980289	537.972154	537.980289	
218.8274	538.020403	538.023922	538.020403	538.041375	
218.8375	538.068206	538.076282	538.068206	538.085008	
218.8476	538.115464	538.119915	538.115464	538.137368	
218.8578	538.162466	538.172275	538.162466	538.181001	
218.8679	538.208542	538.215908	538.208542	538.224635	
218.8796	538.260644	538.259541	538.260644	538.268268	
218.8882	538.29899	538.294448	538.29899	538.311901	
218.8984	538.343337	538.338081	538.343337	538.355534	
218.9085	538.386906	538.381714	538.386906	538.390441	
218.9186	538.429991	538.416621	538.429991	538.434074	
218.9288	538.47255	538.460254	538.47255	538.468981	
218.9389	538.514391	538.495161	538.514391	538.503887	
218.949	538.555586	538.530067	538.555586	538.538794	
218.9592	538.597186	538.564974	538.597186	538.573701	
218.9694	538.636696	538.608607	538.636696	538.608607	
218.9795	538.67604	538.643514	538.67604	538.643514	
218.9898	538.715614	538.67842	538.715614	538.687147	
218.9998	538.753512	538.713327	538.753512	538.73078	
219.0099	538.790984	538.75696	538.790984	538.765687	
219.0201	538.828177	538.791867	538.828177	538.80932	
219.0302	538.864571	538.8355	538.864571	538.852953	
219.0403	538.900496	538.870407	538.900496	538.88786	
219.0505	538.935831	538.91404	538.935831	538.922766	
219.0606	538.970557	538.948946	538.970557	538.957673	
219.0708	539.004733	538.983853	539.004733	539.001306	
219.0809	539.038163	539.01876	539.038163	539.036213	
219.091	539.071098	539.062393	539.071098	539.079846	
219.1012	539.103429	539.097299	539.103429	539.114753	
219.1113	539.135142	539.123479	539.135142	539.149659	
219.1215	539.166442	539.158386	539.166442	539.175839	
219.1316	539.196848	539.184566	539.196848	539.210746	
219.1417	539.226791	539.219472	539.226791	539.236926	
219.1519	539.256294	539.236926	539.256294	539.271832	
219.162	539.28498	539.271832	539.28498	539.298012	
219.1721	539.313112	539.298012	539.313112	539.324192	
219.1822	539.340774	539.324192	539.340774	539.350372	
219.1924	539.367761	539.350372	539.367761	539.376552	
219.2025	539.394215	539.376552	539.394215	539.394005	
219.2126	539.420008	539.402732	539.420008	539.411459	
219.2228	539.445322	539.420185	539.445322	539.437639	
219.233	539.470027	539.446365	539.470027	539.463818	
219.2431	539.494069	539.472545	539.494069	539.481272	
219.2532	539.517571	539.489998	539.517571	539.498725	
219.2634	539.540419	539.516178	539.540419	539.516178	
219.2736	539.562964	539.533632	539.562964	539.551085	
219.2837	539.5846	539.551085	539.5846	539.568538	
219.2939	539.605833	539.568538	539.605833	539.585992	
219.304	539.626429	539.585992	539.626429	539.612171	
219.3142	539.646394	539.603445	539.646394	539.629625	
219.3243	539.665753	539.620898	539.665753	539.655805	
219.3345	539.68463	539.638351	539.68463	539.673258	
219.3446	539.702859	539.655805	539.702859	539.690711	
219.3548	539.720656	539.673258	539.720656	539.708165	
219.365	539.73774	539.690711	539.73774	539.725618	
219.375	539.754181	539.716891	539.754181	539.743071	
219.3853	539.770243	539.734345	539.770243	539.760524	
219.3956	539.785899	539.760524	539.785899	539.777978	
219.4055	539.800309	539.777978	539.800309	539.795431	
219.4156	539.814488	539.795431	539.814488	539.804158	
219.4257	539.828161	539.812884	539.828161	539.812884	
219.4359	539.841265	539.830338	539.841265	539.830338	
219.446	539.85378	539.839064	539.85378	539.839064	
219.4563	539.865899	539.856518	539.865899	539.847791	
219.4664	539.877252	539.865244	539.877252	539.865244	
219.4765	539.888088	539.873971	539.888088	539.865244	
219.4866	539.898348	539.882698	539.898348	539.882698	
219.4968	539.908136	539.891424	539.908136	539.891424	
219.5069	539.917331	539.900151	539.917331	539.900151	
219.517	539.926003	539.900151	539.926003	539.917604	
219.5272	539.934137	539.900151	539.934137	539.926331	
219.5374	539.941774	539.908877	539.941774	539.935057	
219.5475	539.948807	539.908877	539.948807	539.935057	
219.5576	539.955338	539.917604	539.955338	539.943784	
219.5678	539.961415	539.926331	539.961415	539.952511	
219.5779	539.966916	539.926331	539.966916	539.952511	
219.588	539.971908	539.935057	539.971908	539.952511	
219.5981	539.976432	539.935057	539.976432	539.952511	
219.6083	539.980486	539.943784	539.980486	539.952511	
219.6184	539.984074	539.952511	539.984074	539.952511	
219.6285	539.987204	539.961237	539.987204	539.952511	
219.6387	539.989907	539.961237	539.989907	539.952511	
219.6488	539.992198	539.969964	539.992198	539.952511	
219.6589	539.99409	539.969964	539.99409	539.952511	
219.6691	539.995631	539.969964	539.995631	539.952511	
219.6792	540	539.969964	540	539.952511	
219.6894	540	539.969964	540	539.961237	
219.6995	540	539.969964	540	539.961237	
219.7096	540	539.969964	540	539.961237	
219.7198	540	539.969964	540	539.969964	
219.7299	540	539.969964	540	539.969964	
219.74	540	539.969964	540	539.978691	
219.7504	540	539.969964	540	539.978691	
219.7604	540	539.969964	540	539.978691	
219.7705	540	539.969964	540	539.978691	
219.7806	540	539.969964	540	539.978691	
219.7907	540	539.969964	540	539.978691	
219.8009	540	539.969964	540	539.969964	
219.811	540	539.969964	540	539.969964	
219.8212	540	539.969964	540	539.969964	
219.8313	540	539.969964	540	539.969964	
219.8415	540	539.969964	540	539.969964	
219.8516	540	539.969964	540	539.978691	
219.8617	540	539.969964	540	539.978691	
219.8719	540	539.969964	540	539.978691	
219.8913	540	539.969964	540	539.978691	
219.8959	540	539.969964	540	539.978691	
219.906	540	539.969964	540	539.978691	
219.9161	540	539.969964	540	539.969964	
219.9346	540	539.969964	540	539.969964	
219.9392	540	539.969964	540	539.969964	
219.9493	540	539.969964	540	539.969964	
219.9596	540	539.969964	540	539.969964	
219.9697	540	539.969964	540	539.978691	
219.9798	540	539.969964	540	539.978691	
219.99	540	539.969964	540	539.987417	
220.0001	540	539.969964	540	539.987417	
220.0102	540	539.969964	540	539.978691	
220.0204	540	539.969964	540	539.978691	
220.0305	540	539.969964	540	539.978691	
220.0406	540	539.969964	540	539.978691	
220.0508	540	539.969964	540	539.969964	
220.0609	540	539.969964	540	539.969964	
220.0711	540	539.969964	540	539.969964	
220.0813	540	539.969964	540	539.969964	
220.0914	540	539.969964	540	539.978691	
220.1015	540	539.969964	540	539.978691	
220.1116	540	539.969964	540	539.978691	
220.122	540	539.969964	540	539.978691	
220.1321	540	539.969964	540	539.978691	
220.1422	540	539.969964	540	539.978691	
220.1524	540	539.969964	540	539.978691	
220.1625	540	539.969964	540	539.969964	
220.1726	540	539.969964	540	539.969964	
220.1828	540	539.969964	540	539.969964	
220.1929	540	539.969964	540	539.969964	
220.203	540	539.969964	540	539.978691	
220.2132	540	539.969964	540	539.978691	
220.2233	540	539.969964	540	539.978691	
220.2336	540	539.969964	540	539.978691	
220.2436	540	539.969964	540	539.978691	
220.2538	540	539.969964	540	539.978691	
220.264	540	539.969964	540	539.978691	
220.2742	540	539.969964	540	539.978691	
220.2842	540	539.969964	540	539.969964	
220.2943	540	539.969964	540	539.969964	
220.3045	540	539.969964	540	539.969964	
220.3146	540	539.969964	540	539.969964	
220.3247	540	539.969964	540	539.978691	
220.335	540	539.969964	540	539.978691	
220.345	540	539.969964	540	539.978691	
220.3552	540	539.969964	540	539.978691	
220.3653	540	539.969964	540	539.978691	
220.3755	540	539.969964	540	539.978691	
220.3856	540	539.969964	540	539.978691	
220.3957	540	539.969964	540	539.969964	
220.4059	540	539.969964	540	539.969964	
220.416	540	539.969964	540	539.969964	
220.4262	540	539.969964	540	539.969964	
220.4364	540	539.969964	540	539.978691	
220.4465	540	539.969964	540	539.978691	
220.4568	540	539.969964	540	539.978691	
220.4746	540	539.969964	540	539.978691	
220.4791	540	539.969964	540	539.978691	
220.4894	540	539.969964	540	539.978691	
220.4994	540	539.969964	540	539.978691	
220.5095	540	539.969964	540	539.969964	
220.5197	540	539.969964	540	539.969964	
220.5299	540	539.969964	540	539.969964	
220.54	540	539.969964	540	539.969964	
220.5501	540	539.969964	540	539.978691	
220.5603	540	539.969964	540	539.978691	
220.5704	540	539.969964	540	539.978691	
220.5806	540	539.969964	540	539.978691	
220.5907	540	539.969964	540	539.978691	
220.6008	540	539.969964	540	539.978691	
220.611	540	539.969964	540	539.978691	
220.6211	540	539.969964	540	539.969964	
220.6313	540	539.969964	540	539.969964	
220.6415	540	539.969964	540	539.969964	
220.6515	540	539.969964	540	539.969964	
220.6617	540	539.969964	540	539.978691	
220.6718	540	539.969964	540	539.978691	
220.682	540	539.969964	540	539.978691	
220.6921	540	539.969964	540	539.978691	
220.7022	540	539.969964	540	539.978691	
220.7124	540	539.969964	540	539.978691	
220.7225	540	539.969964	540	539.978691	
220.7326	540	539.969964	540	539.969964	
220.7428	540	539.969964	540	539.969964	
220.7529	540	539.969964	540	539.969964	
220.763	540	539.969964	540	539.969964	
220.7732	540	539.969964	540	539.978691	
220.7833	540	539.969964	540	539.978691	
220.7936	540	539.969964	540	539.978691	
220.806	540	539.969964	540	539.978691	
220.8161	540	539.969964	540	539.978691	
220.8263	540	539.969964	540	539.978691	
220.8364	540	539.969964	540	539.978691	
220.8465	540	539.969964	540	539.969964	
220.8567	540	539.969964	540	539.969964	
220.8668	540	539.969964	540	539.969964	
220.8769	540	539.969964	540	539.969964	
220.8871	540	539.969964	540	539.978691	
220.8973	540	539.969964	540	539.978691	
220.9074	540	539.969964	540	539.987417	
220.9175	540	539.969964	540	539.978691	
220.9277	540	539.969964	540	539.978691	
220.9458	540	539.969964	540	539.978691	
220.9503	540	539.969964	540	539.978691	
220.9605	540	539.969964	540	539.969964	
220.9706	540	539.969964	540	539.969964	
220.9807	540	539.969964	540	539.969964	
220.9911	540	539.969964	540	539.969964	
221.001	540	539.969964	540	539.978691	
221.0112	540	539.969964	540	539.978691	
221.0213	540	539.969964	540	539.978691	
221.0315	540	539.969964	540	539.978691	
221.0416	540	539.969964	540	539.978691	
221.0517	540	539.969964	540	539.978691	
221.0619	540	539.969964	540	539.978691	
221.072	540	539.969964	540	539.978691	
221.0821	540	539.969964	540	539.969964	
221.0923	540	539.969964	540	539.969964	
221.1024	540	539.969964	540	539.969964	
221.1126	540	539.969964	540	539.969964	
221.1227	540	539.969964	540	539.978691	
221.1329	540	539.969964	540	539.978691	
221.143	540	539.969964	540	539.987417	
221.1531	540	539.969964	540	539.987417	
221.1633	540	539.969964	540	539.978691	
221.1734	540	539.969964	540	539.978691	
221.1835	540	539.969964	540	539.978691	
221.1937	540	539.969964	540	539.978691	
221.204	540	539.969964	540	539.978691	
221.2142	540	539.969964	540	539.969964	
221.2241	540	539.969964	540	539.969964	
221.2343	540	539.969964	540	539.969964	
221.2444	540	539.969964	540	539.969964	
221.2545	540	539.969964	540	539.978691	
221.2647	540	539.969964	540	539.978691	
221.275	540	539.969964	540	539.987417	
221.285	540	539.969964	540	539.987417	
221.2952	540	539.969964	540	539.987417	
221.3053	540	539.969964	540	539.987417	
221.3154	540	539.969964	540	539.978691	
221.3256	540	539.969964	540	539.978691	
221.3357	540	539.969964	540	539.978691	
221.3459	540	539.969964	540	539.969964	
221.356	540	539.969964	540	539.969964	
221.3661	540	539.969964	540	539.969964	
221.3763	540	539.969964	540	539.969964	
221.3865	540	539.969964	540	539.978691	
221.3966	540	539.969964	540	539.978691	
221.4067	540	539.969964	540	539.987417	
221.4168	540	539.969964	540	539.987417	
221.427	540	539.969964	540	539.987417	
221.4371	540	539.969964	540	539.987417	
221.4473	540	539.969964	540	539.978691	
221.4576	540	539.969964	540	539.978691	
221.4675	540	539.969964	540	539.978691	
221.4777	540	539.969964	540	539.969964	
221.4958	540	539.969964	540	539.969964	
221.5003	540	539.969964	540	539.969964	
221.5105	540	539.969964	540	539.969964	
221.5206	540	539.969964	540	539.969964	
221.5308	540	539.969964	540	539.978691	
221.5409	540	539.969964	540	539.978691	
221.5511	540	539.969964	540	539.987417	
221.5612	540	539.969964	540	539.987417	
221.5713	540	539.969964	540	539.987417	
221.5815	540	539.969964	540	539.987417	
221.5916	540	539.969964	540	539.987417	
221.6018	540	539.969964	540	539.987417	
221.6119	540	539.969964	540	539.987417	
221.622	540	539.969964	540	539.987417	
221.6322	540	539.969964	540	539.987417	
221.6423	540	539.969964	540	539.987417	
221.6524	540	539.969964	540	539.987417	
221.6626	540	539.969964	540	539.987417	
221.6727	540	539.969964	540	539.987417	
221.6829	540	539.969964	540	539.987417	
221.693	540	539.969964	540	539.987417	
221.7031	540	539.969964	540	539.987417	
221.7133	540	539.969964	540	539.987417	
221.7234	540	539.969964	540	539.987417	
221.7336	540	539.969964	540	539.987417	
221.7437	540	539.969964	540	539.987417	
221.7539	540	539.969964	540	539.987417	
221.764	540	539.969964	540	539.987417	
221.7741	540	539.969964	540	539.987417	
221.7843	540	539.969964	540	539.987417	
221.7944	540	539.969964	540	539.987417	
221.8046	540	539.969964	540	539.987417	
221.8147	540	539.969964	540	539.987417	
221.8248	540	539.969964	540	539.987417	
221.8351	540	539.969964	540	539.987417	
221.8452	540	539.969964	540	539.987417	
221.8553	540	539.969964	540	539.987417	
221.8655	540	539.969964	540	539.987417	
221.8756	540	539.969964	540	539.987417	
221.895	540	539.969964	540	539.987417	
221.8996	540	539.969964	540	539.987417	
221.9097	540	539.969964	540	539.987417	
221.9199	540	539.969964	540	539.987417	
221.93	540	539.969964	540	539.987417	
221.9401	540	539.969964	540	539.987417	
221.9503	540	539.969964	540	539.987417	
221.9611	540	539.969964	540	539.987417	
221.9712	540	539.969964	540	539.987417	
221.9814	540	539.969964	540	539.987417	
221.9915	540	539.969964	540	539.987417	
222.0017	540	539.969964	540	539.987417	
222.0118	540	539.969964	540	539.987417	
222.0219	540	539.969964	540	539.987417	
222.0321	540	539.969964	540	539.987417	
222.0422	540	539.969964	540	539.987417	
222.0524	540	539.969964	540	539.987417	
222.0625	540	539.969964	540	539.987417	
222.0726	540	539.969964	540	539.987417	
222.0828	540	539.969964	540	539.987417	
222.0929	540	539.969964	540	539.987417	
222.103	540	539.969964	540	539.987417	
222.1132	540	539.969964	540	539.987417	
222.1233	540	539.969964	540	539.987417	
222.1334	540	539.969964	540	539.987417	
222.1437	540	539.969964	540	539.987417	
222.1541	540	539.969964	540	539.987417	
222.164	540	539.969964	540	539.987417	
222.1741	540	539.969964	540	539.987417	
222.1843	540	539.969964	540	539.987417	
222.1944	540	539.969964	540	539.987417	
222.2046	540	539.969964	540	539.987417	
222.2147	540	539.969964	540	539.987417	
222.2248	540	539.969964	540	539.987417	
222.2351	540	539.969964	540	539.987417	
222.2452	540	539.969964	540	539.987417	
222.2553	540	539.969964	540	539.987417	
222.2657	540	539.969964	540	539.987417	
222.2758	540	539.969964	540	539.987417	
222.2859	540	539.969964	540	539.987417	
222.2961	540	539.969964	540	539.987417	
222.3062	540	539.969964	540	539.987417	
222.3164	540	539.969964	540	539.987417	
222.3265	540	539.969964	540	539.987417	
222.3367	540	539.969964	540	539.987417	
222.3468	540	539.969964	540	539.987417	
222.3569	540	539.969964	540	539.987417	
222.3671	540	539.969964	540	539.987417	
222.3772	540	539.969964	540	539.987417	
222.3873	540	539.969964	540	539.987417	
222.3974	540	539.969964	540	539.987417	
222.4076	540	539.969964	540	539.987417	
222.4178	540	539.969964	540	539.987417	
222.4279	540	539.969964	540	539.987417	
222.438	540	539.969964	540	539.987417	
222.4482	540	539.969964	540	539.987417	
222.4584	540	539.969964	540	539.987417	
222.4686	540	539.969964	540	539.987417	
222.4786	540	539.969964	540	539.987417	
222.4887	540	539.969964	540	539.987417	
222.4989	540	539.969964	540	539.987417	
222.509	540	539.969964	540	539.987417	
222.5192	540	539.969964	540	539.987417	
222.5293	540	539.969964	540	539.987417	
222.5394	540	539.969964	540	539.987417	
222.5496	540	539.969964	540	539.987417	
222.5597	540	539.969964	540	539.987417	
222.5699	540	539.969964	540	539.987417	
222.58	540	539.969964	540	539.987417	
222.5901	540	539.969964	540	539.987417	
222.6003	540	539.969964	540	539.987417	
222.6105	540	539.969964	540	539.987417	
222.6205	540	539.969964	540	539.987417	
222.6307	540	539.969964	540	539.987417	
222.6408	540	539.969964	540	539.987417	
222.651	540	539.969964	540	539.987417	
222.6611	540	539.969964	540	539.987417	
222.6712	540	539.969964	540	539.987417	
222.6814	540	539.969964	540	539.987417	
222.6915	540	539.969964	540	539.987417	
222.7016	540	539.969964	540	539.987417	
222.7118	540	539.969964	540	539.987417	
222.7219	540	539.969964	540	539.987417	
222.7321	540	539.969964	540	539.987417	
222.7422	540	539.969964	540	539.987417	
222.7523	540	539.969964	540	539.987417	
222.7625	540	539.969964	540	539.987417	
222.7726	540	539.969964	540	539.987417	
222.7828	540	539.969964	540	539.987417	
222.7929	540	539.969964	540	539.987417	
222.8031	540	539.969964	540	539.987417	
222.8132	540	539.969964	540	539.987417	
222.8233	540	539.969964	540	539.987417	
222.8336	540	539.969964	540	539.987417	
222.8437	540	539.969964	540	539.987417	
222.8538	540	539.969964	540	539.987417	
222.8639	540	539.969964	540	539.987417	
222.8741	540	539.969964	540	539.987417	
222.8844	540	539.969964	540	539.987417	
222.8944	540	539.969964	540	539.987417	
222.9045	540	539.969964	540	539.987417	
222.9147	540	539.969964	540	539.987417	
222.9248	540	539.969964	540	539.987417	
222.9351	540	539.969964	540	539.987417	
222.9451	540	539.969964	540	539.987417	
222.9552	540	539.969964	540	539.987417	
222.9654	540	539.969964	540	539.987417	
222.9755	540	539.969964	540	539.987417	
222.9857	540	539.969964	540	539.987417	
222.9961	540	539.969964	540	539.987417	
223.006	540	539.969964	540	539.987417	
223.0162	540	539.969964	540	539.987417	
223.0263	540	539.969964	540	539.987417	
223.0364	540	539.969964	540	539.987417	
223.0466	540	539.969964	540	539.987417	
223.0567	540	539.969964	540	539.987417	
223.0668	540	539.969964	540	539.987417	
223.077	540	539.969964	540	539.987417	
223.0871	540	539.969964	540	539.987417	
223.0973	540	539.969964	540	539.987417	
223.1074	540	539.969964	540	539.987417	
223.1175	540	539.969964	540	539.987417	
223.1277	540	539.969964	540	539.987417	
223.1458	540	539.969964	540	539.987417	
223.1503	540	539.969964	540	539.987417	
223.1605	540	539.969964	540	539.987417	
223.1706	540	539.969964	540	539.987417	
223.1807	540	539.969964	540	539.987417	
223.1909	540	539.969964	540	539.987417	
223.201	540	539.969964	540	539.987417	
223.2112	540	539.969964	540	539.987417	
223.2213	540	539.969964	540	539.987417	
223.2314	540	539.969964	540	539.987417	
223.2416	540	539.969964	540	539.987417	
223.2517	540	539.969964	540	539.987417	
223.2618	540	539.969964	540	539.987417	
223.272	540	539.969964	540	539.987417	
223.2821	540	539.969964	540	539.987417	
223.2923	540	539.969964	540	539.987417	
223.3106	540	539.969964	540	539.987417	
223.3153	540	539.969964	540	539.987417	
223.3254	540	539.969964	540	539.987417	
223.3356	540	539.969964	540	539.987417	
223.3457	540	539.969964	540	539.987417	
223.3559	540	539.969964	540	539.987417	
223.366	540	539.969964	540	539.987417	
223.3762	540	539.969964	540	539.987417	
223.3863	540	539.969964	540	539.987417	
223.3965	540	539.969964	540	539.987417	
223.4066	540	539.969964	540	539.987417	
223.4167	540	539.969964	540	539.987417	
223.4268	540	539.969964	540	539.987417	
223.4372	540	539.969964	540	539.987417	
223.4471	540	539.969964	540	539.987417	
223.4573	540	539.969964	540	539.987417	
223.4674	540	539.969964	540	539.987417	
223.4775	540	539.969964	540	539.987417	
223.4877	540	539.969964	540	539.987417	
223.4981	540	539.969964	540	539.987417	
223.5082	540	539.969964	540	539.987417	
223.5184	540	539.969964	540	539.987417	
223.5285	540	539.969964	540	539.987417	
223.5387	540	539.969964	540	539.987417	
223.5488	540	539.969964	540	539.987417	
223.5589	540	539.969964	540	539.987417	
223.5695	540	539.969964	540	539.987417	
223.5796	540	539.969964	540	539.987417	
223.5897	540	539.969964	540	539.987417	
223.5999	540	539.969964	540	539.987417	
223.61	540	539.969964	540	539.987417	
223.6201	540	539.969964	540	539.987417	
223.6303	540	539.969964	540	539.987417	
223.6404	540	539.969964	540	539.987417	
223.6505	540	539.969964	540	539.987417	
223.6606	540	539.969964	540	539.987417	
223.6708	540	539.969964	540	539.987417	
223.6809	540	539.969964	540	539.987417	
223.6911	540	539.969964	540	539.987417	
223.7012	540	539.969964	540	539.987417	
223.7113	540	539.969964	540	539.987417	
223.7215	540	539.969964	540	539.987417	
223.7316	540	539.969964	540	539.987417	
223.7419	540	539.969964	540	539.987417	
223.7521	540	539.969964	540	539.987417	
223.7622	540	539.969964	540	539.987417	
223.7723	540	539.969964	540	539.987417	
223.7825	540	539.969964	540	539.987417	
223.7926	540	539.969964	540	539.987417	
223.8028	540	539.969964	540	539.987417	
223.8129	540	539.969964	540	539.987417	
223.8231	540	539.969964	540	539.987417	
223.8332	540	539.969964	540	539.987417	
223.8433	540	539.969964	540	539.987417	
223.8535	540	539.969964	540	539.987417	
223.8637	540	539.969964	540	539.987417	
223.8739	540	539.969964	540	539.987417	
223.884	540	539.969964	540	539.987417	
223.8941	540	539.969964	540	539.987417	
223.9043	540	539.969964	540	539.987417	
223.9144	540	539.969964	540	539.987417	
223.9245	540	539.969964	540	539.987417	
223.9347	540	539.969964	540	539.987417	
223.9448	540	539.969964	540	539.987417	
223.955	540	539.969964	540	539.987417	
223.9652	540	539.969964	540	539.987417	
223.9753	540	539.969964	540	539.987417	
223.9854	540	539.969964	540	539.987417	
223.9958	540	539.969964	540	539.987417	
224.0057	540	539.969964	540	539.987417	
224.0159	540	539.969964	540	539.987417	
224.026	540	539.969964	540	539.987417	
224.0362	540	539.969964	540	539.987417	
224.0464	540	539.969964	540	539.987417	
224.0565	540	539.969964	540	539.987417	
224.0666	540	539.969964	540	539.987417	
224.0768	540	539.969964	540	539.987417	
224.0869	540	539.969964	540	539.987417	
224.097	540	539.969964	540	539.987417	
224.1072	540	539.969964	540	539.987417	
224.1186	540	539.969964	540	539.987417	
224.1275	540	539.969964	540	539.987417	
224.1377	540	539.969964	540	539.987417	
224.1478	540	539.969964	540	539.987417	
224.158	540	539.969964	540	539.987417	
224.1684	540	539.969964	540	539.987417	
224.1785	540	539.969964	540	539.987417	
224.1886	540	539.969964	540	539.987417	
224.1988	540	539.969964	540	539.987417	
224.209	540	539.969964	540	539.987417	
224.2191	540	539.969964	540	539.987417	
224.2292	540	539.969964	540	539.987417	
224.2394	540	539.969964	540	539.987417	
224.2496	540	539.969964	540	539.987417	
224.2597	540	539.969964	540	539.987417	
224.2698	540	539.969964	540	539.987417	
224.2799	540	539.969964	540	539.987417	
224.2901	540	539.969964	540	539.987417	
224.3002	540	539.969964	540	539.987417	
224.3103	540	539.969964	540	539.987417	
224.3205	540	539.969964	540	539.987417	
224.3306	540	539.969964	540	539.987417	
224.3408	540	539.969964	540	539.987417	
224.3509	540	539.969964	540	539.987417	
224.361	540	539.969964	540	539.987417	
224.3712	540	539.969964	540	539.987417	
224.3813	540	539.969964	540	539.987417	
224.3915	540	539.969964	540	539.987417	
224.4017	540	539.969964	540	539.987417	
224.4118	540	539.969964	540	539.987417	
224.4219	540	539.969964	540	539.987417	
224.432	540	539.969964	540	539.987417	
224.4421	540	539.969964	540	539.987417	
224.4523	540	539.969964	540	539.987417	
224.4625	540	539.969964	540	539.987417	
224.4726	540	539.969964	540	539.987417	
224.4827	540	539.969964	540	539.987417	
224.4928	540	539.969964	540	539.987417	
224.503	540	539.969964	540	539.987417	
224.5131	540	539.969964	540	539.987417	
224.5233	540	539.969964	540	539.987417	
224.5334	540	539.969964	540	539.987417	
224.5435	540	539.969964	540	539.987417	
224.5538	540	539.969964	540	539.987417	
224.5639	540	539.969964	540	539.987417	
224.5739	540	539.969964	540	539.987417	
224.5841	540	539.969964	540	539.987417	
224.5942	540	539.969964	540	539.987417	
224.6044	540	539.969964	540	539.987417	
224.6145	540	539.969964	540	539.987417	
224.6247	540	539.969964	540	539.987417	
224.6348	540	539.969964	540	539.987417	
224.645	540	539.969964	540	539.987417	
224.6551	540	539.969964	540	539.987417	
224.6655	540	539.969964	540	539.987417	
224.6754	540	539.969964	540	539.987417	
224.6855	540	539.969964	540	539.987417	
224.6957	540	539.969964	540	539.987417	
224.7058	540	539.969964	540	539.987417	
224.7159	540	539.969964	540	539.987417	
224.7261	540	539.969964	540	539.987417	
224.7364	540	539.969964	540	539.987417	
224.7465	540	539.969964	540	539.987417	
224.7565	540	539.969964	540	539.987417	
224.7668	540	539.969964	540	539.987417	
224.7769	540	539.969964	540	539.987417	
224.7871	540	539.969964	540	539.987417	
224.7972	540	539.969964	540	539.987417	
224.8073	540	539.969964	540	539.987417	
224.8175	540	539.969964	540	539.987417	
224.8276	540	539.969964	540	539.987417	
224.8378	540	539.969964	540	539.987417	
224.8479	540	539.969964	540	539.987417	
224.8581	540	539.969964	540	539.987417	
224.8683	540	539.969964	540	539.987417	
224.8783	540	539.969964	540	539.987417	
224.8889	540	539.969964	540	539.987417	
224.8986	540	539.969964	540	539.987417	
224.9087	540	539.969964	540	539.987417	
224.9188	540	539.969964	540	539.987417	
224.929	540	539.969964	540	539.987417	
224.9392	540	539.969964	540	539.987417	
224.9493	540	539.969964	540	539.987417	
224.9594	540	539.969964	540	539.987417	
224.9697	540	539.969964	540	539.987417	
224.9798	540	539.969964	540	539.987417	
224.9899	540	539.969964	540	539.987417	
225	540	539.969964	540	539.987417	
225.0102	540	539.969964	540	539.987417	
225.0203	540	539.969964	540	539.987417	
225.0304	540	539.969964	540	539.987417	
225.0406	540	539.969964	540	539.987417	
225.0507	540	539.969964	540	539.987417	
225.0608	540	539.969964	540	539.987417	
225.071	540	539.969964	540	539.987417	
225.0811	540	539.969964	540	539.987417	
225.0913	540	539.969964	540	539.987417	
225.1014	540	539.969964	540	539.987417	
225.1115	540	539.969964	540	539.987417	
225.1218	540	539.969964	540	539.987417	
225.1318	540	539.969964	540	539.987417	
225.1419	540	539.969964	540	539.987417	
225.1521	540	539.969964	540	539.987417	
225.1622	540	539.969964	540	539.987417	
225.1724	540	539.969964	540	539.987417	
225.1827	540	539.969964	540	539.987417	
225.1926	540	539.969964	540	539.987417	
225.2028	540	539.969964	540	539.987417	
225.2129	540	539.969964	540	539.987417	
225.223	540	539.969964	540	539.987417	
225.2332	540	539.969964	540	539.987417	
225.2434	540	539.969964	540	539.987417	
225.2534	540	539.969964	540	539.987417	
225.2636	540	539.969964	540	539.987417	
225.2739	540	539.969964	540	539.987417	
225.2839	540	539.969964	540	539.987417	
225.294	540	539.969964	540	539.987417	
225.3042	540	539.969964	540	539.987417	
225.3143	540	539.969964	540	539.987417	
225.3244	540	539.969964	540	539.987417	
225.3346	540	539.969964	540	539.987417	
225.3447	540	539.969964	540	539.987417	
225.3549	540	539.969964	540	539.987417	
225.365	540	539.978691	540	539.987417	
225.3752	540	539.978691	540	539.987417	
225.3853	540	539.987417	540	539.987417	
225.3955	540	539.987417	540	539.987417	
225.4056	540	539.987417	540	539.987417	
225.4157	540	539.987417	540	539.987417	
225.4259	540	539.987417	540	539.987417	
225.436	540	539.987417	540	539.987417	
225.4461	540	539.987417	540	539.987417	
225.4564	540	539.987417	540	539.987417	
225.4665	540	539.987417	540	539.987417	
225.4766	540	539.987417	540	539.987417	
225.4867	540	539.987417	540	539.987417	
225.4968	540	539.987417	540	539.987417	
225.507	540	539.987417	540	539.987417	
225.5171	540	539.987417	540	539.987417	
225.5273	540	539.987417	540	539.987417	
225.5374	540	539.987417	540	539.987417	
225.5476	540	539.987417	540	539.987417	
225.5577	540	539.987417	540	539.987417	
225.5757	540	539.987417	540	539.987417	
225.5802	540	539.987417	540	539.987417	
225.5903	540	539.987417	540	539.987417	
225.6005	540	539.987417	540	539.987417	
225.6106	540	539.987417	540	539.987417	
225.6207	540	539.987417	540	539.987417	
225.6309	540	539.987417	540	539.987417	
225.641	540	539.987417	540	539.987417	
225.6512	540	539.987417	540	539.987417	
225.6613	540	539.987417	540	539.987417	
225.6714	540	539.987417	540	539.987417	
225.6816	540	539.987417	540	539.987417	
225.6917	540	539.987417	540	539.987417	
225.7018	540	539.987417	540	539.987417	
225.712	540	539.987417	540	539.987417	
225.7221	540	539.987417	540	539.987417	
225.7322	540	539.987417	540	539.987417	
225.7424	540	539.987417	540	539.987417	
225.7526	540	539.987417	540	539.987417	
225.7626	540	539.987417	540	539.987417	
225.7728	540	539.987417	540	539.987417	
225.7829	540	539.987417	540	539.987417	
225.7931	540	539.987417	540	539.987417	
225.8032	540	539.987417	540	539.987417	
225.8133	540	539.987417	540	539.987417	
225.8235	540	539.987417	540	539.987417	
225.8336	540	539.987417	540	539.987417	
225.8438	540	539.987417	540	539.987417	
225.8539	540	539.987417	540	539.987417	
225.864	540	539.987417	540	539.987417	
225.8742	540	539.987417	540	539.987417	
225.8843	540	539.987417	540	539.987417	
225.9037	540	539.987417	540	539.987417	
225.9083	540	539.987417	540	539.987417	
225.9185	540	539.987417	540	539.987417	
225.9286	540	539.987417	540	539.987417	
225.9387	540	539.987417	540	539.987417	
225.9489	540	539.987417	540	539.987417	
225.959	540	539.987417	540	539.987417	
225.9692	540	539.987417	540	539.987417	
225.9794	540	539.987417	540	539.987417	
225.9895	540	539.987417	540	539.987417	
225.9998	540	539.987417	540	539.987417	
226.0098	540	539.987417	540	539.987417	
226.0201	540	539.987417	540	539.987417	
226.03	540	539.987417	540	539.987417	
226.0402	540	539.987417	540	539.987417	
226.0503	540	539.987417	540	539.987417	
226.0604	540	539.987417	540	539.987417	
226.0706	540	539.987417	540	539.987417	
226.0807	540	539.987417	540	539.987417	
226.0908	540	539.987417	540	539.987417	
226.101	540	539.987417	540	539.987417	
226.1111	540	539.987417	540	539.987417	
226.1213	540	539.987417	540	539.987417	
226.1314	540	539.987417	540	539.987417	
226.1415	540	539.987417	540	539.987417	
226.1517	540	539.987417	540	539.987417	
226.1619	540	539.987417	540	539.987417	
226.1719	540	539.987417	540	539.987417	
226.1821	540	539.987417	540	539.987417	
226.1922	540	539.987417	540	539.987417	
226.2024	540	539.987417	540	539.987417	
226.2125	540	539.987417	540	539.987417	
226.2226	540	539.987417	540	539.987417	
226.2328	540	539.987417	540	539.987417	
226.2429	540	539.987417	540	539.987417	
226.253	540	539.987417	540	539.987417	
226.2632	540	539.987417	540	539.987417	
226.2733	540	539.987417	540	539.987417	
226.2835	540	539.987417	540	539.987417	
226.2936	540	539.987417	540	539.987417	
226.3037	540	539.987417	540	539.987417	
226.3139	540	539.987417	540	539.987417	
226.324	540	539.987417	540	539.987417	
226.3342	540	539.987417	540	539.987417	
226.3443	540	539.987417	540	539.987417	
226.3545	540	539.987417	540	539.987417	
226.3646	540	539.987417	540	539.987417	
226.3747	540	539.987417	540	539.987417	
226.3849	540	539.987417	540	539.987417	
226.395	540	539.987417	540	539.987417	
226.4052	540	539.987417	540	539.987417	
226.4153	540	539.987417	540	539.987417	
226.4254	540	539.987417	540	539.987417	
226.4356	540	539.987417	540	539.987417	
226.4457	540	539.987417	540	539.987417	
226.4558	540	539.987417	540	539.987417	
226.4661	540	539.987417	540	539.987417	
226.4762	540	539.987417	540	539.987417	
226.4941	540	539.987417	540	539.987417	
226.4989	540	539.987417	540	539.987417	
226.5088	540	539.987417	540	539.987417	
226.519	540	539.987417	540	539.987417	
226.5291	540	539.987417	540	539.987417	
226.5392	540	539.987417	540	539.987417	
226.5494	540	539.987417	540	539.987417	
226.5595	540	539.987417	540	539.987417	
226.5696	540	539.987417	540	539.987417	
226.5798	540	539.987417	540	539.987417	
226.5899	540	539.987417	540	539.987417	
226.6	540	539.987417	540	539.987417	
226.6102	540	539.987417	540	539.987417	
226.6203	540	539.987417	540	539.987417	
226.6304	540	539.987417	540	539.987417	
226.6406	540	539.987417	540	539.987417	
226.6507	540	539.987417	540	539.987417	
226.6608	540	539.987417	540	539.987417	
226.671	540	539.987417	540	539.987417	
226.6811	540	539.987417	540	539.987417	
226.6913	540	539.987417	540	539.987417	
226.7014	540	539.987417	540	539.987417	
226.7115	540	539.987417	540	539.987417	
226.7216	540	539.987417	540	539.987417	
226.7318	540	539.987417	540	539.987417	
226.7419	540	539.987417	540	539.987417	
226.7521	540	539.987417	540	539.987417	
226.7623	540	539.987417	540	539.987417	
226.7723	540	539.987417	540	539.987417	
226.7825	540	539.987417	540	539.987417	
226.7927	540	539.987417	540	539.987417	
226.8028	540	539.987417	540	539.987417	
226.8129	540	539.987417	540	539.987417	
226.8231	540	539.987417	540	539.987417	
226.8332	540	539.987417	540	539.987417	
226.8434	540	539.987417	540	539.987417	
226.8535	540	539.987417	540	539.987417	
226.8636	540	539.987417	540	539.987417	
226.8738	540	539.987417	540	539.987417	
226.884	540	539.987417	540	539.987417	
226.8955	540	539.987417	540	539.987417	
226.9042	540	539.987417	540	539.987417	
226.9144	540	539.987417	540	539.987417	
226.9245	540	539.987417	540	539.987417	
226.9347	540	539.987417	540	539.987417	
226.9448	540	539.987417	540	539.987417	
226.955	540	539.987417	540	539.987417	
226.9659	540	539.987417	540	539.987417	
226.9753	540	539.987417	540	539.987417	
226.9854	540	539.987417	540	539.987417	
226.9956	540	539.987417	540	539.987417	
227.0057	540	539.987417	540	539.987417	
227.0158	540	539.987417	540	539.987417	
227.026	540	539.987417	540	539.987417	
227.0361	540	539.987417	540	539.987417	
227.0463	540	539.987417	540	539.987417	
227.0565	540	539.987417	540	539.987417	
227.0666	540	539.987417	540	539.987417	
227.2094	540	539.987417	540	539.987417	
227.2196	540	539.987417	540	539.987417	
227.2297	540	539.987417	540	539.987417	
227.2398	540	539.987417	540	539.987417	
227.25	540	539.987417	540	539.987417	
227.2601	540	539.987417	540	539.987417	
227.2703	540	539.987417	540	539.987417	
227.2804	540	539.987417	540	539.987417	
227.2905	540	539.987417	540	539.987417	
227.3006	540	539.987417	540	539.987417	
227.3108	540	539.987417	540	539.987417	
227.3209	540	539.987417	540	539.987417	
227.3311	540	539.987417	540	539.987417	
227.3412	540	539.987417	540	539.987417	
227.3514	540	539.987417	540	539.987417	
227.3615	540	539.987417	540	539.987417	
227.3716	540	539.987417	540	539.987417	
227.3818	540	539.987417	540	539.987417	
227.3919	540	539.987417	540	539.987417	
227.4021	540	539.987417	540	539.987417	
227.4122	540	539.987417	540	539.987417	
227.4223	540	539.987417	540	539.987417	
227.4325	540	539.987417	540	539.987417	
227.4426	540	539.987417	540	539.987417	
227.4527	540	539.987417	540	539.987417	
227.463	540	539.987417	540	539.987417	
227.473	540	539.987417	540	539.987417	
227.4832	540	539.987417	540	539.987417	
227.4933	540	539.987417	540	539.987417	
227.5035	540	539.987417	540	539.987417	
227.5136	540	539.987417	540	539.987417	
227.5237	540	539.987417	540	539.987417	
227.5339	540	539.987417	540	539.987417	
227.544	540	539.987417	540	539.987417	
227.5542	540	539.987417	540	539.987417	
227.5643	540	539.987417	540	539.987417	
227.5744	540	539.987417	540	539.987417	
227.5846	540	539.987417	540	539.987417	
227.5947	540	539.987417	540	539.987417	
227.6048	540	539.987417	540	539.987417	
227.6151	540	539.987417	540	539.987417	
227.6252	540	539.987417	540	539.987417	
227.6354	540	539.987417	540	539.987417	
227.6455	540	539.987417	540	539.987417	
227.6557	540	539.987417	540	539.987417	
227.6659	540	539.987417	540	539.987417	
227.676	540	539.987417	540	539.987417	
227.6861	540	539.987417	540	539.987417	
227.6964	540	539.987417	540	539.987417	
227.7065	540	539.987417	540	539.987417	
227.7165	540	539.987417	540	539.987417	
227.7267	540	539.987417	540	539.987417	
227.7375	540	539.987417	540	539.987417	
227.747	540	539.987417	540	539.987417	
227.7571	540	539.987417	540	539.987417	
227.7672	540	539.987417	540	539.987417	
227.7774	540	539.987417	540	539.987417	
227.7876	540	539.987417	540	539.987417	
227.7979	540	539.987417	540	539.987417	
227.808	540	539.987417	540	539.987417	
227.8182	540	539.987417	540	539.987417	
227.8283	540	539.987417	540	539.987417	
227.8384	540	539.987417	540	539.987417	
227.8486	540	539.987417	540	539.987417	
227.8587	540	539.987417	540	539.987417	
227.8688	540	539.987417	540	539.987417	
227.8789	540	539.987417	540	539.987417	
227.8891	540	539.987417	540	539.987417	
227.9086	540	539.987417	540	539.987417	
227.9132	540	539.987417	540	539.987417	
227.9233	540	539.987417	540	539.987417	
227.9335	540	539.987417	540	539.987417	
227.9437	540	539.987417	540	539.987417	
227.9539	540	539.987417	540	539.987417	
227.964	540	539.987417	540	539.987417	
227.9742	540	539.987417	540	539.987417	
227.9843	540	539.987417	540	539.987417	
227.9944	540	539.987417	540	539.987417	
228.0048	540	539.987417	540	539.987417	
228.0149	540	539.987417	540	539.987417	
228.025	540	539.987417	540	539.987417	
228.0352	540	539.987417	540	539.987417	
228.0453	540	539.987417	540	539.987417	
228.0554	540	539.987417	540	539.987417	
228.0656	540	539.987417	540	539.987417	
228.0757	540	539.987417	540	539.987417	
228.0859	540	539.987417	540	539.987417	
228.096	540	539.987417	540	539.987417	
228.1062	540	539.987417	540	539.987417	
228.1252	540	539.987417	540	539.987417	
228.1298	540	539.987417	540	539.987417	
228.1399	540	539.987417	540	539.987417	
228.15	540	539.987417	540	539.987417	
228.1601	540	539.987417	540	539.987417	
228.1703	540	539.987417	540	539.987417	
228.1804	540	539.987417	540	539.987417	
228.1906	540	539.987417	540	539.987417	
228.2007	540	539.987417	540	539.987417	
228.2108	540	539.987417	540	539.987417	
228.221	540	539.987417	540	539.987417	
228.2311	540	539.987417	540	539.987417	
228.2413	540	539.987417	540	539.987417	
228.2515	540	539.987417	540	539.987417	
228.2615	540	539.987417	540	539.987417	
228.2717	540	539.987417	540	539.987417	
228.2818	540	539.987417	540	539.987417	
228.292	540	539.987417	540	539.987417	
228.3021	540	539.987417	540	539.987417	
228.3122	540	539.987417	540	539.987417	
228.3224	540	539.987417	540	539.987417	
228.3325	540	539.987417	540	539.987417	
228.3427	540	539.987417	540	539.987417	
228.3528	540	539.987417	540	539.987417	
228.3629	540	539.987417	540	539.987417	
228.3731	540	539.987417	540	539.987417	
228.3832	540	539.987417	540	539.987417	
228.3933	540	539.987417	540	539.987417	
228.4035	540	539.987417	540	539.987417	
228.4136	540	539.987417	540	539.987417	
228.4238	540	539.987417	540	539.987417	
228.4339	540	539.987417	540	539.987417	
228.444	540	539.987417	540	539.987417	
228.4543	540	539.987417	540	539.987417	
228.4644	540	539.987417	540	539.987417	
228.4746	540	539.987417	540	539.987417	
228.4847	540	539.987417	540	539.987417	
228.4949	540	539.987417	540	539.987417	
228.5051	540	539.987417	540	539.987417	
228.5152	540	539.987417	540	539.987417	
228.5255	540	539.987417	540	539.987417	
228.5355	540	539.987417	540	539.987417	
228.5456	540	539.987417	540	539.987417	
228.5557	540	539.987417	540	539.987417	
228.5662	540	539.987417	540	539.987417	
228.576	540	539.987417	540	539.987417	
228.5862	540	539.987417	540	539.987417	
228.5964	540	539.987417	540	539.987417	
228.6065	540	539.987417	540	539.987417	
228.6166	540	539.987417	540	539.987417	
228.6267	540	539.987417	540	539.987417	
228.6369	540	539.987417	540	539.987417	
228.647	540	539.987417	540	539.987417	
228.6571	540	539.987417	540	539.987417	
228.6673	540	539.987417	540	539.987417	
228.6774	540	539.987417	540	539.987417	
228.6875	540	539.987417	540	539.987417	
228.6977	540	539.987417	540	539.987417	
228.7157	540	539.987417	540	539.987417	
228.7202	540	539.987417	540	539.987417	
228.7304	540	539.987417	540	539.987417	
