69.91774	659.283304	659.237038	659.361844	659.280672	
69.92585	659.284761	659.237038	659.363301	659.280672	
69.93592	659.287241	659.237038	659.365781	659.280672	
69.94616	659.290487	659.237038	659.369026	659.280672	
69.95691	659.294416	659.237038	659.372956	659.280672	
69.96655	659.298549	659.237038	659.377089	659.280672	
69.97674	659.303555	659.237038	659.382095	659.280672	
69.98723	659.309379	659.237038	659.387919	659.280672	
69.99747	659.31569	659.237038	659.394229	659.280672	
70.00731	659.322396	659.245765	659.400936	659.289398	
70.01748	659.329914	659.245765	659.408454	659.298125	
70.02769	659.337941	659.245765	659.416481	659.298125	
70.03791	659.346721	659.245765	659.425261	659.306852	
70.0482	659.35637	659.254492	659.434909	659.315578	
70.05854	659.36635	659.263218	659.44489	659.333032	
70.06889	659.377335	659.263218	659.455875	659.341758	
70.0789	659.388222	659.280672	659.466762	659.359211	
70.08911	659.400316	659.289398	659.478856	659.376665	
70.09934	659.412669	659.298125	659.491208	659.394118	
70.10949	659.42595	659.315578	659.50449	659.411571	
70.11967	659.439708	659.333032	659.518247	659.437751	
70.12987	659.454073	659.359211	659.532613	659.455205	
70.14245	659.472653	659.376665	659.551192	659.472658	
70.16076	659.502302	659.402845	659.580842	659.490111	
70.16651	659.511605	659.437751	659.590145	659.516291	
70.17694	659.529275	659.463931	659.607814	659.533744	
70.18694	659.546787	659.490111	659.625327	659.551198	
70.19911	659.569076	659.507564	659.647616	659.577378	
70.20903	659.587759	659.542471	659.666299	659.594831	
70.21962	659.608419	659.568651	659.686959	659.612284	
70.22974	659.628743	659.594831	659.707283	659.638464	
70.24025	659.650531	659.612284	659.72907	659.655917	
70.24964	659.670491	659.638464	659.749031	659.682097	
70.26157	659.696832	659.664644	659.775372	659.699551	
70.27142	659.719074	659.682097	659.797614	659.725731	
70.29021	659.764214	659.699551	659.842754	659.751911	
70.29666	659.779617	659.725731	659.858157	659.786817	
70.30636	659.803542	659.751911	659.882081	659.812997	
70.31696	659.830415	659.769364	659.908955	659.839177	
70.32782	659.858667	659.786817	659.937207	659.865357	
70.3372	659.883536	659.812997	659.962076	659.891537	
70.34841	659.914053	659.83045	659.992593	659.926443	
70.35935	659.944583	659.85663	660.023123	659.952623	
70.36886	659.9716	659.88281	660.05014	659.978803	
70.38051	660.005594	659.90899	660.084134	660.004983	
70.39025	660.034548	659.926443	660.113088	660.031163	
70.4005	660.065655	659.96135	660.144195	660.06607	
70.41072	660.097288	659.996257	660.175827	660.100976	
70.42128	660.130649	660.022437	660.209189	660.127156	
70.43124	660.162708	660.057343	660.241248	660.162063	
70.4408	660.193983	660.09225	660.272523	660.188243	
70.45166	660.230292	660.127156	660.308831	660.223149	
70.46204	660.266431	660.17079	660.344971	660.258056	
70.47229	660.301161	660.205696	660.379701	660.292963	
70.49168	660.371138	660.275509	660.449678	660.362776	
70.49729	660.391333	660.310416	660.469872	660.380229	
70.50705	660.427179	660.345322	660.505719	660.423862	
70.5178	660.467368	660.388956	660.545907	660.467496	
70.52809	660.506461	660.432589	660.585	660.502402	
70.53865	660.547261	660.484949	660.625801	660.546035	
70.54891	660.587536	660.519855	660.666076	660.589669	
70.56042	660.633547	660.563489	660.712087	660.633302	
70.56999	660.672306	660.607122	660.750845	660.676935	
70.58092	660.717328	660.650755	660.795868	660.729295	
70.59114	660.76001	660.694388	660.83855	660.764202	
70.60117	660.802504	660.729295	660.881044	660.807835	
70.61128	660.845974	660.764202	660.924514	660.851468	
70.62153	660.890651	660.816561	660.96919	660.903828	
70.63302	660.9416	660.860195	661.020139	660.947461	
70.64326	660.987603	660.903828	661.066143	660.991094	
70.6541	661.037003	660.938734	661.115542	661.043454	
70.66324	661.079132	660.982368	661.157672	661.087087	
70.67394	661.129139	661.026001	661.207679	661.139447	
70.68529	661.183	661.078361	661.261539	661.183081	
70.69519	661.230557	661.121994	661.309097	661.23544	
70.70535	661.279975	661.183081	661.358515	661.2878	
70.71514	661.328139	661.226714	661.406679	661.331434	
70.72609	661.382763	661.2878	661.461302	661.383793	
70.73734	661.439647	661.34016	661.518187	661.436153	
70.74824	661.495541	661.39252	661.574081	661.49724	
70.75897	661.551134	661.453607	661.629674	661.5496	
70.76857	661.601487	661.505966	661.680027	661.60196	
70.77965	661.660702	661.567053	661.739242	661.654319	
70.79042	661.718226	661.636866	661.796766	661.715406	
70.80019	661.771287	661.697953	661.849826	661.776492	
70.81046	661.827682	661.759039	661.906222	661.828852	
70.82069	661.884524	661.820126	661.963064	661.889939	
70.83081	661.941343	661.881212	662.019883	661.951025	
70.84063	661.997122	661.951025	662.075662	662.020839	
70.85148	662.059358	662.012112	662.137898	662.081925	
70.86285	662.125437	662.073198	662.203977	662.143012	
70.87319	662.186163	662.143012	662.264702	662.204098	
70.88324	662.245784	662.195371	662.324324	662.265185	
70.89286	662.303307	662.265185	662.381847	662.334998	
70.90256	662.361955	662.326271	662.440495	662.404811	
70.91263	662.423465	662.387358	662.502005	662.465898	
70.92283	662.486354	662.439718	662.564894	662.526984	
70.94226	662.609449	662.561891	662.687989	662.649157	
70.94712	662.639672	662.596797	662.718211	662.684064	
70.95735	662.705466	662.657884	662.784006	662.74515	
70.96749	662.771129	662.71897	662.849669	662.814963	
70.97766	662.836191	662.788783	662.914731	662.87605	
70.9879	662.903344	662.858597	662.981884	662.945863	
70.99889	662.976193	662.919683	663.054732	663.00695	
71.02772	663.173744	662.989496	663.252284	663.068036	
71.03403	663.216828	663.146576	663.295368	663.242569	
71.05352	663.352862	663.286202	663.431402	663.382195	
71.06017	663.39931	663.338562	663.47785	663.417102	
71.06976	663.46682	663.417102	663.54536	663.504368	
71.08115	663.548006	663.513095	663.626545	663.591635	
71.09129	663.620782	663.591635	663.699322	663.670175	
71.10372	663.71104	663.678901	663.78958	663.757441	
71.11375	663.784338	663.766168	663.862878	663.835981	
71.12456	663.864148	663.844708	663.942688	663.914521	
71.13536	663.944577	663.923247	664.023116	663.993061	
71.15533	664.096142	664.080327	664.174681	664.141414	
71.1635	664.163801	664.12396	664.24234	664.185047	
71.17923	664.2798	664.25486	664.35834	664.298493	
71.18672	664.337735	664.324673	664.416275	664.377033	
71.19823	664.427817	664.394486	664.506357	664.455573	
71.20783	664.503437	664.481753	664.581977	664.534113	
71.21816	664.585679	664.560293	664.664218	664.603926	
71.22796	664.666192	664.638832	664.744732	664.682466	
71.24002	664.761827	664.708646	664.840366	664.761005	
71.24852	664.830228	664.795912	664.908767	664.848272	
71.25944	664.919677	664.874452	664.998217	664.926812	
71.27132	665.017804	664.952992	665.096344	665.014078	
71.28077	665.096366	665.040258	665.174906	665.092618	
71.29134	665.184987	665.127525	665.263527	665.179885	
71.30119	665.268093	665.197338	665.346633	665.267151	
71.31208	665.360668	665.284604	665.439207	665.354417	
71.33182	665.53407	665.371871	665.61261	665.441684	
71.33874	665.59469	665.511497	665.673229	665.58131	
71.34913	665.682012	665.60749	665.760552	665.668577	
71.35869	665.765996	665.694757	665.844536	665.755843	
71.37039	665.869616	665.79075	665.948155	665.851836	
71.38077	665.962211	665.886743	666.040751	665.947829	
71.39116	666.055471	665.982736	666.134011	666.043822	
71.40073	666.141877	666.078729	666.220417	666.139816	
71.41157	666.240574	666.174722	666.319114	666.235809	
71.42279	666.343536	666.279442	666.422076	666.331802	
71.43227	666.430947	666.375435	666.509487	666.427795	
71.44469	666.546564	666.471428	666.625104	666.523788	
71.45429	666.636363	666.558695	666.714903	666.628508	
71.46385	666.72623	666.663414	666.80477	666.724501	
71.47414	666.823836	666.768134	666.902375	666.820494	
71.48472	666.924755	666.864127	667.003295	666.925214	
71.50352	667.106721	667.03866	667.185261	667.108473	
71.50944	667.163958	667.099747	667.242497	667.16956	
71.51906	667.257672	667.187013	667.336212	667.265553	
71.5298	667.363057	667.291733	667.441597	667.370273	
71.53963	667.460017	667.396453	667.538557	667.466266	
71.55021	667.565173	667.492446	667.643713	667.570986	
71.56031	667.666068	667.588439	667.744608	667.675705	
71.57073	667.770833	667.693159	667.849372	667.780425	
71.58031	667.867706	667.789152	667.946246	667.876418	
71.59058	667.973885	667.885145	668.052425	667.981138	
71.61043	668.17801	668.094584	668.256549	668.173124	
71.62493	668.327808	668.234211	668.406348	668.312751	
71.63198	668.401265	668.295297	668.479804	668.373837	
71.6414	668.499949	668.408744	668.578489	668.478557	
71.65123	668.603499	668.513463	668.682039	668.592003	
71.66251	668.723183	668.618183	668.801723	668.70545	
71.6721	668.82543	668.740356	668.90397	668.810169	
71.68343	668.947145	668.862529	669.025684	668.932342	
71.69351	669.055828	668.967249	669.134368	669.045789	
71.70338	669.16291	669.089422	669.24145	669.167962	
71.71399	669.281826	669.211595	669.360366	669.281408	
71.7233	669.380839	669.316315	669.459379	669.394855	
71.73452	669.504744	669.438488	669.583283	669.517028	
71.74516	669.622961	669.560661	669.701501	669.630474	
71.75486	669.731134	669.674107	669.809674	669.743921	
71.76557	669.851376	669.79628	669.929916	669.866094	
71.77633	669.972921	669.909727	670.051461	669.988267	
71.7865	670.088213	670.0319	670.166753	670.11044	
71.79659	670.20348	670.154073	670.28202	670.223886	
71.8081	670.33568	670.258793	670.41422	670.337332	
71.81736	670.442447	670.380966	670.520987	670.450779	
71.82733	670.55795	670.503139	670.636489	670.564225	
71.83764	670.678124	670.616585	670.756664	670.677672	
71.84839	670.804182	670.738758	670.882722	670.799845	
71.85813	670.921088	670.860931	670.999627	670.913291	
71.86842	671.042964	670.974378	671.121503	671.026738	
71.88926	671.290843	671.096551	671.369383	671.140184	
71.89511	671.360977	671.271084	671.439516	671.323443	
71.90494	671.481853	671.401983	671.560392	671.445617	
71.92384	671.705665	671.620149	671.784204	671.672509	
71.9306	671.786785	671.698689	671.865324	671.742323	
71.94188	671.922157	671.829589	672.000696	671.881949	
71.95251	672.049669	671.969215	672.128208	672.004122	
71.96236	672.168361	672.100115	672.2469	672.143748	
71.97309	672.296761	672.231015	672.3753	672.283375	
71.98497	672.439309	672.370641	672.517848	672.423001	
71.99408	672.548653	672.492814	672.627192	672.562627	
72.00519	672.681877	672.63244	672.760416	672.702254	
72.01478	672.796897	672.76334	672.875436	672.833153	
72.02561	672.926953	672.89424	673.005492	672.964053	
72.03695	673.063021	673.033866	673.14156	673.103679	
72.0475	673.189693	673.164766	673.268232	673.243306	
72.0582	673.318033	673.295666	673.396572	673.365479	
72.06939	673.452289	673.417839	673.530828	673.505105	
72.07886	673.565905	673.540012	673.644444	673.627278	
72.08975	673.696573	673.662185	673.775112	673.758178	
72.09967	673.815637	673.793084	673.894176	673.889077	
72.1093	673.931161	673.915257	674.0097	674.002524	
72.1194	674.052301	674.028704	674.13084	674.124697	
72.13131	674.195329	674.159604	674.273868	674.24687	
72.14132	674.315437	674.290503	674.393976	674.37777	
72.15337	674.460085	674.412676	674.538624	674.499943	
72.17304	674.696113	674.639569	674.774652	674.726836	
72.17926	674.770753	674.726836	674.849292	674.814102	
72.1909	674.910361	674.857735	674.9889	674.936275	
72.20164	675.039253	674.971182	675.117792	675.058448	
72.21118	675.153781	675.093355	675.23232	675.171894	
72.22071	675.268129	675.215528	675.346668	675.285341	
72.23184	675.401689	675.337701	675.480228	675.407514	
72.25144	675.636901	675.4686	675.71544	675.529687	
72.25706	675.704341	675.65186	675.78288	675.70422	
72.26783	675.833569	675.774033	675.912108	675.83512	
72.27791	675.954577	675.904933	676.033116	675.957293	
72.28946	676.093117	676.027106	676.171656	676.088192	
72.29937	676.212121	676.158006	676.29066	676.219092	
72.30941	676.332541	676.280179	676.41108	676.332538	
72.31912	676.450141	676.402352	676.52868	676.463438	
72.32965	676.575409	676.533251	676.653948	676.585611	
72.34966	676.815553	676.777597	676.894092	676.829957	
72.35558	676.886545	676.856137	676.965084	676.89977	
72.36498	676.999321	676.969584	677.07786	677.03067	
72.37606	677.139061	677.100483	677.2176	677.152843	
72.38546	677.245153	677.222656	677.323692	677.275016	
72.39659	677.37753	677.344829	677.45607	677.397189	
72.41628	677.609148	677.571722	677.687688	677.624082	
72.4228	677.68577	677.650262	677.764309	677.702622	
72.43404	677.817006	677.772435	677.895545	677.833522	
72.44359	677.927954	677.903335	678.006494	677.955695	
72.47186	678.250152	678.217494	678.328692	678.287307	
72.4784	678.324983	678.287307	678.403523	678.35712	
72.48789	678.43269	678.40948	678.51123	678.479293	
72.49961	678.565691	678.531653	678.644231	678.601466	
72.50911	678.671657	678.6451	678.750197	678.72364	
72.51947	678.787388	678.767273	678.865928	678.845813	
72.53029	678.907861	678.880719	678.986401	678.959259	
72.5398	679.012538	678.994166	679.091078	679.072705	
72.55141	679.139926	679.098885	679.218466	679.186152	
72.5609	679.243627	679.203605	679.322166	679.290872	
72.57047	679.347619	679.317051	679.426159	679.404318	
72.59075	679.564842	679.421771	679.643381	679.509038	
72.59678	679.629519	679.578851	679.708058	679.666117	
72.60629	679.730762	679.683571	679.809302	679.770837	
72.61696	679.84633	679.78829	679.92487	679.875557	
72.62754	679.955004	679.89301	680.033544	679.989003	
72.63853	680.069922	679.99773	680.148461	680.093723	
72.64864	680.175045	680.111176	680.253585	680.207169	
72.66041	680.296531	680.215896	680.375071	680.311889	
72.67106	680.405795	680.329342	680.484335	680.416609	
72.682	680.517332	680.442789	680.595872	680.530055	
72.69346	680.633308	680.556235	680.711848	680.643502	
72.70354	680.734957	680.660955	680.813497	680.748221	
72.71426	680.842124	680.765675	680.920664	680.861668	
72.72572	680.955944	680.887848	681.034484	680.975114	
72.74357	681.131043	681.001294	681.209582	681.079834	
72.75891	681.280178	681.149647	681.358718	681.236914	
72.76569	681.34846	681.32418	681.427	681.40272	
72.7758	681.443394	681.446353	681.521934	681.516166	
72.78643	681.545527	681.568526	681.624066	681.638339	
72.79779	681.653152	681.673246	681.731692	681.743059	
72.80898	681.758706	681.795419	681.837246	681.865232	
72.81772	681.840767	681.900139	681.919307	681.969952	
72.82841	681.940556	681.996132	682.019096	682.074672	
72.83942	682.042649	682.092125	682.121189	682.161938	
72.84972	682.137093	682.196845	682.215633	682.266658	
72.86016	682.234262	682.292838	682.312802	682.362651	
72.8696	682.31823	682.371378	682.39677	682.458644	
72.88103	682.421161	682.467371	682.499701	682.545911	
72.89223	682.52129	682.554637	682.59983	682.633177	
72.90296	682.616555	682.641904	682.695094	682.720444	
72.91386	682.712589	682.720444	682.791129	682.80771	
72.93242	682.873776	682.80771	682.952316	682.88625	
72.93905	682.931261	682.921156	683.0098	682.999696	
72.94963	683.022819	682.999696	683.101359	683.078236	
72.95944	683.106098	683.095689	683.184637	683.165502	
72.97063	683.200871	683.174229	683.279411	683.244042	
72.98843	683.34953	683.331309	683.42807	683.392395	
72.99415	683.397261	683.383669	683.475801	683.436028	
73.00376	683.476798	683.462208	683.555337	683.523295	
73.0139	683.560154	683.549475	683.638693	683.601835	
73.02534	683.653404	683.628015	683.731944	683.680375	
73.03604	683.739872	683.706555	683.818412	683.767641	
73.04478	683.810151	683.793821	683.888691	683.846181	
73.05575	683.897611	683.872361	683.976151	683.924721	
73.06626	683.980699	683.950901	684.059239	684.011987	
73.0764	684.06027	684.038167	684.13881	684.090527	
73.0871	684.143538	684.116707	684.222078	684.169067	
73.09833	684.23046	684.195247	684.309	684.256333	
73.10828	684.306416	684.282513	684.384956	684.334873	
73.1187	684.385564	684.361053	684.464103	684.413413	
73.13754	684.526087	684.430866	684.604627	684.500679	
73.15535	684.657128	684.544313	684.735668	684.605399	
73.16092	684.698106	684.675212	684.776645	684.745025	
73.17159	684.775743	684.762479	684.854282	684.814839	
73.1834	684.860877	684.849745	684.939417	684.910832	
73.19182	684.921249	684.919558	684.999789	684.989372	
73.20391	685.00685	685.006825	685.08539	685.067911	
73.21341	685.073757	685.094091	685.152297	685.146451	
73.22368	685.145309	685.163904	685.223848	685.224991	
73.23546	685.226596	685.242444	685.305136	685.303531	
73.24712	685.306247	685.320984	685.384787	685.382071	
73.25646	685.369626	685.382071	685.448166	685.451884	
73.26669	685.438333	685.443157	685.516873	685.521697	
73.27793	685.513056	685.51297	685.591596	685.59151	
73.28686	685.572004	685.582783	685.650543	685.652597	
73.29768	685.642682	685.64387	685.721222	685.72241	
73.30785	685.708566	685.69623	685.787106	685.783496	
73.31811	685.774318	685.757316	685.852858	685.844583	
73.3282	685.838407	685.809676	685.916947	685.905669	
73.33948	685.910342	685.862036	685.988881	685.966756	
73.3495	685.9722	685.931849	686.05074	686.019116	
73.35862	686.028073	685.984209	686.106613	686.071476	
73.36947	686.094348	686.036569	686.172888	686.132562	
73.37985	686.157112	686.097656	686.235652	686.184922	
73.38994	686.217564	686.150015	686.296104	686.246009	
73.40955	686.332146	686.254735	686.410686	686.350728	
73.41607	686.370273	686.289642	686.448813	686.385635	
73.42606	686.427921	686.350728	686.506461	686.446721	
73.43638	686.486944	686.420542	686.565484	686.499081	
73.44712	686.547638	686.481628	686.626178	686.560168	
73.45703	686.603043	686.533988	686.681583	686.621254	
73.46748	686.660857	686.595074	686.739397	686.682341	
73.47833	686.72011	686.664888	686.798649	686.743427	
73.48786	686.771699	686.725974	686.850239	686.804514	
73.50643	686.869671	686.787061	686.94821	686.8656	
73.51209	686.899576	686.874327	686.978115	686.952867	
73.52348	686.958782	686.935414	687.037322	687.013953	
73.53293	687.007379	686.9965	687.085919	687.083767	
73.54479	687.067528	687.057587	687.146068	687.15358	
73.55651	687.126133	687.118673	687.204673	687.20594	
73.56548	687.17057	687.188486	687.24911	687.267026	
73.57577	687.220954	687.240846	687.299494	687.328113	
73.597	687.321467	687.293206	687.400007	687.389199	
73.60381	687.353734	687.371746	687.432274	687.467739	
73.61374	687.400094	687.424106	687.478634	687.520099	
73.62457	687.449954	687.467739	687.528494	687.572459	
73.64311	687.532868	687.555006	687.611408	687.650999	
73.64979	687.562706	687.572459	687.641246	687.677179	
73.65862	687.601677	687.616092	687.680217	687.712085	
73.67831	687.685595	687.659725	687.764135	687.755718	
73.68519	687.714884	687.712085	687.793424	687.816805	
73.69536	687.757523	687.746992	687.836063	687.851712	
73.70608	687.801765	687.781898	687.880305	687.886618	
73.71665	687.844732	687.825532	687.923272	687.921525	
73.73588	687.920284	687.886618	687.998824	687.991338	
73.74221	687.94514	687.921525	688.023679	688.017518	
73.75285	687.986141	687.956431	688.06468	688.043698	
73.76193	688.020705	687.991338	688.099245	688.078604	
73.773	688.062024	688.026244	688.140564	688.113511	
73.78234	688.09645	688.061151	688.17499	688.148417	
73.79353	688.136909	688.096058	688.215449	688.174597	
73.82382	688.239399	688.165871	688.317939	688.253137	
73.83089	688.263513	688.235684	688.342053	688.305497	
73.84117	688.297867	688.270591	688.376407	688.340404	
73.86165	688.363295	688.305497	688.441835	688.37531	
73.86782	688.383016	688.357857	688.461556	688.436397	
73.87778	688.414192	688.392764	688.492732	688.471303	
73.88778	688.444925	688.42767	688.523465	688.50621	
73.89807	688.475943	688.462577	688.554483	688.541117	
73.90934	688.509131	688.497483	688.587671	688.58475	
73.91959	688.538753	688.523663	688.617292	688.619656	
73.931	688.570932	688.55857	688.649472	688.654563	
73.94068	688.597756	688.58475	688.676296	688.680743	
73.9516	688.627271	688.619656	688.705811	688.715649	
73.96098	688.652179	688.645836	688.730718	688.741829	
73.97175	688.680057	688.66329	688.758597	688.768009	
73.98051	688.702353	688.68947	688.780893	688.794189	
73.99245	688.731828	688.715649	688.810368	688.820369	
74.01018	688.773492	688.759283	688.852032	688.864002	
74.01512	688.785127	688.768009	688.863667	688.864002	
74.02726	688.812678	688.794189	688.891218	688.890182	
74.03748	688.83533	688.811643	688.913869	688.898909	
74.04693	688.855823	688.829096	688.934363	688.925089	
74.05811	688.879239	688.846549	688.957779	688.933816	
74.0677	688.898877	688.864002	688.977417	688.942542	
74.07792	688.919211	688.881456	688.997751	688.951269	
74.08738	688.937866	688.898909	689.016406	688.968722	
74.09874	688.960111	688.916362	689.038651	688.968722	
74.1089	688.977177	688.933816	689.055717	688.986176	
74.12018	688.996899	688.951269	689.075439	688.994902	
74.12969	689.013058	688.968722	689.091597	689.003629	
74.14091	689.031382	688.986176	689.109922	689.021082	
74.15133	689.047816	689.003629	689.126355	689.038535	
74.1621	689.064147	689.012355	689.142687	689.055989	
74.1714	689.077813	689.038535	689.156353	689.073442	
74.1819	689.092588	689.047262	689.171127	689.090895	
74.19157	689.105713	689.064715	689.184253	689.108349	
74.20232	689.11964	689.073442	689.19818	689.125802	
74.21192	689.131614	689.090895	689.210154	689.143255	
74.22296	689.144664	689.108349	689.223204	689.169435	
74.23323	689.156265	689.108349	689.234805	689.186888	
74.24407	689.167858	689.125802	689.246398	689.213068	
74.25403	689.177996	689.134529	689.256536	689.221795	
74.26335	689.187041	689.143255	689.265581	689.239248	
74.2748	689.1974	689.151982	689.275939	689.247975	
74.28472	689.205892	689.160708	689.284431	689.265428	
74.29557	689.21455	689.169435	689.29309	689.274155	
74.30562	689.222064	689.178162	689.300604	689.282881	
74.3162	689.229391	689.178162	689.30793	689.282881	
74.33627	689.24077	689.195615	689.319309	689.282881	
74.3511	689.248344	689.195615	689.326883	689.282881	
74.35757	689.25159	689.204342	689.33013	689.282881	
74.36813	689.256269	689.213068	689.334809	689.282881	
74.37764	689.260102	689.213068	689.338642	689.282881	
74.38831	689.263877	689.213068	689.342417	689.282881	
74.39831	689.267006	689.213068	689.345545	689.282881	
74.4082	689.269702	689.213068	689.348242	689.282881	
74.41875	689.272138	689.221795	689.350678	689.282881	
74.42912	689.274118	689.221795	689.352658	689.282881	
74.4407	689.275859	689.221795	689.354399	689.282881	
74.4508	689.280446	689.221795	689.358986	689.282881	
74.46147	689.280446	689.221795	689.358986	689.282881	
74.47169	689.280446	689.221795	689.358986	689.282881	
74.48174	689.280446	689.221795	689.358986	689.282881	
74.50137	689.280446	689.221795	689.358986	689.282881	
74.50778	689.280446	689.221795	689.358986	689.282881	
74.51795	689.280446	689.221795	689.358986	689.282881	
74.52906	689.280446	689.221795	689.358986	689.282881	
74.53992	689.280446	689.221795	689.358986	689.282881	
74.54961	689.280446	689.221795	689.358986	689.282881	
74.56049	689.280446	689.221795	689.358986	689.282881	
74.57029	689.280446	689.221795	689.358986	689.282881	
74.58192	689.280446	689.221795	689.358986	689.282881	
74.59151	689.280446	689.221795	689.358986	689.282881	
74.61023	689.280446	689.221795	689.358986	689.282881	
74.62519	689.280446	689.221795	689.358986	689.282881	
74.63114	689.280446	689.221795	689.358986	689.282881	
74.64179	689.280446	689.221795	689.358986	689.282881	
74.65322	689.280446	689.221795	689.358986	689.282881	
74.66214	689.280446	689.221795	689.358986	689.282881	
74.67274	689.280446	689.221795	689.358986	689.282881	
74.6835	689.280446	689.221795	689.358986	689.291608	
74.69351	689.280446	689.221795	689.358986	689.291608	
74.70441	689.280446	689.221795	689.358986	689.282881	
74.71379	689.280446	689.221795	689.358986	689.282881	
74.72429	689.280446	689.221795	689.358986	689.291608	
74.73512	689.280446	689.221795	689.358986	689.291608	
74.74616	689.280446	689.221795	689.358986	689.291608	
74.75527	689.280446	689.221795	689.358986	689.282881	
74.76583	689.280446	689.221795	689.358986	689.282881	
74.7769	689.280446	689.221795	689.358986	689.291608	
74.78614	689.280446	689.221795	689.358986	689.291608	
74.79641	689.280446	689.221795	689.358986	689.291608	
74.80636	689.280446	689.221795	689.358986	689.282881	
74.81601	689.280446	689.221795	689.358986	689.282881	
74.82751	689.280446	689.221795	689.358986	689.291608	
74.83807	689.280446	689.221795	689.358986	689.291608	
74.84813	689.280446	689.221795	689.358986	689.291608	
74.85791	689.280446	689.221795	689.358986	689.282881	
74.86798	689.280446	689.221795	689.358986	689.282881	
74.87812	689.280446	689.221795	689.358986	689.291608	
74.88847	689.280446	689.221795	689.358986	689.291608	
74.89872	689.280446	689.221795	689.358986	689.291608	
74.90923	689.280446	689.221795	689.358986	689.291608	
74.91907	689.280446	689.221795	689.358986	689.282881	
74.92932	689.280446	689.221795	689.358986	689.282881	
74.9406	689.280446	689.221795	689.358986	689.291608	
74.94987	689.280446	689.221795	689.358986	689.291608	
74.96155	689.280446	689.221795	689.358986	689.291608	
74.98011	689.280446	689.221795	689.358986	689.291608	
75.00409	689.280446	689.221795	689.358986	689.282881	
75.00976	689.280446	689.221795	689.358986	689.282881	
75.01957	689.280446	689.221795	689.358986	689.291608	
75.03203	689.280446	689.221795	689.358986	689.291608	
75.0507	689.280446	689.221795	689.358986	689.291608	
75.05756	689.280446	689.221795	689.358986	689.291608	
75.06766	689.280446	689.221795	689.358986	689.291608	
75.07795	689.280446	689.221795	689.358986	689.291608	
75.08835	689.280446	689.221795	689.358986	689.282881	
75.09859	689.280446	689.221795	689.358986	689.282881	
75.10786	689.280446	689.221795	689.358986	689.291608	
75.11869	689.280446	689.221795	689.358986	689.291608	
75.12895	689.280446	689.221795	689.358986	689.291608	
75.14003	689.280446	689.221795	689.358986	689.291608	
75.1549	689.280446	689.221795	689.358986	689.291608	
75.17337	689.280446	689.221795	689.358986	689.291608	
75.17996	689.280446	689.221795	689.358986	689.291608	
75.19008	689.280446	689.221795	689.358986	689.291608	
75.20118	689.280446	689.221795	689.358986	689.282881	
75.21097	689.280446	689.221795	689.358986	689.282881	
75.22167	689.280446	689.221795	689.358986	689.291608	
75.23197	689.280446	689.221795	689.358986	689.291608	
75.24301	689.280446	689.221795	689.358986	689.291608	
75.25293	689.280446	689.221795	689.358986	689.291608	
75.263	689.280446	689.221795	689.358986	689.291608	
75.27436	689.280446	689.221795	689.358986	689.291608	
75.2842	689.280446	689.221795	689.358986	689.291608	
75.29397	689.280446	689.221795	689.358986	689.291608	
75.30449	689.280446	689.221795	689.358986	689.291608	
75.31557	689.280446	689.221795	689.358986	689.291608	
75.32505	689.280446	689.221795	689.358986	689.291608	
75.33621	689.280446	689.221795	689.358986	689.291608	
75.3644	689.280446	689.221795	689.358986	689.291608	
75.37073	689.280446	689.221795	689.358986	689.291608	
75.38116	689.280446	689.221795	689.358986	689.291608	
75.39115	689.280446	689.221795	689.358986	689.291608	
75.40225	689.280446	689.221795	689.358986	689.291608	
75.4113	689.280446	689.221795	689.358986	689.291608	
75.42336	689.280446	689.221795	689.358986	689.291608	
75.4324	689.280446	689.221795	689.358986	689.291608	
75.44306	689.280446	689.221795	689.358986	689.291608	
75.45456	689.280446	689.221795	689.358986	689.291608	
75.46459	689.280446	689.221795	689.358986	689.291608	
75.47626	689.280446	689.221795	689.358986	689.291608	
75.48565	689.280446	689.221795	689.358986	689.291608	
75.49564	689.280446	689.221795	689.358986	689.291608	
75.50728	689.280446	689.221795	689.358986	689.291608	
75.51635	689.280446	689.221795	689.358986	689.291608	
75.52668	689.280446	689.221795	689.358986	689.291608	
75.53755	689.280446	689.221795	689.358986	689.291608	
75.54946	689.280446	689.221795	689.358986	689.291608	
75.5593	689.280446	689.221795	689.358986	689.291608	
75.56921	689.280446	689.221795	689.358986	689.291608	
75.57886	689.280446	689.221795	689.358986	689.291608	
75.58871	689.280446	689.221795	689.358986	689.291608	
75.59959	689.280446	689.221795	689.358986	689.291608	
75.60992	689.280446	689.221795	689.358986	689.291608	
75.62835	689.280446	689.221795	689.358986	689.291608	
75.63543	689.280446	689.221795	689.358986	689.291608	
75.64372	689.280446	689.221795	689.358986	689.291608	
75.65478	689.280446	689.221795	689.358986	689.291608	
75.66639	689.280446	689.221795	689.358986	689.291608	
75.69348	689.280446	689.221795	689.358986	689.291608	
75.69988	689.280446	689.221795	689.358986	689.291608	
75.71185	689.280446	689.221795	689.358986	689.291608	
75.72039	689.280446	689.221795	689.358986	689.291608	
75.73117	689.280446	689.221795	689.358986	689.291608	
75.74139	689.280446	689.221795	689.358986	689.291608	
75.75139	689.280446	689.221795	689.358986	689.291608	
75.76229	689.280446	689.221795	689.358986	689.291608	
75.77185	689.280446	689.221795	689.358986	689.291608	
75.78202	689.280446	689.221795	689.358986	689.291608	
75.79224	689.280446	689.221795	689.358986	689.291608	
75.80253	689.280446	689.221795	689.358986	689.291608	
75.81331	689.280446	689.221795	689.358986	689.291608	
75.82276	689.280446	689.221795	689.358986	689.291608	
75.84192	689.280446	689.221795	689.358986	689.291608	
75.84676	689.280446	689.221795	689.358986	689.291608	
75.85695	689.280446	689.221795	689.358986	689.291608	
75.86871	689.280446	689.221795	689.358986	689.291608	
75.87965	689.280446	689.221795	689.358986	689.291608	
75.88875	689.280446	689.221795	689.358986	689.291608	
75.8992	689.280446	689.221795	689.358986	689.291608	
75.90972	689.280446	689.221795	689.358986	689.291608	
75.91949	689.280446	689.221795	689.358986	689.291608	
75.93031	689.280446	689.221795	689.358986	689.291608	
75.94006	689.280446	689.221795	689.358986	689.291608	
75.95133	689.280446	689.221795	689.358986	689.291608	
75.96114	689.280446	689.221795	689.358986	689.291608	
75.97059	689.280446	689.221795	689.358986	689.291608	
75.98251	689.280446	689.221795	689.358986	689.291608	
75.99411	689.280446	689.221795	689.358986	689.291608	
76.00395	689.280446	689.221795	689.358986	689.291608	
76.01298	689.280446	689.221795	689.358986	689.291608	
76.02329	689.280446	689.221795	689.358986	689.291608	
76.03496	689.280446	689.221795	689.358986	689.291608	
76.0447	689.280446	689.221795	689.358986	689.291608	
76.0548	689.280446	689.221795	689.358986	689.291608	
