13.32761	569.850984	569.832547	569.083039	569.073329	
13.33224	569.851698	569.832547	569.083753	569.073329	
13.34257	569.854114	569.832547	569.086169	569.073329	
13.35253	569.857025	569.832547	569.08908	569.073329	
13.36264	569.860596	569.832547	569.092651	569.073329	
13.3728	569.864807	569.832547	569.096862	569.082056	
13.38298	569.86965	569.832547	569.101706	569.082056	
13.39307	569.875056	569.832547	569.107111	569.082056	
13.40322	569.881118	569.841274	569.113173	569.090783	
13.41341	569.887828	569.850001	569.119883	569.099509	
13.4235	569.895076	569.867454	569.127132	569.099509	
13.43362	569.902964	569.876181	569.135019	569.108236	
13.44374	569.911472	569.893634	569.143527	569.116962	
13.45392	569.920641	569.902361	569.152696	569.125689	
13.46404	569.930378	569.919814	569.162433	569.134416	
13.47418	569.940746	569.937267	569.172801	569.151869	
13.48433	569.951749	569.945994	569.183804	569.160596	
13.49447	569.963352	569.963447	569.195407	569.169322	
13.50457	569.975521	569.972174	569.207576	569.186776	
13.51472	569.988366	569.972174	569.220421	569.204229	
13.52487	570.001838	569.972174	569.233893	569.221682	
13.53509	570.016033	569.972174	569.248088	569.230409	
13.54514	570.03059	569.972174	569.262645	569.239136	
13.5553	570.045924	569.972174	569.277979	569.256589	
13.5655	570.061957	569.9809	569.294012	569.265315	
13.57557	570.078363	569.989627	569.310418	569.274042	
13.5858	570.095685	570.00708	569.32774	569.274042	
13.59585	570.113296	570.015807	569.345351	569.291495	
13.60598	570.131679	570.041987	569.363734	569.300222	
13.61613	570.150707	570.068167	569.382762	569.308949	
13.62627	570.170313	570.103074	569.402368	569.326402	
13.63642	570.190585	570.129253	569.422641	569.343855	
13.64654	570.211395	570.16416	569.44345	569.361309	
13.66906	570.26163	570.199067	569.493685	569.387489	
13.67363	570.271659	570.251427	569.503714	569.439848	
13.70048	570.33696	570.277606	569.569015	569.466028	
13.70811	570.355406	570.338693	569.587461	569.553295	
13.73607	570.429442	570.417233	569.661497	569.658015	
13.76912	570.524014	570.521953	569.756069	569.797641	
13.77589	570.543117	570.565586	569.775172	569.850001	
13.78901	570.581443	570.600492	569.813498	569.893634	
13.80177	570.619666	570.652852	569.851721	569.937267	
13.82183	570.682637	570.722665	569.914692	569.972174	
13.84178	570.747621	570.775025	569.979676	569.989627	
13.86218	570.816624	570.836112	570.048679	570.00708	
13.88175	570.885022	570.879745	570.117077	570.024534	
13.90183	570.957679	570.923378	570.189734	570.05944	
13.9218	571.032327	570.949558	570.264382	570.120527	
13.94187	571.109779	570.984465	570.341835	570.21652	
13.96217	571.190615	571.036825	570.42267	570.32124	
13.98184	571.271198	571.115364	570.503253	570.443413	
14.00178	571.355288	571.220084	570.587343	570.574312	
14.02222	571.444065	571.350984	570.67612	570.705212	
14.04185	571.531529	571.508064	570.763585	570.809932	
14.06185	571.623112	571.67387	570.855167	570.905925	
14.08194	571.717509	571.822223	570.949564	570.993191	
14.10184	571.813388	571.961849	571.045443	571.080458	
14.12176	571.911746	572.057842	571.143801	571.158998	
14.14183	572.013285	572.110202	571.245341	571.228811	
14.16177	572.116525	572.136382	571.34858	571.307351	
14.18187	572.223042	572.136382	571.455097	571.394617	
14.20177	572.330853	572.145109	571.562908	571.49061	
14.22051	572.434422	572.162562	571.666477	571.54297	
14.22507	572.459498	572.206195	571.691554	571.604057	
14.24179	572.553942	572.310915	571.785997	571.682596	
14.26183	572.669776	572.485448	571.901831	571.80477	
14.28217	572.789828	572.694887	572.021883	571.926943	
14.30187	572.908344	572.930507	572.140399	572.049116	
14.3219	573.03131	573.1574	572.263366	572.188742	
14.34183	573.156053	573.358113	572.388108	572.328368	
14.36184	573.283672	573.515192	572.515727	572.485448	
14.38184	573.413632	573.602459	572.645687	572.633801	
14.40177	573.545516	573.637365	572.777571	572.790881	
14.42187	573.680994	573.637365	572.913049	572.939234	
14.44178	573.817524	573.637365	573.049579	573.07886	
14.46187	573.957743	573.672272	573.189798	573.20976	
14.4805	574.089766	573.707178	573.321821	573.270846	
14.48598	574.128534	573.803172	573.360589	573.340659	
14.50214	574.244967	573.942798	573.477022	573.427926	
14.5205	574.379572	574.047518	573.611628	573.480286	
14.52599	574.419692	574.195871	573.651747	573.558825	
14.5492	574.59411	574.32677	573.826165	573.611185	
14.55384	574.628724	574.544936	573.860779	573.724632	
14.57054	574.756042	574.684563	573.988098	573.803172	
14.5752	574.791463	574.824189	574.023518	573.899165	
14.59177	574.919912	575.024902	574.151967	574.056244	
14.60192	574.998965	575.129622	574.23102	574.160964	
14.6218	575.156775	575.312881	574.38883	574.370404	
14.64179	575.31788	575.443781	574.549935	574.579843	
14.66189	575.482252	575.522321	574.714307	574.780556	
14.68177	575.647199	575.592134	574.879254	574.955089	
14.7019	575.816693	575.653221	575.048748	575.120895	
14.72179	575.986464	575.749214	575.218519	575.260521	
14.74183	576.159987	575.897567	575.392042	575.391421	
14.76185	576.335741	576.098279	575.567796	575.522321	
14.78184	576.5136	576.333899	575.745655	575.635767	
14.80179	576.693561	576.586972	575.925617	575.766667	
14.82183	576.876705	576.848771	576.10876	575.91502	
14.84181	577.061616	577.119297	576.293671	576.098279	
14.86185	577.249599	577.363643	576.481655	576.307719	
14.8818	577.439035	577.581809	576.67109	576.552065	
14.90183	577.631779	577.756342	576.863834	576.813864	
14.92183	577.826515	577.887242	577.058571	577.075664	
14.94182	578.023571	578.000688	577.255626	577.337463	
14.96178	578.22278	578.105408	577.454835	577.573083	
14.98184	578.425316	578.227581	577.657371	577.791249	
15.00177	578.628997	578.384661	577.861052	577.965782	
15.02183	578.836366	578.5941	578.068421	578.122861	
15.0418	579.04517	578.847173	578.277226	578.253761	
15.06186	579.257378	579.117699	578.489433	578.384661	
15.0823	579.476114	579.396952	578.708169	578.524287	
15.10189	579.688104	579.667478	578.920159	578.681367	
15.12181	579.905965	579.938004	579.13802	578.873353	
15.14184	580.127421	580.191077	579.359476	579.100246	
15.16181	580.350704	580.417969	579.582759	579.362045	
15.1819	580.577655	580.618682	579.80971	579.623845	
15.2018	580.804915	580.793215	580.036971	579.903097	
15.22188	581.036533	580.967748	580.268589	580.199803	
15.2418	581.268864	581.151008	580.500919	580.479056	
15.26235	581.511019	581.360447	580.743074	580.784489	
15.28065	581.728475	581.473894	580.96053	580.924115	
15.28525	581.782958	581.630973	581.015013	581.089921	
15.30188	581.982767	581.840413	581.214822	581.290634	
15.33137	582.340115	582.119665	581.57217	581.526253	
15.37051	582.806447	582.695624	582.038502	581.927679	
15.37683	582.882167	582.91379	582.114222	582.076032	
15.38706	583.005347	583.062143	582.237402	582.180752	
15.40188	583.182791	583.271583	582.414846	582.346558	
15.42221	583.426715	583.533382	582.65877	582.590904	
15.44055	583.646855	583.646829	582.87891	582.721804	
15.44512	583.701587	583.786455	582.933642	582.88761	
15.45931	583.872071	583.899901	583.104126	583.035963	
15.4766	584.079467	584.056981	583.311522	583.236676	
15.4877	584.212811	584.152974	583.444866	583.376302	
15.49925	584.351219	584.257694	583.583274	583.507202	
15.50383	584.406131	584.37114	583.638186	583.655555	
15.51723	584.566919	584.52822	583.798974	583.821361	
15.52731	584.687879	584.641666	583.919934	583.952261	
15.53769	584.812571	584.763839	584.044626	584.074434	
15.54763	584.931743	584.877286	584.163798	584.179154	
15.55782	585.054023	585.008185	584.286078	584.2926	
15.568	585.176183	585.121632	584.408238	584.39732	
15.57805	585.296807	585.243805	584.528862	584.50204	
15.58825	585.419135	585.365978	584.65119	584.60676	
15.59832	585.540023	585.488151	584.772078	584.711479	
15.60845	585.661511	585.610324	584.893566	584.824926	
15.61879	585.785627	585.72377	585.017682	584.938372	
15.62875	585.905135	585.845943	585.13719	585.051819	
15.6389	586.026959	585.95939	585.259014	585.182718	
15.64906	586.148879	586.081563	585.380934	585.304891	
15.65918	586.270343	586.203736	585.502398	585.435791	
15.66931	586.391903	586.334636	585.623958	585.557964	
15.67945	586.513511	586.448082	585.745566	585.680137	
15.68961	586.635455	586.578982	585.86751	585.811037	
15.69977	586.757399	586.701155	585.989454	585.93321	
15.70991	586.879115	586.823328	586.11117	586.06411	
15.7202	587.002607	586.945501	586.234662	586.195009	
15.7302	587.122523	587.0764	586.354578	586.317182	
15.7404	587.244983	587.198574	586.477038	586.448082	
15.75052	587.366399	587.320747	586.598454	586.570255	
15.76071	587.488775	587.451646	586.72083	586.692428	
15.77083	587.610131	587.573819	586.842186	586.823328	
15.78113	587.733815	587.704719	586.96587	586.945501	
15.79117	587.853302	587.835619	587.085357	587.0764	
15.80127	587.973037	587.957792	587.205093	587.198574	
15.81144	588.092903	588.088691	587.324958	587.320747	
15.82168	588.213016	588.210865	587.445071	587.460373	
15.83188	588.332019	588.333038	587.564074	587.573819	
15.84183	588.447525	588.455211	587.67958	587.704719	
15.85222	588.567518	588.577384	587.799573	587.818165	
15.86212	588.681263	588.699557	587.913318	587.931612	
15.87224	588.796965	588.813003	588.02902	588.045058	
15.88257	588.914303	588.92645	588.146358	588.158505	
15.89256	589.02734	589.031169	588.259395	588.263224	
15.90286	589.143186	589.144616	588.375241	588.367944	
15.91281	589.254496	589.258062	588.486551	588.472664	
15.92294	589.367194	589.362782	588.599249	588.577384	
15.93313	589.479898	589.476228	588.711953	588.682103	
15.94326	589.591483	589.589675	588.823539	588.786823	
15.95339	589.702361	589.694394	588.934416	588.908996	
15.96355	589.812964	589.799114	589.045019	589.013716	
15.97375	589.923341	589.903834	589.155396	589.135889	
15.98382	590.031798	590.01728	589.263853	589.240609	
15.99396	590.1403	590.122	589.372355	589.345329	
16.00408	590.248076	590.235446	589.480132	589.450048	
16.01423	590.355507	590.340166	589.587562	589.563495	
16.02454	590.463911	590.453613	589.695967	589.668214	
16.03467	590.569923	590.558332	589.801978	589.772934	
16.04462	590.67349	590.663052	589.905545	589.877654	
16.05476	590.778478	590.776499	590.010533	589.9911	
16.0649	590.882642	590.881218	590.114697	590.09582	
16.07502	590.98647	590.985938	590.218525	590.217993	
16.08519	591.089546	591.090658	590.321601	590.322713	
16.0955	591.193743	591.204104	590.425798	590.427433	
16.10547	591.293816	591.308824	590.525872	590.532152	
16.11558	591.394765	591.404817	590.62682	590.636872	
16.12577	591.495924	591.509537	590.727979	590.741592	
16.13585	591.595313	591.614257	590.827368	590.846312	
16.14599	591.694702	591.701523	590.926757	590.951031	
16.15613	591.793511	591.797516	591.025566	591.038298	
16.16629	591.891901	591.893509	591.123957	591.134291	
16.17641	591.98928	591.980776	591.221335	591.230284	
16.18653	592.086079	592.068042	591.318134	591.317551	
16.19667	592.182412	592.164035	591.414467	591.404817	
16.20679	592.278015	592.251302	591.51007	591.492084	
16.21692	592.37301	592.347295	591.605065	591.57935	
16.22711	592.46809	592.434561	591.700145	591.675343	
16.23729	592.56237	592.530554	591.794425	591.76261	
16.24742	592.655517	592.626548	591.887572	591.858603	
16.25757	592.748382	592.713814	591.980438	591.945869	
16.26812	592.844232	592.80108	592.076287	592.033136	
16.27828	592.935788	592.897074	592.167843	592.137855	
16.28837	593.026131	592.98434	592.258186	592.225122	
16.29857	593.116937	593.080333	592.348993	592.312388	
16.30871	593.206576	593.1676	592.438631	592.417108	
16.3188	593.295145	593.254866	592.5272	592.504374	
16.32895	593.38369	593.350859	592.615745	592.591641	
16.33911	593.471641	593.438126	592.703696	592.687634	
16.34923	593.55865	593.534119	592.790705	592.774901	
16.3673	593.711707	593.621385	592.943762	592.870894	
16.37194	593.751018	593.743558	592.983073	592.975613	
16.3821	593.83641	593.830825	593.068465	593.071606	
16.39239	593.922272	593.926818	593.154327	593.158873	
16.40234	594.004705	594.022811	593.23676	593.254866	
16.41249	594.088237	594.110077	593.320292	593.342133	
16.42262	594.170892	594.197344	593.402948	593.429399	
16.43275	594.253038	594.28461	593.485093	593.516665	
16.4429	594.334655	594.371877	593.56671	593.603932	
16.45302	594.415546	594.44169	593.647601	593.673745	
16.46336	594.497404	594.52023	593.729459	593.752285	
16.47336	594.576058	594.590043	593.808113	593.822098	
16.48348	594.655101	594.668583	593.887156	593.900638	
16.49371	594.734326	594.729669	593.966381	593.961724	
16.50376	594.811551	594.799482	594.043606	594.031538	
16.51392	594.889015	594.869296	594.12107	594.101351	
16.52404	594.965608	594.939109	594.197663	594.171164	
16.53419	595.041736	595.008922	594.273791	594.23225	
16.54431	595.117088	595.087462	594.349143	594.31079	
16.55447	595.192184	595.157275	594.42424	594.380603	
16.56459	595.266323	595.235815	594.498378	594.459143	
16.57473	595.339994	595.305628	594.572049	594.528956	
16.58492	595.413413	595.384168	594.645468	594.607496	
16.59501	595.485485	595.453981	594.717541	594.686036	
16.60514	595.55728	595.523794	594.789335	594.755849	
16.61531	595.628739	595.593607	594.860794	594.834389	
16.62542	595.699161	595.672147	594.931216	594.912929	
16.63556	595.769199	595.74196	595.001254	594.982742	
16.64576	595.839049	595.8205	595.071104	595.052555	
16.65584	595.907501	595.89904	595.139557	595.131095	
16.66597	595.9756	595.97758	595.207655	595.200908	
16.67613	596.043384	596.047393	595.275439	595.279448	
16.68626	596.11033	596.117206	595.342385	595.340535	
16.69642	596.176833	596.187019	595.408888	595.410348	
16.70654	596.242524	596.256832	595.474579	595.480161	
16.71667	596.30761	596.326646	595.539665	595.549974	
16.7268	596.372181	596.396459	595.604236	595.611061	
16.73694	596.436152	596.457545	595.668207	595.680874	
16.74713	596.499838	596.518632	595.731893	595.74196	
16.75934	596.575185	596.579718	595.80724	595.803047	
16.76738	596.624479	596.640805	595.856535	595.864133	
16.7776	596.686567	596.693165	595.918622	595.92522	
16.78768	596.747116	596.745525	595.979171	595.97758	
16.79786	596.807735	596.806611	596.03979	596.038666	
16.80797	596.867269	596.858971	596.099324	596.099753	
16.81808	596.926236	596.911331	596.158291	596.152113	
16.82825	596.984926	596.963691	596.216982	596.204472	
16.83839	597.042874	597.016051	596.274929	596.256832	
16.84852	597.1001	597.06841	596.332155	596.309192	
16.85873	597.157252	597.12077	596.389307	596.361552	
16.86881	597.213045	597.17313	596.4451	596.413912	
16.87895	597.268542	597.234217	596.500597	596.466272	
16.88911	597.323559	597.286577	596.555614	596.518632	
16.89937	597.378474	597.338936	596.61053	596.570992	
16.90937	597.431419	597.391296	596.663474	596.623352	
16.9195	597.484452	597.443656	596.716507	596.675711	
16.92964	597.536949	597.504743	596.769004	596.736798	
16.93978	597.588873	597.557103	596.820928	596.789158	
16.95001	597.640601	597.618189	596.872656	596.850244	
16.96012	597.691137	597.679276	596.923192	596.902604	
16.97019	597.74084	597.731636	596.972895	596.954964	
16.98043	597.790794	597.792722	597.022849	597.016051	
16.99048	597.839273	597.836355	597.071328	597.059684	
17.00062	597.887524	597.897442	597.119579	597.12077	
17.01077	597.935247	597.941075	597.167302	597.164404	
17.02095	597.9825	597.993435	597.214555	597.216763	
17.03111	598.029061	598.037068	597.261116	597.269123	
17.04122	598.07477	598.089428	597.306826	597.312757	
17.05156	598.120915	598.133061	597.35297	597.365116	
17.06934	598.198055	598.202874	597.43011	597.443656	
17.07387	598.217747	598.220328	597.449802	597.46111	
17.08401	598.261066	598.255234	597.493121	597.496016	
17.09414	598.303753	598.298868	597.535808	597.539649	
17.10428	598.345903	598.333774	597.577958	597.574556	
17.11442	598.387425	598.368681	597.61948	597.618189	
17.12456	598.428371	598.412314	597.660427	597.653096	
17.13467	598.468567	598.447221	597.700623	597.688002	
17.14486	598.508521	598.482127	597.740577	597.722909	
17.15503	598.547765	598.52576	597.77982	597.757816	
17.16514	598.586188	598.560667	597.818244	597.792722	
17.17531	598.624255	598.595574	597.85631	597.827629	
17.18543	598.661487	598.63048	597.893542	597.862535	
17.19557	598.698242	598.665387	597.930297	597.897442	
17.20578	598.734643	598.700293	597.966698	597.932348	
17.21585	598.769974	598.7352	598.002029	597.967255	
17.22599	598.804925	598.770106	598.036981	598.002162	
17.23612	598.839255	598.805013	598.07131	598.037068	
17.24627	598.873054	598.83992	598.10511	598.071975	
17.25644	598.906306	598.874826	598.138361	598.106881	
17.26656	598.938841	598.909733	598.170896	598.150515	
17.2767	598.970807	598.944639	598.202863	598.185421	
17.28683	599.002178	598.979546	598.234233	598.220328	
17.29695	599.032914	599.014453	598.264969	598.255234	
17.30709	599.063115	599.049359	598.29517	598.290141	
17.31795	599.094761	599.084266	598.326816	598.325048	
17.32805	599.123613	599.119172	598.355669	598.351227	
17.33818	599.151972	599.145352	598.384027	598.386134	
17.34839	599.179966	599.171532	598.412021	598.412314	
17.35847	599.207029	599.206439	598.439084	598.438494	
17.36871	599.233886	599.223892	598.465941	598.464674	
17.37876	599.259677	599.250072	598.491732	598.490854	
17.38891	599.285144	599.276252	598.517199	598.508307	
17.39904	599.30996	599.293705	598.542015	598.52576	
17.40936	599.334663	599.311159	598.566718	598.55194	
17.41934	599.35795	599.328612	598.590005	598.569394	
17.42946	599.380995	599.337338	598.61305	598.595574	
17.4396	599.403491	599.354792	598.635546	598.613027	
17.44974	599.425415	599.372245	598.65747	598.63048	
17.45988	599.446759	599.389698	598.678814	598.647933	
17.47011	599.467679	599.407152	598.699734	598.665387	
17.48024	599.487842	599.433332	598.719897	598.68284	
17.49036	599.507376	599.450785	598.739431	598.700293	
17.50046	599.526312	599.468238	598.758367	598.726473	
17.51058	599.544712	599.494418	598.776767	598.743927	
17.5207	599.562535	599.520598	598.79459	598.770106	
17.53088	599.579883	599.538051	598.811938	598.78756	
17.54103	599.596592	599.572958	598.828647	598.805013	
17.55124	599.612837	599.599138	598.844892	598.831193	
17.56132	599.6283	599.616591	598.860355	598.848646	
17.57151	599.643346	599.642771	598.875401	598.874826	
17.58178	599.657932	599.651498	598.889987	598.89228	
17.59184	599.671664	599.677678	598.903719	598.909733	
17.60193	599.684879	599.677678	598.916934	598.927186	
17.61208	599.697608	599.695131	598.929663	598.944639	
17.62222	599.709756	599.703858	598.941811	598.953366	
17.63235	599.721335	599.712584	598.95339	598.970819	
17.64247	599.732358	599.712584	598.964413	598.979546	
17.65265	599.742888	599.721311	598.974944	598.996999	
17.66274	599.752768	599.721311	598.984824	599.014453	
17.67288	599.76216	599.730038	598.994215	599.014453	
17.68304	599.771023	599.738764	599.003078	599.014453	
17.69317	599.779323	599.747491	599.011378	599.014453	
17.70337	599.78713	599.747491	599.019185	599.023179	
17.71346	599.794337	599.747491	599.026392	599.023179	
17.7236	599.801053	599.756218	599.033108	599.023179	
17.73381	599.80729	599.764944	599.039345	599.023179	
17.74389	599.812943	599.773671	599.044998	599.023179	
17.75401	599.818115	599.773671	599.050171	599.023179	
17.76422	599.822834	599.782397	599.054889	599.023179	
17.77433	599.827027	599.782397	599.059083	599.023179	
17.78448	599.830765	599.782397	599.062821	599.023179	
17.7946	599.834036	599.791124	599.066091	599.023179	
17.80474	599.836876	599.791124	599.068931	599.023179	
17.81487	599.83929	599.799851	599.071345	599.023179	
17.82499	599.841309	599.799851	599.073364	599.031906	
17.83514	599.842995	599.799851	599.075051	599.031906	
17.8453	599.847791	599.799851	599.079846	599.031906	
17.85545	599.847791	599.799851	599.079846	599.031906	
17.86559	599.847791	599.799851	599.079846	599.031906	
17.87572	599.847791	599.799851	599.079846	599.040633	
17.88594	599.847791	599.799851	599.079846	599.040633	
17.89602	599.847791	599.799851	599.079846	599.049359	
17.90616	599.847791	599.808577	599.079846	599.049359	
17.91632	599.847791	599.808577	599.079846	599.049359	
17.92644	599.847791	599.808577	599.079846	599.058086	
17.93658	599.847791	599.808577	599.079846	599.058086	
17.94674	599.847791	599.808577	599.079846	599.066812	
17.95687	599.847791	599.808577	599.079846	599.066812	
17.967	599.847791	599.808577	599.079846	599.058086	
17.97714	599.847791	599.808577	599.079846	599.058086	
17.98735	599.847791	599.808577	599.079846	599.058086	
17.99747	599.847791	599.808577	599.079846	599.049359	
18.0076	599.847791	599.808577	599.079846	599.049359	
18.01778	599.847791	599.808577	599.079846	599.049359	
18.02793	599.847791	599.808577	599.079846	599.049359	
18.03809	599.847791	599.808577	599.079846	599.049359	
18.0484	599.847791	599.808577	599.079846	599.058086	
18.05853	599.847791	599.808577	599.079846	599.058086	
18.06875	599.847791	599.808577	599.079846	599.058086	
18.07888	599.847791	599.808577	599.079846	599.058086	
18.08895	599.847791	599.808577	599.079846	599.049359	
18.09909	599.847791	599.808577	599.079846	599.049359	
18.10923	599.847791	599.808577	599.079846	599.049359	
18.11942	599.847791	599.808577	599.079846	599.049359	
18.12952	599.847791	599.808577	599.079846	599.049359	
18.13967	599.847791	599.808577	599.079846	599.058086	
18.1501	599.847791	599.808577	599.079846	599.058086	
18.16001	599.847791	599.808577	599.079846	599.058086	
18.17014	599.847791	599.808577	599.079846	599.058086	
18.18023	599.847791	599.808577	599.079846	599.049359	
18.1904	599.847791	599.808577	599.079846	599.049359	
18.20049	599.847791	599.808577	599.079846	599.049359	
18.21067	599.847791	599.808577	599.079846	599.049359	
18.22079	599.847791	599.808577	599.079846	599.049359	
18.23094	599.847791	599.808577	599.079846	599.058086	
18.24108	599.847791	599.808577	599.079846	599.058086	
18.25121	599.847791	599.808577	599.079846	599.058086	
18.26139	599.847791	599.808577	599.079846	599.058086	
18.27935	599.847791	599.808577	599.079846	599.049359	
18.28389	599.847791	599.808577	599.079846	599.049359	
18.29405	599.847791	599.808577	599.079846	599.049359	
18.30415	599.847791	599.808577	599.079846	599.049359	
18.31429	599.847791	599.808577	599.079846	599.049359	
18.32457	599.847791	599.808577	599.079846	599.049359	
18.33455	599.847791	599.808577	599.079846	599.058086	
18.3447	599.847791	599.808577	599.079846	599.058086	
18.35484	599.847791	599.808577	599.079846	599.058086	
18.365	599.847791	599.808577	599.079846	599.058086	
18.37513	599.847791	599.808577	599.079846	599.058086	
18.38527	599.847791	599.808577	599.079846	599.049359	
18.39542	599.847791	599.808577	599.079846	599.049359	
18.40553	599.847791	599.808577	599.079846	599.049359	
18.41566	599.847791	599.808577	599.079846	599.049359	
18.4258	599.847791	599.808577	599.079846	599.049359	
18.43595	599.847791	599.808577	599.079846	599.049359	
18.44612	599.847791	599.808577	599.079846	599.058086	
18.45622	599.847791	599.808577	599.079846	599.058086	
18.46643	599.847791	599.808577	599.079846	599.058086	
18.47658	599.847791	599.808577	599.079846	599.049359	
18.48665	599.847791	599.808577	599.079846	599.049359	
18.49679	599.847791	599.808577	599.079846	599.049359	
18.50692	599.847791	599.808577	599.079846	599.049359	
18.5171	599.847791	599.808577	599.079846	599.049359	
18.52729	599.847791	599.808577	599.079846	599.049359	
18.53745	599.847791	599.808577	599.079846	599.049359	
18.54759	599.847791	599.808577	599.079846	599.049359	
18.55782	599.847791	599.808577	599.079846	599.049359	
18.56789	599.847791	599.808577	599.079846	599.049359	
18.57801	599.847791	599.808577	599.079846	599.049359	
18.58817	599.847791	599.808577	599.079846	599.049359	
18.5983	599.847791	599.808577	599.079846	599.049359	
18.60842	599.847791	599.808577	599.079846	599.049359	
18.61855	599.847791	599.808577	599.079846	599.049359	
18.62876	599.847791	599.808577	599.079846	599.049359	
18.6389	599.847791	599.808577	599.079846	599.049359	
18.649	599.847791	599.808577	599.079846	599.049359	
18.65912	599.847791	599.808577	599.079846	599.049359	
18.66927	599.847791	599.808577	599.079846	599.049359	
18.67947	599.847791	599.808577	599.079846	599.049359	
18.68958	599.847791	599.808577	599.079846	599.049359	
18.69971	599.847791	599.808577	599.079846	599.049359	
18.70998	599.847791	599.808577	599.079846	599.049359	
18.72006	599.847791	599.808577	599.079846	599.049359	
18.73017	599.847791	599.808577	599.079846	599.049359	
18.7404	599.847791	599.808577	599.079846	599.049359	
18.75042	599.847791	599.808577	599.079846	599.049359	
18.76259	599.847791	599.808577	599.079846	599.049359	
18.77071	599.847791	599.808577	599.079846	599.049359	
18.78089	599.847791	599.808577	599.079846	599.049359	
18.79101	599.847791	599.808577	599.079846	599.049359	
18.80134	599.847791	599.808577	599.079846	599.049359	
18.81134	599.847791	599.808577	599.079846	599.049359	
18.82147	599.847791	599.808577	599.079846	599.049359	
18.83163	599.847791	599.817304	599.079846	599.049359	
18.84176	599.847791	599.817304	599.079846	599.049359	
18.85191	599.847791	599.817304	599.079846	599.049359	
18.86207	599.847791	599.817304	599.079846	599.049359	
18.87217	599.847791	599.817304	599.079846	599.049359	
18.88254	599.847791	599.826031	599.079846	599.049359	
18.89247	599.847791	599.826031	599.079846	599.049359	
18.9026	599.847791	599.826031	599.079846	599.049359	
18.91271	599.847791	599.826031	599.079846	599.049359	
18.92286	599.847791	599.817304	599.079846	599.049359	
18.933	599.847791	599.817304	599.079846	599.049359	
18.94313	599.847791	599.817304	599.079846	599.058086	
18.95328	599.847791	599.826031	599.079846	599.058086	
18.96344	599.847791	599.826031	599.079846	599.058086	
18.97358	599.847791	599.826031	599.079846	599.058086	
18.98369	599.847791	599.826031	599.079846	599.058086	
18.99385	599.847791	599.826031	599.079846	599.058086	
19.004	599.847791	599.826031	599.079846	599.058086	
19.01417	599.847791	599.817304	599.079846	599.058086	
19.02425	599.847791	599.817304	599.079846	599.058086	
19.03439	599.847791	599.817304	599.079846	599.058086	
19.04456	599.847791	599.817304	599.079846	599.058086	
19.05469	599.847791	599.826031	599.079846	599.049359	
19.06478	599.847791	599.834757	599.079846	599.049359	
19.07493	599.847791	599.834757	599.079846	599.049359	
19.08506	599.847791	599.834757	599.079846	599.049359	
19.09524	599.847791	599.834757	599.079846	599.058086	
19.10536	599.847791	599.834757	599.079846	599.058086	
19.11549	599.847791	599.834757	599.079846	599.066812	
19.12565	599.847791	599.826031	599.079846	599.066812	
19.13578	599.847791	599.826031	599.079846	599.066812	
19.14592	599.847791	599.826031	599.079846	599.066812	
19.15605	599.847791	599.826031	599.079846	599.075539	
19.16621	599.847791	599.817304	599.079846	599.075539	
19.17633	599.847791	599.817304	599.079846	599.075539	
19.18647	599.847791	599.817304	599.079846	599.075539	
19.19668	599.847791	599.826031	599.079846	599.075539	
19.20674	599.847791	599.826031	599.079846	599.075539	
19.21688	599.847791	599.834757	599.079846	599.075539	
19.22701	599.847791	599.834757	599.079846	599.075539	
19.23716	599.847791	599.834757	599.079846	599.075539	
19.24767	599.847791	599.834757	599.079846	599.075539	
19.2578	599.847791	599.834757	599.079846	599.075539	
19.26796	599.847791	599.834757	599.079846	599.075539	
19.27814	599.847791	599.834757	599.079846	599.075539	
19.28825	599.847791	599.834757	599.079846	599.075539	
19.2984	599.847791	599.834757	599.079846	599.075539	
19.30875	599.847791	599.834757	599.079846	599.075539	
19.31873	599.847791	599.834757	599.079846	599.075539	
19.32888	599.847791	599.834757	599.079846	599.075539	
19.33897	599.847791	599.834757	599.079846	599.075539	
19.34911	599.847791	599.834757	599.079846	599.075539	
19.35926	599.847791	599.834757	599.079846	599.075539	
19.36938	599.847791	599.834757	599.079846	599.075539	
19.37953	599.847791	599.834757	599.079846	599.075539	
19.38967	599.847791	599.834757	599.079846	599.075539	
19.3998	599.847791	599.834757	599.079846	599.075539	
19.41782	599.847791	599.834757	599.079846	599.075539	
19.42235	599.847791	599.834757	599.079846	599.075539	
19.43249	599.847791	599.834757	599.079846	599.075539	
19.44263	599.847791	599.834757	599.079846	599.075539	
19.45278	599.847791	599.834757	599.079846	599.075539	
19.46289	599.847791	599.834757	599.079846	599.075539	
19.47302	599.847791	599.834757	599.079846	599.075539	
19.48317	599.847791	599.834757	599.079846	599.075539	
19.4933	599.847791	599.834757	599.079846	599.075539	
19.50352	599.847791	599.834757	599.079846	599.075539	
19.5136	599.847791	599.834757	599.079846	599.075539	
19.52374	599.847791	599.834757	599.079846	599.075539	
19.53395	599.847791	599.834757	599.079846	599.075539	
19.54401	599.847791	599.834757	599.079846	599.075539	
19.55434	599.847791	599.834757	599.079846	599.075539	
19.56429	599.847791	599.834757	599.079846	599.075539	
19.57443	599.847791	599.834757	599.079846	599.075539	
19.58459	599.847791	599.834757	599.079846	599.075539	
19.59469	599.847791	599.834757	599.079846	599.075539	
19.60486	599.847791	599.834757	599.079846	599.075539	
19.61518	599.847791	599.834757	599.079846	599.075539	
19.6253	599.847791	599.834757	599.079846	599.075539	
19.63543	599.847791	599.834757	599.079846	599.075539	
19.64557	599.847791	599.834757	599.079846	599.075539	
19.65571	599.847791	599.834757	599.079846	599.075539	
19.66583	599.847791	599.834757	599.079846	599.075539	
19.67598	599.847791	599.834757	599.079846	599.075539	
19.68614	599.847791	599.834757	599.079846	599.075539	
19.69626	599.847791	599.834757	599.079846	599.075539	
19.70638	599.847791	599.834757	599.079846	599.075539	
19.71682	599.847791	599.834757	599.079846	599.075539	
19.72667	599.847791	599.834757	599.079846	599.075539	
19.7368	599.847791	599.834757	599.079846	599.075539	
19.74694	599.847791	599.834757	599.079846	599.075539	
19.75711	599.847791	599.834757	599.079846	599.075539	
19.76814	599.847791	599.834757	599.079846	599.075539	
19.77825	599.847791	599.834757	599.079846	599.075539	
19.7884	599.847791	599.834757	599.079846	599.075539	
19.79854	599.847791	599.834757	599.079846	599.075539	
19.80914	599.847791	599.834757	599.079846	599.075539	
19.81888	599.847791	599.834757	599.079846	599.075539	
19.829	599.847791	599.834757	599.079846	599.075539	
19.83911	599.847791	599.834757	599.079846	599.075539	
19.84924	599.847791	599.834757	599.079846	599.075539	
19.85942	599.847791	599.834757	599.079846	599.075539	
19.86952	599.847791	599.834757	599.079846	599.075539	
19.87966	599.847791	599.834757	599.079846	599.075539	
19.88979	599.847791	599.834757	599.079846	599.075539	
19.89999	599.847791	599.834757	599.079846	599.075539	
19.91018	599.847791	599.834757	599.079846	599.075539	
19.92022	599.847791	599.834757	599.079846	599.075539	
19.93044	599.847791	599.834757	599.079846	599.075539	
19.94053	599.847791	599.834757	599.079846	599.075539	
19.95066	599.847791	599.834757	599.079846	599.075539	
19.96078	599.847791	599.834757	599.079846	599.075539	
19.97092	599.847791	599.834757	599.079846	599.075539	
19.98108	599.847791	599.834757	599.079846	599.075539	
19.99121	599.847791	599.834757	599.079846	599.075539	
20.00136	599.847791	599.834757	599.079846	599.075539	
20.01157	599.847791	599.834757	599.079846	599.075539	
20.02178	599.847791	599.834757	599.079846	599.075539	
20.03195	599.847791	599.834757	599.079846	599.075539	
20.04206	599.847791	599.834757	599.079846	599.075539	
20.05221	599.847791	599.834757	599.079846	599.075539	
20.06239	599.847791	599.834757	599.079846	599.075539	
20.07248	599.847791	599.834757	599.079846	599.075539	
20.08262	599.847791	599.834757	599.079846	599.075539	
20.09278	599.847791	599.834757	599.079846	599.075539	
20.1029	599.847791	599.834757	599.079846	599.075539	
20.11302	599.847791	599.834757	599.079846	599.075539	
20.12316	599.847791	599.834757	599.079846	599.075539	
20.13341	599.847791	599.834757	599.079846	599.075539	
20.1435	599.847791	599.834757	599.079846	599.075539	
20.15357	599.847791	599.834757	599.079846	599.075539	
20.16371	599.847791	599.834757	599.079846	599.075539	
20.1739	599.847791	599.834757	599.079846	599.075539	
20.184	599.847791	599.834757	599.079846	599.075539	
20.19414	599.847791	599.834757	599.079846	599.075539	
20.20426	599.847791	599.834757	599.079846	599.075539	
20.21441	599.847791	599.834757	599.079846	599.075539	
20.22454	599.847791	599.834757	599.079846	599.075539	
20.23469	599.847791	599.834757	599.079846	599.075539	
20.24489	599.847791	599.834757	599.079846	599.075539	
20.25497	599.847791	599.834757	599.079846	599.075539	
20.26511	599.847791	599.834757	599.079846	599.075539	
20.27524	599.847791	599.834757	599.079846	599.075539	
20.28539	599.847791	599.834757	599.079846	599.075539	
20.29559	599.847791	599.834757	599.079846	599.075539	
20.30569	599.847791	599.834757	599.079846	599.075539	
20.31583	599.847791	599.834757	599.079846	599.075539	
20.32615	599.847791	599.834757	599.079846	599.075539	
20.33611	599.847791	599.834757	599.079846	599.075539	
20.34628	599.847791	599.834757	599.079846	599.075539	
20.35645	599.847791	599.834757	599.079846	599.075539	
20.36655	599.847791	599.834757	599.079846	599.075539	
20.37669	599.847791	599.834757	599.079846	599.075539	
20.38683	599.847791	599.834757	599.079846	599.075539	
20.39697	599.847791	599.834757	599.079846	599.075539	
20.4071	599.847791	599.834757	599.079846	599.075539	
20.41723	599.847791	599.834757	599.079846	599.075539	
20.42738	599.847791	599.834757	599.079846	599.075539	
20.43757	599.847791	599.834757	599.079846	599.075539	
20.4479	599.847791	599.834757	599.079846	599.075539	
20.45783	599.847791	599.834757	599.079846	599.075539	
20.46797	599.847791	599.834757	599.079846	599.075539	
20.47815	599.847791	599.834757	599.079846	599.075539	
20.48825	599.847791	599.834757	599.079846	599.075539	
20.49839	599.847791	599.834757	599.079846	599.075539	
20.50856	599.847791	599.834757	599.079846	599.075539	
20.51872	599.847791	599.834757	599.079846	599.075539	
20.52886	599.847791	599.834757	599.079846	599.075539	
20.53932	599.847791	599.834757	599.079846	599.075539	
20.54911	599.847791	599.834757	599.079846	599.075539	
20.55927	599.847791	599.834757	599.079846	599.075539	
20.56938	599.847791	599.834757	599.079846	599.075539	
20.57953	599.847791	599.834757	599.079846	599.075539	
20.58967	599.847791	599.834757	599.079846	599.075539	
20.5998	599.847791	599.834757	599.079846	599.075539	
20.60998	599.847791	599.834757	599.079846	599.075539	
20.62013	599.847791	599.834757	599.079846	599.075539	
20.63027	599.847791	599.834757	599.079846	599.075539	
20.64039	599.847791	599.834757	599.079846	599.075539	
20.65049	599.847791	599.834757	599.079846	599.075539	
20.6607	599.847791	599.834757	599.079846	599.075539	
20.67078	599.847791	599.834757	599.079846	599.075539	
20.68091	599.847791	599.834757	599.079846	599.075539	
20.69105	599.847791	599.834757	599.079846	599.075539	
20.70121	599.847791	599.834757	599.079846	599.075539	
20.71134	599.847791	599.834757	599.079846	599.075539	
20.72154	599.847791	599.834757	599.079846	599.075539	
20.73165	599.847791	599.834757	599.079846	599.075539	
20.74179	599.847791	599.834757	599.079846	599.075539	
20.75193	599.847791	599.834757	599.079846	599.075539	
20.76209	599.847791	599.834757	599.079846	599.075539	
20.77226	599.847791	599.834757	599.079846	599.075539	
20.7826	599.847791	599.834757	599.079846	599.075539	
20.79252	599.847791	599.834757	599.079846	599.075539	
20.80265	599.847791	599.834757	599.079846	599.075539	
20.81284	599.847791	599.834757	599.079846	599.075539	
20.82293	599.847791	599.834757	599.079846	599.075539	
20.83307	599.847791	599.834757	599.079846	599.075539	
20.84321	599.847791	599.834757	599.079846	599.075539	
20.85338	599.847791	599.834757	599.079846	599.075539	
20.86356	599.847791	599.834757	599.079846	599.066812	
20.87368	599.847791	599.834757	599.079846	599.066812	
20.88381	599.847791	599.834757	599.079846	599.066812	
20.89398	599.847791	599.834757	599.079846	599.066812	
20.90408	599.847791	599.834757	599.079846	599.066812	
20.91422	599.847791	599.834757	599.079846	599.066812	
20.92436	599.847791	599.834757	599.079846	599.066812	
20.93449	599.847791	599.834757	599.079846	599.066812	
20.94462	599.847791	599.834757	599.079846	599.066812	
20.95476	599.847791	599.834757	599.079846	599.066812	
20.96491	599.847791	599.834757	599.079846	599.066812	
20.97507	599.847791	599.834757	599.079846	599.066812	
20.9852	599.847791	599.834757	599.079846	599.066812	
20.99534	599.847791	599.834757	599.079846	599.066812	
21.00547	599.847791	599.834757	599.079846	599.066812	
21.01567	599.847791	599.834757	599.079846	599.066812	
21.02578	599.847791	599.834757	599.079846	599.066812	
21.03591	599.847791	599.834757	599.079846	599.066812	
21.04612	599.847791	599.834757	599.079846	599.066812	
21.05637	599.847791	599.834757	599.079846	599.066812	
21.06633	599.847791	599.834757	599.079846	599.066812	
21.07648	599.847791	599.834757	599.079846	599.066812	
21.08661	599.847791	599.834757	599.079846	599.066812	
21.09674	599.847791	599.834757	599.079846	599.066812	
21.10688	599.847791	599.834757	599.079846	599.066812	
21.11704	599.847791	599.834757	599.079846	599.066812	
21.12716	599.847791	599.834757	599.079846	599.066812	
21.13736	599.847791	599.834757	599.079846	599.066812	
21.14758	599.847791	599.834757	599.079846	599.066812	
21.15764	599.847791	599.834757	599.079846	599.066812	
21.16777	599.847791	599.834757	599.079846	599.066812	
21.17794	599.847791	599.834757	599.079846	599.066812	
21.18807	599.847791	599.834757	599.079846	599.066812	
21.19825	599.847791	599.834757	599.079846	599.066812	
21.20835	599.847791	599.834757	599.079846	599.066812	
21.21849	599.847791	599.834757	599.079846	599.066812	
21.22874	599.847791	599.834757	599.079846	599.066812	
21.23879	599.847791	599.834757	599.079846	599.066812	
21.24891	599.847791	599.834757	599.079846	599.066812	
21.25955	599.847791	599.834757	599.079846	599.066812	
21.26932	599.847791	599.834757	599.079846	599.066812	
21.27989	599.847791	599.834757	599.079846	599.066812	
21.28963	599.847791	599.834757	599.079846	599.066812	
21.29977	599.847791	599.834757	599.079846	599.066812	
21.31091	599.847791	599.834757	599.079846	599.066812	
21.3201	599.847791	599.834757	599.079846	599.066812	
21.3302	599.847791	599.834757	599.079846	599.066812	
21.34036	599.847791	599.834757	599.079846	599.066812	
21.35049	599.847791	599.834757	599.079846	599.066812	
21.36058	599.847791	599.834757	599.079846	599.066812	
21.37073	599.847791	599.834757	599.079846	599.066812	
21.3809	599.847791	599.834757	599.079846	599.066812	
21.39102	599.847791	599.834757	599.079846	599.066812	
21.40113	599.847791	599.834757	599.079846	599.066812	
21.41127	599.847791	599.834757	599.079846	599.066812	
21.42144	599.847791	599.834757	599.079846	599.066812	
21.43166	599.847791	599.834757	599.079846	599.066812	
21.44169	599.847791	599.834757	599.079846	599.066812	
21.45182	599.847791	599.834757	599.079846	599.066812	
21.46217	599.847791	599.834757	599.079846	599.066812	
21.47224	599.847791	599.834757	599.079846	599.066812	
21.48237	599.847791	599.834757	599.079846	599.066812	
21.49254	599.847791	599.834757	599.079846	599.066812	
21.50265	599.847791	599.834757	599.079846	599.066812	
21.51278	599.847791	599.834757	599.079846	599.066812	
21.52291	599.847791	599.834757	599.079846	599.066812	
21.53306	599.847791	599.834757	599.079846	599.066812	
21.54318	599.847791	599.834757	599.079846	599.066812	
21.55332	599.847791	599.834757	599.079846	599.066812	
21.56348	599.847791	599.834757	599.079846	599.066812	
21.57361	599.847791	599.834757	599.079846	599.066812	
21.58378	599.847791	599.834757	599.079846	599.066812	
21.59391	599.847791	599.834757	599.079846	599.066812	
21.60407	599.847791	599.834757	599.079846	599.066812	
21.61425	599.847791	599.834757	599.079846	599.066812	
21.62433	599.847791	599.834757	599.079846	599.066812	
21.63447	599.847791	599.834757	599.079846	599.066812	
21.64468	599.847791	599.834757	599.079846	599.066812	
21.65476	599.847791	599.834757	599.079846	599.066812	
21.66488	599.847791	599.834757	599.079846	599.066812	
21.67502	599.847791	599.834757	599.079846	599.066812	
21.68517	599.847791	599.834757	599.079846	599.066812	
21.69574	599.847791	599.834757	599.079846	599.066812	
21.70551	599.847791	599.834757	599.079846	599.066812	
21.71563	599.847791	599.834757	599.079846	599.066812	
21.72577	599.847791	599.834757	599.079846	599.066812	
21.7359	599.847791	599.834757	599.079846	599.066812	
21.74605	599.847791	599.834757	599.079846	599.066812	
21.75619	599.847791	599.834757	599.079846	599.066812	
21.76674	599.847791	599.834757	599.079846	599.066812	
21.77652	599.847791	599.834757	599.079846	599.066812	
21.78664	599.847791	599.834757	599.079846	599.066812	
21.79681	599.847791	599.834757	599.079846	599.066812	
