152.6631	3763.74282	3763.73272	3763.42866	3763.41856	
152.6677	3763.7436	3763.73272	3763.42944	3763.41856	
152.6778	3763.74607	3763.73272	3763.43191	3763.41856	
152.688	3763.74917	3763.73272	3763.43501	3763.41856	
152.6981	3763.75287	3763.73272	3763.43871	3763.41856	
152.7083	3763.75721	3763.73272	3763.44305	3763.41856	
152.7184	3763.76217	3763.73272	3763.44801	3763.42729	
152.7285	3763.76772	3763.74145	3763.45356	3763.42729	
152.7387	3763.77388	3763.75017	3763.45972	3763.42729	
152.7488	3763.78068	3763.75017	3763.46652	3763.43601	
152.759	3763.7881	3763.7589	3763.47394	3763.43601	
152.7691	3763.79616	3763.76763	3763.482	3763.44474	
152.7793	3763.8048	3763.77635	3763.49064	3763.45347	
152.7895	3763.81421	3763.78508	3763.50005	3763.46219	
152.7996	3763.82401	3763.80253	3763.50985	3763.47092	
152.8097	3763.83442	3763.80253	3763.52027	3763.48837	
152.8198	3763.84553	3763.81999	3763.53137	3763.50583	
152.8299	3763.85728	3763.83744	3763.54312	3763.51455	
152.8401	3763.8696	3763.83744	3763.55544	3763.53201	
152.8502	3763.88257	3763.85489	3763.56841	3763.54073	
152.8604	3763.89619	3763.86362	3763.58203	3763.55819	
152.8705	3763.91043	3763.87235	3763.59627	3763.57564	
152.8808	3763.92547	3763.88107	3763.61131	3763.57564	
152.891	3763.9409	3763.89853	3763.62674	3763.59309	
152.9011	3763.957	3763.90725	3763.64284	3763.61055	
152.9213	3763.99195	3763.94216	3763.67779	3763.628	
152.9258	3763.99981	3763.94216	3763.68565	3763.63673	
152.936	3764.01797	3763.96834	3763.70381	3763.64545	
152.9461	3764.03676	3763.98579	3763.7226	3763.66291	
152.9562	3764.05617	3764.01197	3763.74201	3763.68036	
152.9664	3764.07631	3764.02942	3763.76215	3763.70654	
152.9766	3764.09695	3764.0556	3763.7828	3763.72399	
152.9867	3764.11823	3764.08178	3763.80407	3763.75017	
153.0048	3764.15859	3764.11669	3763.84443	3763.77635	
153.0095	3764.16891	3764.1516	3763.85476	3763.81126	
153.0196	3764.19218	3764.17778	3763.87802	3763.83744	
153.0298	3764.21607	3764.20396	3763.90191	3763.87235	
153.04	3764.24074	3764.23014	3763.92658	3763.89853	
153.05	3764.26567	3764.25632	3763.95151	3763.9247	
153.0602	3764.29141	3764.29122	3763.97725	3763.95961	
153.0703	3764.31788	3764.3174	3764.00372	3763.99452	
153.0804	3764.34474	3764.34358	3764.03058	3764.02942	
153.0906	3764.37229	3764.36976	3764.05813	3764.0556	
153.1007	3764.40057	3764.39594	3764.08641	3764.08178	
153.111	3764.42969	3764.43085	3764.11553	3764.10796	
153.1211	3764.45901	3764.45703	3764.14485	3764.13414	
153.1312	3764.48888	3764.48321	3764.17472	3764.16905	
153.1413	3764.51953	3764.51812	3764.20537	3764.20396	
153.1515	3764.55096	3764.5443	3764.2368	3764.23014	
153.1616	3764.58271	3764.57048	3764.26856	3764.25632	
153.1717	3764.61525	3764.60538	3764.30109	3764.2825	
153.1818	3764.64834	3764.64029	3764.33418	3764.30868	
153.192	3764.68213	3764.66647	3764.36797	3764.34358	
153.2021	3764.71656	3764.70138	3764.40241	3764.36976	
153.2123	3764.75156	3764.72756	3764.43741	3764.39594	
153.2224	3764.78717	3764.75374	3764.47301	3764.42212	
153.2326	3764.82341	3764.78864	3764.50925	3764.4483	
153.2427	3764.86017	3764.81482	3764.54601	3764.48321	
153.2528	3764.8977	3764.84973	3764.58354	3764.51812	
153.263	3764.93591	3764.88464	3764.62175	3764.55302	
153.2732	3764.97479	3764.91954	3764.66063	3764.59666	
153.2833	3765.01391	3764.95445	3764.69975	3764.64029	
153.2934	3765.05392	3764.99808	3764.73977	3764.69265	
153.3037	3765.09474	3765.04172	3764.78058	3764.72756	
153.3138	3765.13575	3765.09408	3764.82159	3764.77992	
153.3239	3765.17747	3765.12898	3764.86332	3764.83228	
153.334	3765.21985	3765.18134	3764.90569	3764.87591	
153.3442	3765.26297	3765.2337	3764.94881	3764.92827	
153.3543	3765.30669	3765.27734	3764.99253	3764.9719	
153.3645	3765.35082	3765.3297	3765.03666	3765.01554	
153.3746	3765.39565	3765.37333	3765.08149	3765.0679	
153.3847	3765.44115	3765.42569	3765.12699	3765.11153	
153.3948	3765.48715	3765.47805	3765.17299	3765.16389	
153.405	3765.53409	3765.53041	3765.21993	3765.21625	
153.4153	3765.58191	3765.58277	3765.26776	3765.25116	
153.4253	3765.62932	3765.6264	3765.31516	3765.30352	
153.4355	3765.67831	3765.67876	3765.36416	3765.35587	
153.4456	3765.72736	3765.72239	3765.4132	3765.39078	
153.4558	3765.77744	3765.77475	3765.46328	3765.44314	
153.4659	3765.82738	3765.82711	3765.51322	3765.4955	
153.476	3765.87846	3765.87075	3765.5643	3765.54786	
153.4862	3765.93023	3765.92311	3765.61607	3765.60022	
153.4963	3765.98238	3765.96674	3765.66822	3765.64385	
153.5064	3766.03512	3766.0191	3765.72096	3765.69621	
153.5166	3766.08866	3766.07146	3765.77451	3765.73985	
153.5268	3766.14313	3766.11509	3765.82897	3765.79221	
153.537	3766.1982	3766.16745	3765.88404	3765.84457	
153.5471	3766.25351	3766.21109	3765.93936	3765.89693	
153.5572	3766.30926	3766.27217	3765.99511	3765.94929	
153.5673	3766.36568	3766.31581	3766.05152	3766.01037	
153.5774	3766.42293	3766.38562	3766.10877	3766.06273	
153.5876	3766.48108	3766.43798	3766.16692	3766.12382	
153.5978	3766.53935	3766.49034	3766.22519	3766.17618	
153.608	3766.59894	3766.55143	3766.28478	3766.23727	
153.6181	3766.65825	3766.61251	3766.34409	3766.29835	
153.6282	3766.71868	3766.68233	3766.40452	3766.36817	
153.6385	3766.78062	3766.74341	3766.46646	3766.43798	
153.6486	3766.84168	3766.8045	3766.52752	3766.49907	
153.6586	3766.90298	3766.87431	3766.58882	3766.56015	
153.6688	3766.96585	3766.94412	3766.65169	3766.62997	
153.6789	3767.02936	3767.00521	3766.7152	3766.69978	
153.6969	3767.14417	3767.11866	3766.83001	3766.82195	
153.7014	3767.17304	3767.15356	3766.85888	3766.84813	
153.7117	3767.23896	3767.22338	3766.9248	3766.91794	
153.7217	3767.30447	3767.28446	3766.99031	3766.97903	
153.7319	3767.37132	3767.35428	3767.05716	3767.04884	
153.742	3767.43842	3767.41536	3767.12426	3767.11866	
153.7522	3767.50626	3767.48518	3767.1921	3767.17974	
153.7623	3767.57476	3767.55499	3767.2606	3767.24956	
153.7724	3767.6438	3767.6248	3767.32964	3767.31937	
153.7826	3767.71351	3767.68589	3767.39935	3767.38046	
153.7928	3767.78419	3767.7557	3767.47003	3767.45027	
153.803	3767.85552	3767.82552	3767.54136	3767.52008	
153.8131	3767.92691	3767.89533	3767.61275	3767.5899	
153.8234	3768.00051	3767.96514	3767.68636	3767.65971	
153.8335	3768.07303	3768.03496	3767.75887	3767.72952	
153.8436	3768.14606	3768.1135	3767.8319	3767.79934	
153.8538	3768.22006	3768.18331	3767.9059	3767.87788	
153.864	3768.29533	3768.25312	3767.98117	3767.95642	
153.8744	3768.37294	3768.33166	3768.05878	3768.03496	
153.8846	3768.44862	3768.4102	3768.13446	3768.1135	
153.8947	3768.52524	3768.48001	3768.21108	3768.18331	
153.9048	3768.6024	3768.56728	3768.28824	3768.27057	
153.9151	3768.68101	3768.63709	3768.36686	3768.34911	
153.9251	3768.7584	3768.72436	3768.44424	3768.42765	
153.9353	3768.83768	3768.8029	3768.52352	3768.49747	
153.9455	3768.91765	3768.89017	3768.60349	3768.58473	
153.9556	3768.99775	3768.96871	3768.6836	3768.66327	
153.9657	3769.07798	3769.04725	3768.76382	3768.74181	
153.9759	3769.15987	3769.13451	3768.84571	3768.82035	
153.9859	3769.24141	3769.21305	3768.92725	3768.89889	
153.9961	3769.32398	3769.30032	3769.00982	3768.98616	
154.0063	3769.4081	3769.38759	3769.09394	3769.0647	
154.0164	3769.49141	3769.46613	3769.17725	3769.15197	
154.0265	3769.57596	3769.54467	3769.2618	3769.23051	
154.0367	3769.66106	3769.63193	3769.3469	3769.31777	
154.0468	3769.74699	3769.7192	3769.43283	3769.40504	
154.057	3769.83396	3769.80646	3769.5198	3769.49231	
154.0672	3769.92171	3769.885	3769.60755	3769.57957	
154.0774	3770.00972	3769.97227	3769.69556	3769.66684	
154.0874	3770.09649	3770.05081	3769.78233	3769.7541	
154.0977	3770.18638	3770.1468	3769.87222	3769.84137	
154.1077	3770.27467	3770.23407	3769.96051	3769.92864	
154.1178	3770.36508	3770.33006	3770.05092	3770.02463	
154.128	3770.45605	3770.41733	3770.14189	3770.1119	
154.1381	3770.54689	3770.51332	3770.23273	3770.20789	
154.1483	3770.63923	3770.60932	3770.32507	3770.29516	
154.1586	3770.73328	3770.70531	3770.41912	3770.38242	
154.1687	3770.82618	3770.8013	3770.51203	3770.47842	
154.1787	3770.91841	3770.88857	3770.60425	3770.56568	
154.189	3771.01433	3770.99329	3770.70017	3770.66168	
154.1991	3771.10928	3771.08928	3770.79512	3770.75767	
154.2094	3771.20648	3771.17655	3770.89232	3770.85366	
154.2196	3771.303	3771.27254	3770.98884	3770.94966	
154.2295	3771.39832	3771.36853	3771.08416	3771.04565	
154.2397	3771.49633	3771.46453	3771.18217	3771.15037	
154.2499	3771.59431	3771.55179	3771.28015	3771.24636	
154.2599	3771.69251	3771.65651	3771.37835	3771.34235	
154.2701	3771.79207	3771.76123	3771.47791	3771.44707	
154.2802	3771.89187	3771.8485	3771.57771	3771.54307	
154.2904	3771.99264	3771.95322	3771.67848	3771.64779	
154.3006	3772.09489	3772.04921	3771.78073	3771.74378	
154.3108	3772.19721	3772.15393	3771.88305	3771.8485	
154.3208	3772.29809	3772.25865	3771.98393	3771.95322	
154.3309	3772.40108	3772.36337	3772.08692	3772.05794	
154.3411	3772.505	3772.46809	3772.19085	3772.16266	
154.3512	3772.60905	3772.58154	3772.29489	3772.26738	
154.3614	3772.71446	3772.68626	3772.4003	3772.3721	
154.3715	3772.81966	3772.79098	3772.5055	3772.47682	
154.3817	3772.9258	3772.90442	3772.61165	3772.58154	
154.3919	3773.03309	3773.00914	3772.71893	3772.68626	
154.4019	3773.13986	3773.12259	3772.8257	3772.79098	
154.4121	3773.24789	3773.22731	3772.93373	3772.8957	
154.4222	3773.35673	3773.33203	3773.04257	3773.01787	
154.4325	3773.46772	3773.44548	3773.15356	3773.13132	
154.4427	3773.57763	3773.55892	3773.26347	3773.24476	
154.4528	3773.68779	3773.66364	3773.37363	3773.34948	
154.463	3773.7997	3773.77709	3773.48555	3773.47166	
154.4732	3773.91183	3773.89054	3773.59767	3773.5851	
154.4833	3774.02335	3773.99525	3773.70919	3773.69855	
154.4934	3774.1365	3774.09997	3773.82234	3773.80327	
154.5036	3774.25083	3774.20469	3773.93668	3773.92544	
154.5137	3774.36425	3774.31814	3774.05009	3774.03889	
154.5238	3774.47876	3774.42286	3774.16461	3774.15233	
154.534	3774.59443	3774.53631	3774.28027	3774.25705	
154.5443	3774.7128	3774.64975	3774.39864	3774.3705	
154.5546	3774.83083	3774.7632	3774.51667	3774.48395	
154.5644	3774.94465	3774.87665	3774.63049	3774.59739	
154.5747	3775.06412	3774.99882	3774.74996	3774.71084	
154.5869	3775.20658	3775.11227	3774.89242	3774.83301	
154.595	3775.30238	3775.24317	3774.98822	3774.94646	
154.6051	3775.4216	3775.35661	3775.10745	3775.05991	
154.6234	3775.6399	3775.48751	3775.32574	3775.19081	
154.628	3775.69443	3775.65332	3775.38027	3775.33916	
154.6381	3775.81632	3775.77549	3775.50216	3775.47006	
154.6483	3775.93781	3775.91512	3775.62365	3775.60096	
154.6586	3776.06147	3776.04602	3775.74731	3775.72313	
154.6687	3776.18292	3776.17692	3775.86876	3775.85403	
154.6788	3776.30431	3776.29909	3775.99015	3775.98493	
154.689	3776.4264	3776.42999	3776.11224	3776.11583	
154.6989	3776.54605	3776.56089	3776.23189	3776.24673	
154.7091	3776.66833	3776.68306	3776.35417	3776.3689	
154.7194	3776.79139	3776.80523	3776.47723	3776.49108	
154.7294	3776.91138	3776.92741	3776.59722	3776.61325	
154.7396	3777.03336	3777.04958	3776.7192	3776.73542	
154.7497	3777.15494	3777.17175	3776.84078	3776.85759	
154.7599	3777.27714	3777.29393	3776.96298	3776.97977	
154.7703	3777.402	3777.40737	3777.08784	3777.09321	
154.7801	3777.52007	3777.52082	3777.20591	3777.20666	
154.7903	3777.64202	3777.64299	3777.32786	3777.32883	
154.8004	3777.76337	3777.75644	3777.44921	3777.43355	
154.8105	3777.88487	3777.86989	3777.57071	3777.547	
154.8208	3778.00789	3777.98333	3777.69373	3777.66045	
154.8308	3778.12825	3778.09678	3777.81409	3777.78262	
154.8409	3778.24987	3778.21022	3777.93571	3777.88734	
154.8511	3778.37158	3778.32367	3778.05742	3778.00951	
154.8612	3778.49321	3778.44584	3778.17905	3778.13169	
154.8715	3778.61636	3778.56802	3778.3022	3778.24513	
154.8816	3778.73836	3778.68146	3778.4242	3778.3673	
154.8918	3778.85984	3778.80364	3778.54568	3778.48948	
154.9018	3778.98047	3778.92581	3778.66631	3778.62038	
154.912	3779.10264	3779.05671	3778.78848	3778.74255	
154.9221	3779.22356	3779.17888	3778.9094	3778.86472	
154.9324	3779.34716	3779.30106	3779.033	3778.99562	
154.9425	3779.46902	3779.43196	3779.15486	3779.1178	
154.9526	3779.58979	3779.55413	3779.27563	3779.2487	
154.963	3779.71463	3779.68503	3779.40047	3779.3796	
154.973	3779.83504	3779.81593	3779.52088	3779.5105	
154.9834	3779.95918	3779.94683	3779.64502	3779.63267	
154.9936	3780.08154	3780.069	3779.76738	3779.77229	
155.0038	3780.20459	3780.1999	3779.89043	3779.90319	
155.0141	3780.32809	3780.32207	3780.01393	3780.02537	
155.0241	3780.44818	3780.45297	3780.13402	3780.15627	
155.0342	3780.56876	3780.57515	3780.2546	3780.27844	
155.0444	3780.69144	3780.69732	3780.37728	3780.40061	
155.0545	3780.8124	3780.81077	3780.49824	3780.52279	
155.0647	3780.93493	3780.93294	3780.62077	3780.64496	
155.0748	3781.05661	3781.04638	3780.74245	3780.75841	
155.085	3781.17859	3781.16856	3780.86443	3780.87185	
155.095	3781.29906	3781.29073	3780.9849	3780.99403	
155.1052	3781.42069	3781.39545	3781.10653	3781.10747	
155.1153	3781.54222	3781.51762	3781.22806	3781.22092	
155.1255	3781.66446	3781.6398	3781.3503	3781.34309	
155.1357	3781.78568	3781.75324	3781.47152	3781.44781	
155.1458	3781.90604	3781.87542	3781.59188	3781.56998	
155.1559	3782.02435	3781.98886	3781.71019	3781.69216	
155.166	3782.14315	3782.11104	3781.82899	3781.79688	
155.1762	3782.26191	3782.23321	3781.94775	3781.91905	
155.1863	3782.37905	3782.34666	3782.06489	3782.04122	
155.1965	3782.49795	3782.4601	3782.18379	3782.15467	
155.2066	3782.6131	3782.58227	3782.29894	3782.27684	
155.2168	3782.73042	3782.70445	3782.41626	3782.39902	
155.2268	3782.84385	3782.82662	3782.52969	3782.52119	
155.2449	3783.047	3783.03606	3782.73285	3782.73063	
155.2496	3783.0995	3783.08842	3782.78534	3782.79171	
155.2597	3783.21252	3783.21059	3782.89836	3782.90516	
155.2699	3783.32548	3783.32404	3783.01132	3783.01861	
155.2801	3783.43896	3783.44621	3783.1248	3783.14078	
155.2902	3783.54987	3783.55966	3783.23571	3783.25423	
155.3003	3783.65981	3783.67311	3783.34565	3783.36767	
155.3106	3783.7717	3783.78655	3783.45755	3783.47239	
155.3207	3783.88072	3783.9	3783.56656	3783.58584	
155.3308	3783.98961	3784.00472	3783.67545	3783.69056	
155.341	3784.09803	3784.10944	3783.78387	3783.79528	
155.351	3784.20477	3784.21416	3783.89061	3783.90872	
155.3612	3784.31269	3784.31888	3783.99853	3784.01344	
155.3714	3784.41937	3784.41487	3784.10521	3784.11816	
155.3815	3784.52569	3784.51959	3784.21153	3784.21416	
155.3917	3784.63097	3784.61558	3784.31681	3784.31888	
155.4018	3784.7355	3784.7203	3784.42134	3784.4236	
155.4118	3784.83819	3784.8163	3784.52403	3784.51959	
155.422	3784.9416	3784.92102	3784.62744	3784.62431	
155.4321	3785.04466	3785.02574	3784.7305	3784.72903	
155.4423	3785.14688	3785.13046	3784.83272	3784.82502	
155.4524	3785.24842	3785.23518	3784.93427	3784.92102	
155.4627	3785.35139	3785.33989	3785.03723	3785.01701	
155.4727	3785.45002	3785.43589	3785.13586	3785.113	
155.4828	3785.54987	3785.54061	3785.23571	3785.21772	
155.4933	3785.65349	3785.6366	3785.33933	3785.32244	
155.5031	3785.74788	3785.74132	3785.43372	3785.41843	
155.5212	3785.92134	3785.91585	3785.60718	3785.59297	
155.5259	3785.96578	3785.95949	3785.65162	3785.6366	
155.536	3786.06225	3786.05548	3785.74809	3785.74132	
155.5461	3786.15781	3786.15147	3785.84365	3785.84604	
155.5563	3786.25426	3786.24747	3785.9401	3785.94203	
155.5665	3786.34931	3786.35219	3786.03515	3786.04675	
155.5765	3786.44207	3786.44818	3786.12791	3786.14275	
155.5887	3786.55487	3786.54417	3786.24071	3786.23874	
155.5968	3786.62871	3786.63144	3786.31455	3786.33473	
155.6153	3786.79537	3786.80597	3786.48121	3786.50927	
155.62	3786.838	3786.84088	3786.52384	3786.5529	
155.6301	3786.92897	3786.93687	3786.61481	3786.64889	
155.6402	3787.01875	3787.02414	3786.70459	3786.73616	
155.6503	3787.10793	3787.1114	3786.79377	3786.82342	
155.6606	3787.19844	3787.19867	3786.88428	3786.91069	
155.6706	3787.28567	3787.29466	3786.97151	3786.99796	
155.6808	3787.37436	3787.3732	3787.0602	3787.0765	
155.691	3787.46155	3787.46047	3787.14739	3787.16376	
155.701	3787.54704	3787.53901	3787.23288	3787.2423	
155.7112	3787.63376	3787.635	3787.3196	3787.32084	
155.7293	3787.78527	3787.78336	3787.47111	3787.4692	
155.7339	3787.82341	3787.81826	3787.50925	3787.5041	
155.7442	3787.90924	3787.8968	3787.59508	3787.59137	
155.7543	3787.99238	3787.98407	3787.67822	3787.66118	
155.7643	3788.07402	3788.06261	3787.75986	3787.74845	
155.7746	3788.15728	3788.14115	3787.84312	3787.82699	
155.7846	3788.23775	3788.21969	3787.9236	3787.90553	
156.0466	3789.74347	3790.33154	3789.42931	3790.0261	
156.0568	3789.80905	3790.40135	3789.49489	3790.10464	
156.0748	3789.92291	3790.5148	3789.60875	3790.20936	
156.0811	3789.9633	3790.54098	3789.64914	3790.24427	
156.0911	3790.02559	3790.57588	3789.71143	3790.27918	
156.1014	3790.08921	3790.59334	3789.77505	3790.29663	
156.1116	3790.15203	3790.59334	3789.83787	3790.30536	
156.1217	3790.21401	3790.58461	3789.89985	3790.30536	
156.1319	3790.27558	3790.57588	3789.96142	3790.29663	
156.1421	3790.33625	3790.5497	3790.02209	3790.27918	
156.1522	3790.39677	3790.53225	3790.08261	3790.253	
156.1623	3790.45603	3790.50607	3790.14188	3790.23554	
156.1725	3790.51511	3790.47116	3790.20095	3790.20936	
156.1826	3790.57392	3790.46244	3790.25976	3790.19191	
156.1928	3790.63177	3790.45371	3790.31761	3790.18318	
156.2029	3790.69369	3790.46244	3790.37953	3790.19191	
156.2131	3790.7463	3790.48862	3790.43214	3790.20936	
156.2232	3790.80261	3790.53225	3790.48845	3790.24427	
156.2334	3790.85884	3790.58461	3790.54468	3790.2879	
156.2435	3790.9137	3790.66315	3790.59954	3790.34899	
156.2536	3790.96847	3790.75042	3790.65431	3790.4188	
156.2638	3791.02292	3790.83768	3790.70877	3790.50607	
156.2739	3791.07627	3790.9424	3790.76211	3790.60206	
156.2841	3791.12976	3791.04712	3790.8156	3790.69806	
156.2942	3791.18191	3791.15184	3790.86775	3790.80278	
156.3044	3791.23397	3791.25656	3790.91981	3790.9075	
156.3145	3791.28538	3791.36128	3790.97122	3791.01221	
156.3246	3791.33628	3791.44855	3791.02212	3791.09948	
156.3348	3791.38687	3791.53581	3791.07271	3791.18675	
156.3449	3791.43659	3791.61435	3791.12243	3791.25656	
156.3551	3791.48573	3791.66671	3791.17157	3791.32637	
156.3652	3791.5344	3791.71907	3791.22024	3791.37873	
156.3753	3791.5827	3791.75398	3791.26854	3791.42237	
156.3856	3791.63082	3791.77143	3791.31667	3791.45727	
156.3956	3791.67747	3791.78889	3791.36331	3791.48345	
156.4058	3791.72422	3791.79761	3791.41006	3791.50091	
156.416	3791.77029	3791.79761	3791.45613	3791.51836	
156.426	3791.81545	3791.81507	3791.50129	3791.53581	
156.4362	3791.86039	3791.82379	3791.54623	3791.53581	
156.4463	3791.90482	3791.83252	3791.59066	3791.56199	
156.4565	3791.9487	3791.8587	3791.63454	3791.57072	
156.4666	3791.99192	3791.88488	3791.67776	3791.60563	
156.4768	3792.0347	3791.91979	3791.72054	3791.63181	
156.487	3792.07713	3791.95469	3791.76297	3791.65799	
156.4971	3792.11867	3792.00705	3791.80451	3791.70162	
156.5072	3792.15981	3792.05941	3791.84565	3791.74525	
156.5174	3792.20043	3792.11177	3791.88627	3791.78016	
156.5275	3792.24042	3792.18159	3791.92626	3791.83252	
156.5376	3792.27986	3792.23395	3791.9657	3791.88488	
156.5478	3792.31886	3792.30376	3792.0047	3791.93724	
156.5579	3792.35722	3792.35612	3792.04306	3791.9896	
156.5681	3792.39518	3792.42593	3792.08102	3792.05069	
156.5782	3792.43236	3792.46956	3792.1182	3792.09432	
156.5896	3792.47372	3792.53065	3792.15956	3792.15541	
156.5985	3792.50551	3792.56556	3792.19135	3792.19904	
156.6086	3792.54104	3792.61792	3792.22689	3792.26013	
156.6189	3792.57684	3792.66155	3792.26268	3792.30376	
156.6291	3792.6114	3792.69646	3792.29724	3792.35612	
156.6392	3792.64549	3792.72264	3792.33133	3792.39975	
156.6494	3792.6792	3792.74882	3792.36504	3792.44338	
156.6598	3792.71292	3792.775	3792.39876	3792.47829	
156.6699	3792.74526	3792.79245	3792.4311	3792.5132	
156.6801	3792.77729	3792.8099	3792.46313	3792.53938	
156.6901	3792.80844	3792.82736	3792.49428	3792.56556	
156.7003	3792.83932	3792.84481	3792.52516	3792.58301	
156.7105	3792.86973	3792.87099	3792.55557	3792.60919	
156.7206	3792.89938	3792.89717	3792.58522	3792.61792	
156.7307	3792.92861	3792.91462	3792.61445	3792.6441	
156.7409	3792.95727	3792.94953	3792.64311	3792.65282	
156.751	3792.98542	3792.96698	3792.67126	3792.679	
156.7612	3793.01311	3792.99316	3792.69895	3792.68773	
156.7713	3793.04014	3793.01934	3792.72598	3792.70518	
156.7815	3793.06678	3793.05425	3792.75262	3792.72264	
156.7918	3793.09321	3793.08043	3792.77905	3792.73136	
156.8017	3793.11815	3793.10661	3792.80399	3792.74882	
156.8118	3793.14305	3793.12406	3792.82889	3792.75754	
156.8221	3793.16767	3793.15897	3792.85351	3792.78372	
156.8323	3793.19163	3793.17642	3792.87747	3792.80118	
156.8423	3793.21485	3793.19388	3792.90069	3792.82736	
156.8525	3793.23766	3793.22878	3792.9235	3792.86226	
156.8627	3793.26017	3793.24624	3792.94602	3792.89717	
156.8728	3793.28171	3793.26369	3792.96755	3792.93208	
156.883	3793.30304	3793.2986	3792.98888	3792.96698	
156.8931	3793.3236	3793.31605	3793.00944	3793.00189	
156.9036	3793.34538	3793.34223	3793.03122	3793.04552	
156.9134	3793.36351	3793.36841	3793.04935	3793.08043	
156.9238	3793.38332	3793.39459	3793.06916	3793.11534	
156.9548	3793.4349	3793.47313	3793.12074	3793.21133	
156.9611	3793.44552	3793.49058	3793.13136	3793.22878	
156.9712	3793.4622	3793.50804	3793.14804	3793.24624	
156.9813	3793.47833	3793.53422	3793.16417	3793.26369	
156.9915	3793.49393	3793.54294	3793.17977	3793.27242	
157.0017	3793.50906	3793.5604	3793.1949	3793.27242	
157.0118	3793.52367	3793.57785	3793.20951	3793.26369	
157.0219	3793.53772	3793.58658	3793.22357	3793.25496	
157.0321	3793.55134	3793.5953	3793.23718	3793.24624	
157.0422	3793.56434	3793.60403	3793.25018	3793.24624	
157.0523	3793.57694	3793.60403	3793.26278	3793.23751	
157.0625	3793.58899	3793.60403	3793.27483	3793.23751	
157.0727	3793.60053	3793.60403	3793.28637	3793.22878	
157.0828	3793.61158	3793.60403	3793.29742	3793.23751	
157.093	3793.62216	3793.60403	3793.308	3793.23751	
157.1031	3793.63216	3793.60403	3793.318	3793.24624	
157.1132	3793.64169	3793.60403	3793.32753	3793.26369	
157.1234	3793.65076	3793.60403	3793.3366	3793.28114	
157.1335	3793.65935	3793.60403	3793.34519	3793.30732	
157.1437	3793.6674	3793.61276	3793.35324	3793.32478	
157.1538	3793.675	3793.61276	3793.36084	3793.35096	
157.1639	3793.6821	3793.61276	3793.36795	3793.36841	
157.1742	3793.68882	3793.63021	3793.37466	3793.38586	
157.1843	3793.69499	3793.63894	3793.38083	3793.40332	
157.1944	3793.70064	3793.65639	3793.38648	3793.42077	
157.2045	3793.7059	3793.67384	3793.39174	3793.4295	
157.2147	3793.71071	3793.6913	3793.39655	3793.43822	
157.2248	3793.71505	3793.71748	3793.40089	3793.43822	
157.2349	3793.71896	3793.73493	3793.4048	3793.43822	
157.2451	3793.72246	3793.75238	3793.4083	3793.43822	
157.2553	3793.72555	3793.76984	3793.41139	3793.43822	
157.2655	3793.72825	3793.77856	3793.41409	3793.4295	
157.2756	3793.73054	3793.78729	3793.41638	3793.42077	
157.2857	3793.73247	3793.78729	3793.41831	3793.42077	
157.2959	3793.73407	3793.78729	3793.41991	3793.42077	
157.306	3793.7389	3793.78729	3793.42474	3793.42077	
157.3161	3793.7389	3793.78729	3793.42474	3793.42077	
157.3263	3793.7389	3793.76984	3793.42474	3793.4295	
157.3364	3793.7389	3793.76111	3793.42474	3793.4295	
157.3465	3793.7389	3793.75238	3793.42474	3793.43822	
157.3567	3793.7389	3793.74366	3793.42474	3793.43822	
157.3668	3793.7389	3793.73493	3793.42474	3793.43822	
157.3848	3793.7389	3793.71748	3793.42474	3793.43822	
157.3894	3793.7389	3793.70875	3793.42474	3793.43822	
157.3995	3793.7389	3793.70002	3793.42474	3793.43822	
157.4097	3793.7389	3793.6913	3793.42474	3793.43822	
157.4198	3793.7389	3793.6913	3793.42474	3793.43822	
157.4299	3793.7389	3793.6913	3793.42474	3793.43822	
157.4401	3793.7389	3793.70002	3793.42474	3793.43822	
157.4502	3793.7389	3793.70002	3793.42474	3793.43822	
157.4603	3793.7389	3793.70875	3793.42474	3793.43822	
157.4705	3793.7389	3793.71748	3793.42474	3793.43822	
157.4806	3793.7389	3793.7262	3793.42474	3793.43822	
157.4908	3793.7389	3793.73493	3793.42474	3793.43822	
157.5009	3793.7389	3793.75238	3793.42474	3793.43822	
157.511	3793.7389	3793.75238	3793.42474	3793.43822	
157.5212	3793.7389	3793.76111	3793.42474	3793.43822	
157.5313	3793.7389	3793.76984	3793.42474	3793.43822	
157.5415	3793.7389	3793.77856	3793.42474	3793.43822	
157.5516	3793.7389	3793.77856	3793.42474	3793.43822	
157.5617	3793.7389	3793.76984	3793.42474	3793.43822	
157.5719	3793.7389	3793.76984	3793.42474	3793.43822	
157.582	3793.7389	3793.76111	3793.42474	3793.43822	
157.5943	3793.7389	3793.75238	3793.42474	3793.43822	
157.6023	3793.7389	3793.75238	3793.42474	3793.43822	
157.6124	3793.7389	3793.74366	3793.42474	3793.43822	
157.6226	3793.7389	3793.73493	3793.42474	3793.43822	
157.6328	3793.7389	3793.73493	3793.42474	3793.43822	
157.6429	3793.7389	3793.7262	3793.42474	3793.43822	
157.653	3793.7389	3793.71748	3793.42474	3793.43822	
157.6632	3793.7389	3793.71748	3793.42474	3793.43822	
157.6733	3793.7389	3793.71748	3793.42474	3793.43822	
157.6834	3793.7389	3793.71748	3793.42474	3793.43822	
157.6936	3793.7389	3793.70875	3793.42474	3793.43822	
157.7038	3793.7389	3793.70875	3793.42474	3793.43822	
157.7139	3793.7389	3793.70875	3793.42474	3793.43822	
157.7241	3793.7389	3793.70875	3793.42474	3793.43822	
157.7342	3793.7389	3793.70875	3793.42474	3793.43822	
157.7444	3793.7389	3793.70875	3793.42474	3793.43822	
157.7545	3793.7389	3793.71748	3793.42474	3793.43822	
157.7646	3793.7389	3793.71748	3793.42474	3793.43822	
157.7748	3793.7389	3793.71748	3793.42474	3793.43822	
157.7849	3793.7389	3793.7262	3793.42474	3793.43822	
157.795	3793.7389	3793.7262	3793.42474	3793.43822	
157.8052	3793.7389	3793.73493	3793.42474	3793.43822	
157.8153	3793.7389	3793.73493	3793.42474	3793.43822	
157.8257	3793.7389	3793.73493	3793.42474	3793.43822	
157.8356	3793.7389	3793.73493	3793.42474	3793.43822	
157.8458	3793.7389	3793.73493	3793.42474	3793.43822	
157.8559	3793.7389	3793.73493	3793.42474	3793.43822	
157.866	3793.7389	3793.73493	3793.42474	3793.43822	
157.8762	3793.7389	3793.73493	3793.42474	3793.43822	
157.8863	3793.7389	3793.73493	3793.42474	3793.43822	
157.8965	3793.7389	3793.7262	3793.42474	3793.43822	
157.9067	3793.7389	3793.7262	3793.42474	3793.43822	
157.9167	3793.7389	3793.7262	3793.42474	3793.43822	
157.9269	3793.7389	3793.7262	3793.42474	3793.43822	
157.9371	3793.7389	3793.7262	3793.42474	3793.43822	
157.9471	3793.7389	3793.7262	3793.42474	3793.43822	
157.9573	3793.7389	3793.7262	3793.42474	3793.43822	
157.9674	3793.7389	3793.7262	3793.42474	3793.43822	
157.9776	3793.7389	3793.7262	3793.42474	3793.43822	
157.9877	3793.7389	3793.7262	3793.42474	3793.43822	
157.9978	3793.7389	3793.7262	3793.42474	3793.43822	
158.008	3793.7389	3793.7262	3793.42474	3793.43822	
158.0181	3793.7389	3793.7262	3793.42474	3793.43822	
158.0282	3793.7389	3793.7262	3793.42474	3793.43822	
158.0384	3793.7389	3793.7262	3793.42474	3793.43822	
158.0486	3793.7389	3793.7262	3793.42474	3793.43822	
158.0587	3793.7389	3793.7262	3793.42474	3793.43822	
158.0688	3793.7389	3793.7262	3793.42474	3793.43822	
158.079	3793.7389	3793.7262	3793.42474	3793.43822	
158.0891	3793.7389	3793.7262	3793.42474	3793.43822	
158.0992	3793.7389	3793.7262	3793.42474	3793.43822	
158.1094	3793.7389	3793.7262	3793.42474	3793.43822	
158.1197	3793.7389	3793.7262	3793.42474	3793.43822	
158.1297	3793.7389	3793.7262	3793.42474	3793.43822	
158.1398	3793.7389	3793.7262	3793.42474	3793.43822	
158.15	3793.7389	3793.7262	3793.42474	3793.43822	
158.1602	3793.7389	3793.7262	3793.42474	3793.43822	
158.1702	3793.7389	3793.7262	3793.42474	3793.43822	
158.1804	3793.7389	3793.7262	3793.42474	3793.43822	
158.1905	3793.7389	3793.7262	3793.42474	3793.43822	
158.2007	3793.7389	3793.7262	3793.42474	3793.43822	
158.2108	3793.7389	3793.7262	3793.42474	3793.43822	
158.229	3793.7389	3793.7262	3793.42474	3793.43822	
158.2336	3793.7389	3793.7262	3793.42474	3793.43822	
158.2437	3793.7389	3793.7262	3793.42474	3793.43822	
158.2539	3793.7389	3793.7262	3793.42474	3793.43822	
158.2644	3793.7389	3793.7262	3793.42474	3793.43822	
158.2742	3793.7389	3793.7262	3793.42474	3793.43822	
158.2843	3793.7389	3793.7262	3793.42474	3793.43822	
158.2944	3793.7389	3793.7262	3793.42474	3793.43822	
158.3046	3793.7389	3793.7262	3793.42474	3793.43822	
158.3148	3793.7389	3793.7262	3793.42474	3793.43822	
158.3249	3793.7389	3793.7262	3793.42474	3793.43822	
158.3351	3793.7389	3793.7262	3793.42474	3793.43822	
158.3452	3793.7389	3793.7262	3793.42474	3793.43822	
158.3553	3793.7389	3793.7262	3793.42474	3793.43822	
158.3655	3793.7389	3793.7262	3793.42474	3793.43822	
158.3756	3793.7389	3793.7262	3793.42474	3793.43822	
158.3858	3793.7389	3793.7262	3793.42474	3793.43822	
158.3959	3793.7389	3793.7262	3793.42474	3793.43822	
158.406	3793.7389	3793.7262	3793.42474	3793.43822	
158.4162	3793.7389	3793.7262	3793.42474	3793.43822	
158.4263	3793.7389	3793.7262	3793.42474	3793.43822	
158.4364	3793.7389	3793.7262	3793.42474	3793.43822	
158.4466	3793.7389	3793.7262	3793.42474	3793.43822	
158.4567	3793.7389	3793.7262	3793.42474	3793.43822	
158.4668	3793.7389	3793.7262	3793.42474	3793.43822	
158.485	3793.7389	3793.7262	3793.42474	3793.43822	
158.4895	3793.7389	3793.7262	3793.42474	3793.43822	
158.4996	3793.7389	3793.7262	3793.42474	3793.43822	
158.5098	3793.7389	3793.7262	3793.42474	3793.43822	
158.5199	3793.7389	3793.7262	3793.42474	3793.43822	
158.5301	3793.7389	3793.7262	3793.42474	3793.43822	
158.5402	3793.7389	3793.7262	3793.42474	3793.43822	
158.5503	3793.7389	3793.7262	3793.42474	3793.43822	
158.5605	3793.7389	3793.7262	3793.42474	3793.43822	
158.5706	3793.7389	3793.7262	3793.42474	3793.43822	
158.5808	3793.7389	3793.7262	3793.42474	3793.43822	
158.5909	3793.7389	3793.7262	3793.42474	3793.43822	
158.6011	3793.7389	3793.7262	3793.42474	3793.43822	
158.6112	3793.7389	3793.7262	3793.42474	3793.43822	
158.6216	3793.7389	3793.7262	3793.42474	3793.43822	
158.6317	3793.7389	3793.7262	3793.42474	3793.43822	
158.6419	3793.7389	3793.7262	3793.42474	3793.43822	
158.652	3793.7389	3793.7262	3793.42474	3793.43822	
158.6621	3793.7389	3793.7262	3793.42474	3793.43822	
158.6723	3793.7389	3793.7262	3793.42474	3793.43822	
158.6824	3793.7389	3793.7262	3793.42474	3793.43822	
158.6926	3793.7389	3793.7262	3793.42474	3793.43822	
158.7027	3793.7389	3793.7262	3793.42474	3793.43822	
158.7128	3793.7389	3793.7262	3793.42474	3793.43822	
158.723	3793.7389	3793.7262	3793.42474	3793.43822	
158.7331	3793.7389	3793.7262	3793.42474	3793.43822	
158.7434	3793.7389	3793.7262	3793.42474	3793.43822	
158.7534	3793.7389	3793.7262	3793.42474	3793.43822	
158.7636	3793.7389	3793.7262	3793.42474	3793.43822	
158.7737	3793.7389	3793.7262	3793.42474	3793.43822	
158.7838	3793.7389	3793.7262	3793.42474	3793.43822	
158.7939	3793.7389	3793.7262	3793.42474	3793.43822	
158.8042	3793.7389	3793.7262	3793.42474	3793.43822	
158.8146	3793.7389	3793.7262	3793.42474	3793.43822	
158.8245	3793.7389	3793.7262	3793.42474	3793.43822	
158.8345	3793.7389	3793.7262	3793.42474	3793.43822	
158.8447	3793.7389	3793.7262	3793.42474	3793.43822	
158.8549	3793.7389	3793.7262	3793.42474	3793.43822	
158.865	3793.7389	3793.7262	3793.42474	3793.43822	
158.8755	3793.7389	3793.7262	3793.42474	3793.43822	
158.8853	3793.7389	3793.7262	3793.42474	3793.43822	
158.8955	3793.7389	3793.7262	3793.42474	3793.43822	
158.9165	3793.7389	3793.7262	3793.42474	3793.43822	
158.921	3793.7389	3793.7262	3793.42474	3793.43822	
158.9312	3793.7389	3793.7262	3793.42474	3793.43822	
158.9413	3793.7389	3793.7262	3793.42474	3793.43822	
158.9515	3793.7389	3793.7262	3793.42474	3793.43822	
158.9695	3793.7389	3793.7262	3793.42474	3793.43822	
158.974	3793.7389	3793.7262	3793.42474	3793.43822	
158.9842	3793.7389	3793.7262	3793.42474	3793.43822	
158.9947	3793.7389	3793.7262	3793.42474	3793.43822	
159.0044	3793.7389	3793.7262	3793.42474	3793.43822	
159.0146	3793.7389	3793.7262	3793.42474	3793.43822	
159.0247	3793.7389	3793.7262	3793.42474	3793.43822	
159.0348	3793.7389	3793.7262	3793.42474	3793.43822	
159.045	3793.7389	3793.7262	3793.42474	3793.43822	
159.0553	3793.7389	3793.7262	3793.42474	3793.43822	
159.0653	3793.7389	3793.7262	3793.42474	3793.43822	
159.0833	3793.7389	3793.7262	3793.42474	3793.43822	
159.0879	3793.7389	3793.7262	3793.42474	3793.43822	
159.098	3793.7389	3793.7262	3793.42474	3793.43822	
159.1082	3793.7389	3793.7262	3793.42474	3793.43822	
159.1183	3793.7389	3793.7262	3793.42474	3793.43822	
159.1285	3793.7389	3793.7262	3793.42474	3793.43822	
159.1386	3793.7389	3793.7262	3793.42474	3793.43822	
159.1487	3793.7389	3793.7262	3793.42474	3793.43822	
159.1589	3793.7389	3793.7262	3793.42474	3793.43822	
159.169	3793.7389	3793.7262	3793.42474	3793.43822	
159.1791	3793.7389	3793.7262	3793.42474	3793.43822	
159.1893	3793.7389	3793.7262	3793.42474	3793.43822	
159.1995	3793.7389	3793.7262	3793.42474	3793.43822	
159.2175	3793.7389	3793.7262	3793.42474	3793.43822	
159.222	3793.7389	3793.7262	3793.42474	3793.43822	
159.2322	3793.7389	3793.7262	3793.42474	3793.43822	
159.2423	3793.7389	3793.7262	3793.42474	3793.43822	
159.2525	3793.7389	3793.7262	3793.42474	3793.43822	
159.2628	3793.7389	3793.7262	3793.42474	3793.43822	
159.2728	3793.7389	3793.7262	3793.42474	3793.43822	
159.2829	3793.7389	3793.7262	3793.42474	3793.43822	
159.293	3793.7389	3793.7262	3793.42474	3793.43822	
159.3032	3793.7389	3793.7262	3793.42474	3793.43822	
159.3133	3793.7389	3793.7262	3793.42474	3793.43822	
159.3234	3793.7389	3793.7262	3793.42474	3793.43822	
159.3336	3793.7389	3793.7262	3793.42474	3793.43822	
159.3437	3793.7389	3793.7262	3793.42474	3793.43822	
159.3539	3793.7389	3793.7262	3793.42474	3793.43822	
159.3641	3793.7389	3793.7262	3793.42474	3793.43822	
159.3742	3793.7389	3793.7262	3793.42474	3793.43822	
159.3844	3793.7389	3793.7262	3793.42474	3793.43822	
159.3945	3793.7389	3793.7262	3793.42474	3793.43822	
159.4046	3793.7389	3793.7262	3793.42474	3793.43822	
159.4148	3793.7389	3793.7262	3793.42474	3793.43822	
159.4249	3793.7389	3793.7262	3793.42474	3793.43822	
159.4351	3793.7389	3793.7262	3793.42474	3793.43822	
159.4452	3793.7389	3793.7262	3793.42474	3793.43822	
159.4553	3793.7389	3793.7262	3793.42474	3793.43822	
159.4655	3793.7389	3793.7262	3793.42474	3793.43822	
159.4756	3793.7389	3793.7262	3793.42474	3793.43822	
159.4858	3793.7389	3793.7262	3793.42474	3793.43822	
159.4959	3793.7389	3793.7262	3793.42474	3793.43822	
159.5061	3793.7389	3793.7262	3793.42474	3793.43822	
159.5162	3793.7389	3793.7262	3793.42474	3793.43822	
159.5263	3793.7389	3793.7262	3793.42474	3793.43822	
159.5365	3793.7389	3793.7262	3793.42474	3793.43822	
159.5466	3793.7389	3793.7262	3793.42474	3793.43822	
159.5567	3793.7389	3793.7262	3793.42474	3793.43822	
159.567	3793.7389	3793.7262	3793.42474	3793.43822	
159.5771	3793.7389	3793.7262	3793.42474	3793.43822	
159.5872	3793.7389	3793.7262	3793.42474	3793.43822	
159.5994	3793.7389	3793.7262	3793.42474	3793.43822	
159.6075	3793.7389	3793.7262	3793.42474	3793.43822	
159.6177	3793.7389	3793.7262	3793.42474	3793.43822	
159.6278	3793.7389	3793.7262	3793.42474	3793.43822	
159.6379	3793.7389	3793.7262	3793.42474	3793.43822	
159.6481	3793.7389	3793.7262	3793.42474	3793.43822	
159.6582	3793.7389	3793.7262	3793.42474	3793.43822	
159.6683	3793.7389	3793.7262	3793.42474	3793.43822	
159.6785	3793.7389	3793.7262	3793.42474	3793.43822	
159.6887	3793.7389	3793.7262	3793.42474	3793.43822	
159.6988	3793.7389	3793.7262	3793.42474	3793.43822	
159.7089	3793.7389	3793.7262	3793.42474	3793.43822	
159.7191	3793.7389	3793.7262	3793.42474	3793.43822	
159.7292	3793.7389	3793.7262	3793.42474	3793.43822	
159.7393	3793.7389	3793.7262	3793.42474	3793.43822	
159.7495	3793.7389	3793.7262	3793.42474	3793.43822	
159.7596	3793.7389	3793.7262	3793.42474	3793.43822	
159.7698	3793.7389	3793.7262	3793.42474	3793.43822	
159.7799	3793.7389	3793.7262	3793.42474	3793.43822	
159.79	3793.7389	3793.7262	3793.42474	3793.43822	
159.8002	3793.7389	3793.7262	3793.42474	3793.43822	
159.8103	3793.7389	3793.7262	3793.42474	3793.43822	
159.8204	3793.7389	3793.7262	3793.42474	3793.43822	
159.8306	3793.7389	3793.7262	3793.42474	3793.43822	
159.8407	3793.7389	3793.7262	3793.42474	3793.43822	
159.8509	3793.7389	3793.7262	3793.42474	3793.43822	
159.861	3793.7389	3793.7262	3793.42474	3793.43822	
159.8712	3793.7389	3793.7262	3793.42474	3793.43822	
159.8813	3793.7389	3793.7262	3793.42474	3793.43822	
159.8914	3793.7389	3793.7262	3793.42474	3793.43822	
159.9015	3793.7389	3793.7262	3793.42474	3793.43822	
159.9117	3793.7389	3793.7262	3793.42474	3793.43822	
159.9219	3793.7389	3793.7262	3793.42474	3793.43822	
159.932	3793.7389	3793.7262	3793.42474	3793.43822	
159.9421	3793.7389	3793.7262	3793.42474	3793.43822	
159.9523	3793.7389	3793.7262	3793.42474	3793.43822	
159.9624	3793.7389	3793.7262	3793.42474	3793.43822	
159.9725	3793.7389	3793.7262	3793.42474	3793.43822	
159.9827	3793.7389	3793.7262	3793.42474	3793.43822	
159.9929	3793.7389	3793.7262	3793.42474	3793.43822	
160.003	3793.7389	3793.7262	3793.42474	3793.43822	
160.0131	3793.7389	3793.7262	3793.42474	3793.43822	
160.0233	3793.7389	3793.7262	3793.42474	3793.43822	
160.0334	3793.7389	3793.7262	3793.42474	3793.43822	
160.0436	3793.7389	3793.7262	3793.42474	3793.43822	
160.0537	3793.7389	3793.7262	3793.42474	3793.43822	
160.0638	3793.7389	3793.7262	3793.42474	3793.43822	
160.074	3793.7389	3793.7262	3793.42474	3793.43822	
160.0842	3793.7389	3793.7262	3793.42474	3793.43822	
160.0944	3793.7389	3793.7262	3793.42474	3793.43822	
160.1045	3793.7389	3793.7262	3793.42474	3793.43822	
160.1146	3793.7389	3793.7262	3793.42474	3793.43822	
160.1248	3793.7389	3793.7262	3793.42474	3793.43822	
160.1349	3793.7389	3793.7262	3793.42474	3793.43822	
160.145	3793.7389	3793.7262	3793.42474	3793.43822	
160.1552	3793.7389	3793.7262	3793.42474	3793.43822	
160.1653	3793.7389	3793.7262	3793.42474	3793.43822	
160.1755	3793.7389	3793.7262	3793.42474	3793.43822	
160.1856	3793.7389	3793.7262	3793.42474	3793.43822	
160.1957	3793.7389	3793.7262	3793.42474	3793.43822	
160.206	3793.7389	3793.7262	3793.42474	3793.43822	
160.2161	3793.7389	3793.7262	3793.42474	3793.43822	
160.2262	3793.7389	3793.7262	3793.42474	3793.43822	
160.2364	3793.7389	3793.7262	3793.42474	3793.43822	
160.2466	3793.7389	3793.7262	3793.42474	3793.43822	
160.2567	3793.7389	3793.7262	3793.42474	3793.43822	
160.2668	3793.7389	3793.7262	3793.42474	3793.43822	
160.2848	3793.7389	3793.7262	3793.42474	3793.43822	
160.2893	3793.7389	3793.7262	3793.42474	3793.43822	
160.2995	3793.7389	3793.7262	3793.42474	3793.43822	
160.3097	3793.7389	3793.7262	3793.42474	3793.43822	
160.3198	3793.7389	3793.7262	3793.42474	3793.43822	
160.3299	3793.7389	3793.7262	3793.42474	3793.43822	
160.34	3793.7389	3793.7262	3793.42474	3793.43822	
160.3502	3793.7389	3793.7262	3793.42474	3793.43822	
160.3604	3793.7389	3793.7262	3793.42474	3793.43822	
160.3705	3793.7389	3793.7262	3793.42474	3793.43822	
160.3806	3793.7389	3793.7262	3793.42474	3793.43822	
160.3907	3793.7389	3793.7262	3793.42474	3793.43822	
160.4009	3793.7389	3793.7262	3793.42474	3793.43822	
160.4111	3793.7389	3793.7262	3793.42474	3793.43822	
160.4212	3793.7389	3793.7262	3793.42474	3793.43822	
160.4313	3793.7389	3793.7262	3793.42474	3793.43822	
160.4415	3793.7389	3793.7262	3793.42474	3793.43822	
160.4516	3793.7389	3793.7262	3793.42474	3793.43822	
160.4618	3793.7389	3793.7262	3793.42474	3793.43822	
160.4719	3793.7389	3793.7262	3793.42474	3793.43822	
160.482	3793.7389	3793.7262	3793.42474	3793.43822	
160.4922	3793.7389	3793.7262	3793.42474	3793.43822	
160.5023	3793.7389	3793.7262	3793.42474	3793.43822	
160.5125	3793.7389	3793.7262	3793.42474	3793.43822	
160.5226	3793.7389	3793.7262	3793.42474	3793.43822	
160.5328	3793.7389	3793.7262	3793.42474	3793.43822	
160.543	3793.7389	3793.7262	3793.42474	3793.43822	
160.553	3793.7389	3793.7262	3793.42474	3793.43822	
160.5632	3793.7389	3793.7262	3793.42474	3793.43822	
160.5733	3793.7389	3793.7262	3793.42474	3793.43822	
160.5835	3793.7389	3793.7262	3793.42474	3793.43822	
160.5936	3793.7389	3793.7262	3793.42474	3793.43822	
160.6038	3793.7389	3793.7262	3793.42474	3793.43822	
160.6139	3793.7389	3793.7262	3793.42474	3793.43822	
160.6244	3793.7389	3793.7262	3793.42474	3793.43822	
160.6344	3793.7389	3793.7262	3793.42474	3793.43822	
160.6445	3793.7389	3793.7262	3793.42474	3793.43822	
160.6546	3793.7389	3793.7262	3793.42474	3793.43822	
160.6648	3793.7389	3793.7262	3793.42474	3793.43822	
160.6749	3793.7389	3793.7262	3793.42474	3793.43822	
160.685	3793.7389	3793.7262	3793.42474	3793.43822	
160.6952	3793.7389	3793.7262	3793.42474	3793.43822	
160.7053	3793.7389	3793.7262	3793.42474	3793.43822	
160.7155	3793.7389	3793.7262	3793.42474	3793.43822	
160.7257	3793.7389	3793.7262	3793.42474	3793.43822	
160.7358	3793.7389	3793.7262	3793.42474	3793.43822	
160.746	3793.7389	3793.7262	3793.42474	3793.43822	
160.7561	3793.7389	3793.7262	3793.42474	3793.43822	
160.7662	3793.7389	3793.7262	3793.42474	3793.43822	
160.7764	3793.7389	3793.7262	3793.42474	3793.43822	
160.7865	3793.7389	3793.7262	3793.42474	3793.43822	
160.7966	3793.7389	3793.7262	3793.42474	3793.43822	
160.8068	3793.7389	3793.7262	3793.42474	3793.43822	
160.817	3793.7389	3793.7262	3793.42474	3793.43822	
160.8271	3793.7389	3793.7262	3793.42474	3793.43822	
160.8372	3793.7389	3793.7262	3793.42474	3793.43822	
160.8485	3793.7389	3793.7262	3793.42474	3793.43822	
160.8585	3793.7389	3793.7262	3793.42474	3793.43822	
160.8687	3793.7389	3793.7262	3793.42474	3793.43822	
160.8788	3793.7389	3793.7262	3793.42474	3793.43822	
160.8889	3793.7389	3793.7262	3793.42474	3793.43822	
160.8991	3793.7389	3793.7262	3793.42474	3793.43822	
160.9195	3793.7389	3793.7262	3793.42474	3793.43822	
160.9241	3793.7389	3793.7262	3793.42474	3793.43822	
160.9343	3793.7389	3793.7262	3793.42474	3793.43822	
160.9445	3793.7389	3793.7262	3793.42474	3793.43822	
160.9545	3793.7389	3793.7262	3793.42474	3793.43822	
160.9646	3793.7389	3793.7262	3793.42474	3793.43822	
160.9748	3793.7389	3793.7262	3793.42474	3793.43822	
160.9849	3793.7389	3793.7262	3793.42474	3793.43822	
160.9951	3793.7389	3793.7262	3793.42474	3793.43822	
161.0052	3793.7389	3793.7262	3793.42474	3793.43822	
161.0154	3793.7389	3793.7262	3793.42474	3793.43822	
161.0255	3793.7389	3793.7262	3793.42474	3793.43822	
161.0356	3793.7389	3793.7262	3793.42474	3793.43822	
161.0459	3793.7389	3793.7262	3793.42474	3793.43822	
161.0559	3793.7389	3793.7262	3793.42474	3793.43822	
161.0661	3793.7389	3793.7262	3793.42474	3793.43822	
161.0762	3793.7389	3793.7262	3793.42474	3793.43822	
161.0864	3793.7389	3793.7262	3793.42474	3793.43822	
161.0966	3793.7389	3793.7262	3793.42474	3793.43822	
161.1067	3793.7389	3793.7262	3793.42474	3793.43822	
161.1168	3793.7389	3793.7262	3793.42474	3793.43822	
161.1271	3793.7389	3793.7262	3793.42474	3793.43822	
161.1371	3793.7389	3793.7262	3793.42474	3793.43822	
161.1473	3793.7389	3793.7262	3793.42474	3793.43822	
161.1574	3793.7389	3793.7262	3793.42474	3793.43822	
161.1675	3793.7389	3793.7262	3793.42474	3793.43822	
161.1777	3793.7389	3793.7262	3793.42474	3793.43822	
161.1878	3793.7389	3793.7262	3793.42474	3793.43822	
161.198	3793.7389	3793.7262	3793.42474	3793.43822	
161.2081	3793.7389	3793.7262	3793.42474	3793.43822	
161.2182	3793.7389	3793.7262	3793.42474	3793.43822	
161.2284	3793.7389	3793.7262	3793.42474	3793.43822	
161.2385	3793.7389	3793.7262	3793.42474	3793.43822	
161.2487	3793.7389	3793.7262	3793.42474	3793.43822	
161.2588	3793.7389	3793.7262	3793.42474	3793.43822	
161.2689	3793.7389	3793.7262	3793.42474	3793.43822	
161.2791	3793.7389	3793.7262	3793.42474	3793.43822	
161.2892	3793.7389	3793.7262	3793.42474	3793.43822	
161.2994	3793.7389	3793.7262	3793.42474	3793.43822	
161.3095	3793.7389	3793.7262	3793.42474	3793.43822	
161.3197	3793.7389	3793.7262	3793.42474	3793.43822	
161.3298	3793.7389	3793.7262	3793.42474	3793.43822	
161.3399	3793.7389	3793.7262	3793.42474	3793.43822	
161.3501	3793.7389	3793.7262	3793.42474	3793.43822	
161.3602	3793.7389	3793.7262	3793.42474	3793.43822	
161.3704	3793.7389	3793.7262	3793.42474	3793.43822	
161.3805	3793.7389	3793.7262	3793.42474	3793.43822	
161.3906	3793.7389	3793.7262	3793.42474	3793.43822	
161.4008	3793.7389	3793.7262	3793.42474	3793.43822	
161.4109	3793.7389	3793.7262	3793.42474	3793.43822	
161.421	3793.7389	3793.7262	3793.42474	3793.43822	
161.4312	3793.7389	3793.7262	3793.42474	3793.43822	
161.4413	3793.7389	3793.7262	3793.42474	3793.43822	
161.4515	3793.7389	3793.7262	3793.42474	3793.43822	
161.4617	3793.7389	3793.7262	3793.42474	3793.43822	
161.4718	3793.7389	3793.7262	3793.42474	3793.43822	
161.4819	3793.7389	3793.7262	3793.42474	3793.43822	
161.492	3793.7389	3793.7262	3793.42474	3793.43822	
161.5022	3793.7389	3793.7262	3793.42474	3793.43822	
161.5124	3793.7389	3793.7262	3793.42474	3793.43822	
161.5224	3793.7389	3793.7262	3793.42474	3793.43822	
161.5326	3793.7389	3793.7262	3793.42474	3793.43822	
161.5428	3793.7389	3793.7262	3793.42474	3793.43822	
161.553	3793.7389	3793.7262	3793.42474	3793.43822	
161.5631	3793.7389	3793.7262	3793.42474	3793.43822	
161.5732	3793.7389	3793.7262	3793.42474	3793.43822	
161.5834	3793.7389	3793.7262	3793.42474	3793.43822	
161.5935	3793.7389	3793.7262	3793.42474	3793.43822	
161.6136	3793.7389	3793.7262	3793.42474	3793.43822	
161.6183	3793.7389	3793.7262	3793.42474	3793.43822	
161.6286	3793.7389	3793.7262	3793.42474	3793.43822	
161.6386	3793.7389	3793.7262	3793.42474	3793.43822	
161.6488	3793.7389	3793.7262	3793.42474	3793.43822	
161.6589	3793.7389	3793.7262	3793.42474	3793.43822	
161.6691	3793.7389	3793.7262	3793.42474	3793.43822	
161.6792	3793.7389	3793.7262	3793.42474	3793.43822	
161.6893	3793.7389	3793.7262	3793.42474	3793.43822	
161.6995	3793.7389	3793.7262	3793.42474	3793.43822	
161.7096	3793.7389	3793.7262	3793.42474	3793.43822	
161.7198	3793.7389	3793.7262	3793.42474	3793.43822	
161.7299	3793.7389	3793.7262	3793.42474	3793.43822	
161.74	3793.7389	3793.7262	3793.42474	3793.43822	
161.7501	3793.7389	3793.7262	3793.42474	3793.43822	
161.7603	3793.7389	3793.7262	3793.42474	3793.43822	
161.7705	3793.7389	3793.7262	3793.42474	3793.43822	
161.7806	3793.7389	3793.7262	3793.42474	3793.43822	
161.7907	3793.7389	3793.7262	3793.42474	3793.43822	
161.8009	3793.7389	3793.7262	3793.42474	3793.43822	
161.811	3793.7389	3793.7262	3793.42474	3793.43822	
161.8212	3793.7389	3793.7262	3793.42474	3793.43822	
161.8313	3793.7389	3793.7262	3793.42474	3793.43822	
161.8414	3793.7389	3793.7262	3793.42474	3793.43822	
161.8516	3793.7389	3793.7262	3793.42474	3793.43822	
161.8617	3793.7389	3793.7262	3793.42474	3793.43822	
161.8718	3793.7389	3793.7262	3793.42474	3793.43822	
161.8821	3793.7389	3793.7262	3793.42474	3793.43822	
161.8921	3793.7389	3793.7262	3793.42474	3793.43822	
161.9023	3793.7389	3793.7262	3793.42474	3793.43822	
161.9125	3793.7389	3793.7262	3793.42474	3793.43822	
161.9225	3793.7389	3793.7262	3793.42474	3793.43822	
161.9327	3793.7389	3793.7262	3793.42474	3793.43822	
161.9428	3793.7389	3793.7262	3793.42474	3793.43822	
161.953	3793.7389	3793.7262	3793.42474	3793.43822	
161.9631	3793.7389	3793.7262	3793.42474	3793.43822	
161.9733	3793.7389	3793.7262	3793.42474	3793.43822	
161.9834	3793.7389	3793.7262	3793.42474	3793.43822	
161.9936	3793.7389	3793.7262	3793.42474	3793.43822	
162.0037	3793.7389	3793.7262	3793.42474	3793.43822	
162.0138	3793.7389	3793.7262	3793.42474	3793.43822	
162.024	3793.7389	3793.7262	3793.42474	3793.43822	
162.0342	3793.7389	3793.7262	3793.42474	3793.43822	
162.0443	3793.7389	3793.7262	3793.42474	3793.43822	
162.0544	3793.7389	3793.7262	3793.42474	3793.43822	
162.0646	3793.7389	3793.7262	3793.42474	3793.43822	
162.0747	3793.7389	3793.7262	3793.42474	3793.43822	
162.0848	3793.7389	3793.7262	3793.42474	3793.43822	
162.095	3793.7389	3793.7262	3793.42474	3793.43822	
162.1051	3793.7389	3793.7262	3793.42474	3793.43822	
162.1152	3793.7389	3793.7262	3793.42474	3793.43822	
162.1255	3793.7389	3793.7262	3793.42474	3793.43822	
162.1356	3793.7389	3793.7262	3793.42474	3793.43822	
162.1457	3793.7389	3793.7262	3793.42474	3793.43822	
162.1558	3793.7389	3793.7262	3793.42474	3793.43822	
162.166	3793.7389	3793.7262	3793.42474	3793.43822	
162.1761	3793.7389	3793.7262	3793.42474	3793.43822	
162.1864	3793.7389	3793.7262	3793.42474	3793.43822	
162.1964	3793.7389	3793.7262	3793.42474	3793.43822	
162.2065	3793.7389	3793.7262	3793.42474	3793.43822	
162.2167	3793.7389	3793.7262	3793.42474	3793.43822	
162.2268	3793.7389	3793.7262	3793.42474	3793.43822	
162.2452	3793.7389	3793.7262	3793.42474	3793.43822	
162.2498	3793.7389	3793.7262	3793.42474	3793.43822	
162.2599	3793.7389	3793.7262	3793.42474	3793.43822	
162.27	3793.7389	3793.7262	3793.42474	3793.43822	
162.2802	3793.7389	3793.7262	3793.42474	3793.43822	
162.2903	3793.7389	3793.7262	3793.42474	3793.43822	
162.3007	3793.7389	3793.7262	3793.42474	3793.43822	
162.3108	3793.7389	3793.7262	3793.42474	3793.43822	
162.321	3793.7389	3793.7262	3793.42474	3793.43822	
162.331	3793.7389	3793.7262	3793.42474	3793.43822	
162.3412	3793.7389	3793.7262	3793.42474	3793.43822	
162.3514	3793.7389	3793.7262	3793.42474	3793.43822	
162.3615	3793.7389	3793.7262	3793.42474	3793.43822	
162.3716	3793.7389	3793.7262	3793.42474	3793.43822	
162.3818	3793.7389	3793.7262	3793.42474	3793.43822	
162.3919	3793.7389	3793.7262	3793.42474	3793.43822	
162.4021	3793.7389	3793.7262	3793.42474	3793.43822	
162.4122	3793.7389	3793.7262	3793.42474	3793.43822	
162.4224	3793.7389	3793.7262	3793.42474	3793.43822	
162.4326	3793.7389	3793.7262	3793.42474	3793.43822	
162.4426	3793.7389	3793.7262	3793.42474	3793.43822	
162.4528	3793.7389	3793.7262	3793.42474	3793.43822	
162.463	3793.7389	3793.7262	3793.42474	3793.43822	
162.4731	3793.7389	3793.7262	3793.42474	3793.43822	
162.4832	3793.7389	3793.7262	3793.42474	3793.43822	
162.4934	3793.7389	3793.7262	3793.42474	3793.43822	
162.5037	3793.7389	3793.7262	3793.42474	3793.43822	
162.5137	3793.7389	3793.7262	3793.42474	3793.43822	
162.5238	3793.7389	3793.7262	3793.42474	3793.43822	
162.5339	3793.7389	3793.7262	3793.42474	3793.43822	
162.5441	3793.7389	3793.7262	3793.42474	3793.43822	
162.5543	3793.7389	3793.7262	3793.42474	3793.43822	
162.5644	3793.7389	3793.7262	3793.42474	3793.43822	
162.5745	3793.7389	3793.7262	3793.42474	3793.43822	
162.5847	3793.7389	3793.7262	3793.42474	3793.43822	
162.5948	3793.7389	3793.7262	3793.42474	3793.43822	
162.6073	3793.7389	3793.7262	3793.42474	3793.43822	
162.6151	3793.7389	3793.7262	3793.42474	3793.43822	
162.6334	3793.7389	3793.7262	3793.42474	3793.43822	
162.638	3793.7389	3793.7262	3793.42474	3793.43822	
162.6482	3793.7389	3793.7262	3793.42474	3793.43822	
162.6583	3793.7389	3793.7262	3793.42474	3793.43822	
162.6684	3793.7389	3793.7262	3793.42474	3793.43822	
162.6786	3793.7389	3793.7262	3793.42474	3793.43822	
162.6887	3793.7389	3793.7262	3793.42474	3793.43822	
162.6988	3793.7389	3793.7262	3793.42474	3793.43822	
162.709	3793.7389	3793.7262	3793.42474	3793.43822	
162.7192	3793.7389	3793.7262	3793.42474	3793.43822	
162.7293	3793.7389	3793.7262	3793.42474	3793.43822	
162.7394	3793.7389	3793.7262	3793.42474	3793.43822	
162.7496	3793.7389	3793.7262	3793.42474	3793.43822	
162.7597	3793.7389	3793.7262	3793.42474	3793.43822	
162.7699	3793.7389	3793.7262	3793.42474	3793.43822	
162.78	3793.7389	3793.7262	3793.42474	3793.43822	
162.7902	3793.7389	3793.7262	3793.42474	3793.43822	
162.8003	3793.7389	3793.7262	3793.42474	3793.43822	
162.8104	3793.7389	3793.7262	3793.42474	3793.43822	
162.8206	3793.7389	3793.7262	3793.42474	3793.43822	
162.8307	3793.7389	3793.7262	3793.42474	3793.43822	
162.8409	3793.7389	3793.7262	3793.42474	3793.43822	
162.851	3793.7389	3793.7262	3793.42474	3793.43822	
162.8611	3793.7389	3793.7262	3793.42474	3793.43822	
162.8713	3793.7389	3793.7262	3793.42474	3793.43822	
162.8814	3793.7389	3793.7262	3793.42474	3793.43822	
162.8915	3793.7389	3793.7262	3793.42474	3793.43822	
162.9017	3793.7389	3793.7262	3793.42474	3793.43822	
162.9118	3793.7389	3793.7262	3793.42474	3793.43822	
162.922	3793.7389	3793.7262	3793.42474	3793.43822	
162.9321	3793.7389	3793.7262	3793.42474	3793.43822	
162.9423	3793.7389	3793.7262	3793.42474	3793.43822	
162.9524	3793.7389	3793.7262	3793.42474	3793.43822	
162.9625	3793.7389	3793.7262	3793.42474	3793.43822	
162.9727	3793.7389	3793.7262	3793.42474	3793.43822	
162.9828	3793.7389	3793.7262	3793.42474	3793.43822	
162.993	3793.7389	3793.7262	3793.42474	3793.43822	
163.0031	3793.7389	3793.7262	3793.42474	3793.43822	
163.0133	3793.7389	3793.7262	3793.42474	3793.43822	
163.0234	3793.7389	3793.7262	3793.42474	3793.43822	
163.0335	3793.7389	3793.7262	3793.42474	3793.43822	
163.0437	3793.7389	3793.7262	3793.42474	3793.43822	
163.0538	3793.7389	3793.7262	3793.42474	3793.43822	
163.064	3793.7389	3793.7262	3793.42474	3793.43822	
163.0743	3793.7389	3793.7262	3793.42474	3793.43822	
163.0843	3793.7389	3793.7262	3793.42474	3793.43822	
163.0945	3793.7389	3793.7262	3793.42474	3793.43822	
163.1047	3793.7389	3793.7262	3793.42474	3793.43822	
163.1147	3793.7389	3793.7262	3793.42474	3793.43822	
163.1249	3793.7389	3793.7262	3793.42474	3793.43822	
163.135	3793.7389	3793.7262	3793.42474	3793.43822	
163.1452	3793.7389	3793.7262	3793.42474	3793.43822	
163.1553	3793.7389	3793.7262	3793.42474	3793.43822	
163.1655	3793.7389	3793.7262	3793.42474	3793.43822	
163.1756	3793.7389	3793.7262	3793.42474	3793.43822	
163.1858	3793.7389	3793.7262	3793.42474	3793.43822	
163.1961	3793.7389	3793.7262	3793.42474	3793.43822	
163.2061	3793.7389	3793.7262	3793.42474	3793.43822	
163.2162	3793.7389	3793.7262	3793.42474	3793.43822	
163.2263	3793.7389	3793.7262	3793.42474	3793.43822	
