0.4961508	30.0147077	30.0109365	30.0234343	30.0196631	
0.5011976	30.0155555	30.0109365	30.0242822	30.0196631	
0.5113151	30.0180253	30.0109365	30.0267519	30.0196631	
0.5214626	30.0211206	30.0109365	30.0298473	30.0196631	
0.5316301	30.0248446	30.0109365	30.0335713	30.0196631	
0.5417996	30.0291887	30.0109365	30.0379153	30.0196631	
0.5519571	30.034145	30.0196631	30.0428717	30.0196631	
0.5621686	30.039758	30.0196631	30.0484846	30.0196631	
0.5723071	30.0459442	30.0196631	30.0546709	30.0196631	
0.5824986	30.0527877	30.0196631	30.0615143	30.0196631	
0.5926491	30.060219	30.0196631	30.0689456	30.0283898	
0.6028336	30.068301	30.0283898	30.0770277	30.0283898	
0.6130111	30.0769971	30.0371164	30.0857237	30.0371164	
0.6232406	30.086369	30.0458431	30.0950956	30.0458431	
0.6333081	30.0961916	30.0545697	30.1049183	30.0545697	
0.6434936	30.1067597	30.0545697	30.1154863	30.0545697	
0.6536321	30.1178945	30.0632964	30.1266212	30.072023	
0.6637847	30.1296587	30.072023	30.1383854	30.0894763	
0.6739612	30.1420765	30.0807497	30.1508032	30.1069296	
0.6841117	30.1550814	30.0894763	30.1638081	30.1243829	
0.7024048	30.1809728	30.1069296	30.1896995	30.1592895	
0.7070625	30.1874973	30.1156562	30.1962239	30.1680161	
0.717261	30.2025969	30.1243829	30.2113236	30.1941961	
0.7274006	30.2182117	30.1418362	30.2269384	30.2116494	
0.7375581	30.2344851	30.1592895	30.2432117	30.2291026	
0.7482225	30.252266	30.1680161	30.2609926	30.2552826	
0.7578751	30.2688894	30.1854694	30.277616	30.2727359	
0.7680996	30.287139	30.2029227	30.2958656	30.2989158	
0.7782381	30.3059167	30.2291026	30.3146434	30.3163691	
0.7883726	30.3251775	30.2465559	30.3339041	30.3338224	
0.7985861	30.3452792	30.2640092	30.3540058	30.3600023	
0.8087386	30.3658711	30.2901892	30.3745977	30.368729	
0.8188871	30.3870855	30.3163691	30.3958122	30.3949089	
0.8291616	30.4091853	30.342549	30.4179119	30.4123622	
0.8392861	30.4315792	30.368729	30.4403059	30.4298155	
0.8493516	30.454451	30.4036356	30.4631777	30.4472688	
0.8595991	30.4783722	30.4385422	30.4870988	30.4647221	
0.8697266	30.50262	30.4647221	30.5113466	30.4821754	
0.8798601	30.5275034	30.4996287	30.5362301	30.5083553	
0.8900396	30.5531204	30.5345353	30.561847	30.5258086	
0.9002141	30.579351	30.5694418	30.5880777	30.5432619	
0.9184822	30.6288977	30.6305284	30.6376243	30.5956218	
0.92312	30.6413998	30.6479817	30.6501265	30.6130751	
0.9333135	30.6697019	30.6741616	30.6784285	30.639255	
0.943473	30.6985249	30.7090682	30.7072516	30.6741616	
0.9536105	30.7279014	30.7439748	30.7366281	30.7090682	
0.963777	30.7579921	30.7701547	30.7667187	30.7439748	
0.9739605	30.7887406	30.8050613	30.7974672	30.787608	
0.984114	30.8200221	30.8399679	30.8287487	30.8225146	
0.9942715	30.852045	30.8748745	30.8607717	30.8574212	
1.004454	30.884556	30.9097811	30.8932826	30.8923278	
1.022758	30.9456601	30.9446876	30.9543868	30.935961	
1.027478	30.9613336	30.9970475	30.9700603	30.9883209	
1.037573	30.9956797	31.0319541	31.0044064	31.0319541	
1.047806	31.0311244	31.0668607	31.0398511	31.0668607	
1.057884	31.0666263	31.1017673	31.075353	31.1017673	
1.06806	31.1030976	31.1366739	31.1118242	31.1454005	
1.078253	31.1402683	31.1803071	31.148995	31.1890337	
1.088372	31.1777741	31.2239403	31.1865007	31.232667	
1.098558	31.2161643	31.2675735	31.2248909	31.2675735	
1.108739	31.2551304	31.3024801	31.263857	31.3112068	
1.129386	31.3374074	31.38102	31.346134	31.38102	
1.13404	31.3558402	31.3984732	31.3645669	31.3984732	
1.144213	31.396952	31.4421065	31.4056787	31.4421065	
1.15439	31.4387056	31.4857397	31.4474322	31.4770131	
1.164524	31.4809146	31.5206463	31.4896413	31.5206463	
1.174691	31.5238482	31.5555529	31.5325749	31.5555529	
1.184851	31.5673928	31.5991861	31.5761194	31.5904595	
1.195034	31.6116722	31.6428193	31.6203989	31.625366	
1.205248	31.6566778	31.6777259	31.6654044	31.6689993	
1.225494	31.7490146	31.7649924	31.7577413	31.7475391	
1.230154	31.770161	31.7824457	31.7788877	31.7649924	
1.240307	31.8170353	31.8260789	31.825762	31.8086256	
1.250499	31.8647329	31.8697121	31.8734596	31.8609855	
1.260752	31.913339	31.9046187	31.9220657	31.9046187	
1.271252	31.963805	31.9569786	31.9725316	31.948252	
1.281332	32.0128204	32.0006118	32.021547	32.0006118	
1.291525	32.063037	32.0442451	32.0717636	32.0442451	
1.301643	32.1134761	32.0966049	32.1222028	32.0966049	
1.311826	32.1648786	32.1489648	32.1736053	32.1489648	
1.322	32.2168514	32.2013247	32.2255781	32.2013247	
1.33216	32.2693664	32.2536846	32.278093	32.2536846	
1.350409	32.3661639	32.3496777	32.3748906	32.3496777	
1.355047	32.390694	32.3758576	32.3994206	32.3758576	
1.365268	32.445551	32.4282175	32.4542776	32.4282175	
1.375377	32.5004163	32.489304	32.5091429	32.4980307	
1.385558	32.5563297	32.5503905	32.5650564	32.5503905	
1.395698	32.6126174	32.6027504	32.621344	32.6114771	
1.405867	32.6696703	32.6725636	32.678397	32.6725636	
1.416023	32.7272628	32.7249235	32.7359894	32.7423768	
1.426184	32.7857126	32.78601	32.7944392	32.8034633	
1.436388	32.8446681	32.8470965	32.8533948	32.8645498	
1.446542	32.9044767	32.9169097	32.9132034	32.934363	
1.456686	32.9641481	32.9867229	32.9728747	32.9954495	
1.466857	33.0249274	33.0478094	33.0336541	33.056536	
1.47705	33.086511	33.1088959	33.0952377	33.1263492	
1.48718	33.1482852	33.1787091	33.1570119	33.1874357	
1.497339	33.2108562	33.2397956	33.2195828	33.2485223	
1.507552	33.2744186	33.3096088	33.2831452	33.3183354	
1.517663	33.3379443	33.3794219	33.3466709	33.3794219	
1.527849	33.4025404	33.4405085	33.411267	33.4405085	
1.538043	33.4678366	33.5103216	33.4765632	33.5103216	
1.548175	33.5333498	33.5801348	33.5420765	33.5714082	
1.566427	33.653785	33.7023079	33.6625117	33.6848546	
1.571269	33.6856842	33.7372144	33.6944109	33.7197611	
1.581426	33.7533729	33.798301	33.7620996	33.7808477	
1.591574	33.8216464	33.8593875	33.830373	33.8419342	
1.601739	33.8906069	33.9292007	33.8993335	33.9030207	
1.611893	33.9601591	33.9990138	33.9688857	33.9728339	
1.62206	34.0303863	34.0601004	34.039113	34.0339204	
1.63223	34.1012759	34.1211869	34.1100025	34.1037336	
1.642435	34.1730639	34.191	34.1817905	34.1735468	
1.652561	34.2448452	34.2520866	34.2535719	34.2433599	
1.66271	34.3174369	34.3131731	34.3261635	34.3131731	
1.672867	34.3906976	34.3829863	34.3994243	34.3829863	
1.683043	34.464732	34.4527994	34.4734586	34.4527994	
1.693212	34.5393358	34.5226126	34.5480624	34.5226126	
1.703365	34.6144254	34.5836991	34.623152	34.5924258	
1.713504	34.6900352	34.6622389	34.6987618	34.6622389	
1.72371	34.7667869	34.7320521	34.7755135	34.7407788	
1.73383	34.8434887	34.8018653	34.8522154	34.8193186	
1.744019	34.9213463	34.8716785	34.930073	34.8891317	
1.75417	34.9994918	34.9502183	35.0082185	34.9763982	
1.764318	35.0782708	35.0287581	35.0869974	35.0462114	
1.774558	35.158388	35.1160246	35.1671147	35.1334778	
1.784682	35.2382172	35.1945644	35.2469438	35.2120177	
1.794868	35.3191355	35.2731042	35.3278622	35.2905575	
1.805078	35.4009191	35.3603706	35.4096458	35.3865506	
1.815177	35.4823578	35.4476371	35.4910844	35.4650904	
1.82534	35.5649914	35.5349036	35.5737181	35.5610835	
1.835566	35.6487338	35.62217	35.6574604	35.64835	
1.845678	35.7321524	35.7094365	35.7408791	35.7443431	
1.855828	35.8165121	35.796703	35.8252388	35.8316095	
1.865995	35.9016339	35.8839694	35.9103605	35.918876	
1.876198	35.9876827	35.9712359	35.9964094	36.0148691	
1.886431	36.0746224	36.0585023	36.083349	36.1108622	
1.896529	36.1615678	36.1457688	36.1702944	36.1981287	
1.906779	36.2493505	36.2330353	36.2580771	36.2853951	
1.924962	36.4084646	36.3290284	36.4171912	36.3726616	
1.929599	36.4489536	36.4424748	36.4576803	36.486108	
1.939959	36.5403215	36.5384679	36.5490482	36.5733745	
1.949944	36.6288988	36.6257344	36.6376254	36.6606409	
1.96012	36.71987	36.7217275	36.7285967	36.756634	
1.970327	36.8117174	36.8264472	36.8204441	36.8439005	
1.980439	36.9033206	36.9137137	36.9120473	36.931167	
1.990698	36.9968546	37.0097068	37.0055813	37.0271601	
2.000844	37.0900181	37.1056999	37.0987447	37.1144265	
2.011024	37.1841073	37.201693	37.1928339	37.2104197	
2.021209	37.2788653	37.2976861	37.2875919	37.2976861	
2.031328	37.3736216	37.3849526	37.3823482	37.3849526	
2.041477	37.4692777	37.4809457	37.4780044	37.4809457	
2.051682	37.5661074	37.5769388	37.5748341	37.5769388	
2.061829	37.6629646	37.6642053	37.6716912	37.6642053	
2.072003	37.7607497	37.7601984	37.7694763	37.7601984	
2.082172	37.8590391	37.8561915	37.8677657	37.8561915	
2.09233	37.9578895	37.9434579	37.9666161	37.9434579	
2.110567	38.1378091	38.1179909	38.1465357	38.1179909	
2.115218	38.1835971	38.1703507	38.1923237	38.1616241	
2.125432	38.285033	38.2663438	38.2937597	38.2576172	
2.13558	38.3863793	38.3710636	38.395106	38.362337	
2.145744	38.4885663	38.4670567	38.497293	38.4670567	
2.155876	38.5910062	38.5717765	38.5997328	38.5717765	
2.166079	38.6948112	38.6764962	38.7035378	38.6764962	
2.176229	38.7986627	38.781216	38.8073893	38.781216	
2.186488	38.9043162	38.8946624	38.9130428	38.8859357	
2.196665	39.0096925	38.9993821	39.0184191	38.9993821	
2.206763	39.1149018	39.1128285	39.1236285	39.1128285	
2.216969	39.2217907	39.2175483	39.2305174	39.2262749	
2.227112	39.3287193	39.3397213	39.3374459	39.3397213	
2.237303	39.4367359	39.4444411	39.4454626	39.4444411	
2.247448	39.5449025	39.5578875	39.5536291	39.5578875	
2.257614	39.6538921	39.6713339	39.6626188	39.6713339	
2.267844	39.7642304	39.7935069	39.772957	39.7935069	
2.278011	39.8744968	39.8982267	39.8832235	39.8982267	
2.288123	39.9847568	40.0203997	39.9934835	40.0203997	
2.298325	40.0966254	40.1425728	40.1053521	40.1338461	
2.308436	40.2081065	40.2560192	40.2168332	40.2472926	
2.318678	40.3217102	40.3694656	40.3304368	40.360739	
2.328794	40.4344823	40.4916386	40.4432089	40.482912	
2.338945	40.5482637	40.605085	40.5569904	40.5963584	
2.357162	40.7549198	40.7272581	40.7636465	40.7098048	
2.361813	40.8076076	40.8668844	40.8163342	40.8581578	
2.372004	40.9239519	40.9803308	40.9326785	40.9803308	
2.382159	41.0403768	41.1025039	41.0491034	41.0937772	
2.39231	41.157385	41.2246769	41.1661117	41.2159503	
2.402484	41.2753267	41.3293967	41.2840533	41.3293967	
2.412646	41.393772	41.4515697	41.4024987	41.4428431	
2.422802	41.5126839	41.5650161	41.5214105	41.5650161	
2.432951	41.6321666	41.6697359	41.6408933	41.6784625	
2.443134	41.7527444	41.7831823	41.761471	41.7919089	
2.453321	41.8739089	41.887902	41.8826356	41.9053553	
2.463452	41.9950332	41.9926218	42.0037598	42.0275284	
2.473639	42.1174997	42.0973416	42.1262264	42.1322481	
2.483848	42.2399477	42.210788	42.2486744	42.2544212	
2.493967	42.3613997	42.3242344	42.3701264	42.3765942	
2.504131	42.4833437	42.4289541	42.4920704	42.4900406	
2.514279	42.6056357	42.5424005	42.6143624	42.6122137	
2.524451	42.7271957	42.6558469	42.7359224	42.7256601	
2.534656	42.8496797	42.7692933	42.8584064	42.8478331	
2.544793	42.9713357	42.8914664	42.9800624	42.9700062	
2.554955	43.0932557	43.0049128	43.1019824	43.0834526	
2.565164	43.2157757	43.1270858	43.2245024	43.2056256	
2.575268	43.3370477	43.2492589	43.3457744	43.319072	
2.585478	43.4595197	43.3714319	43.4682464	43.4412451	
2.595638	43.5814397	43.493605	43.5901664	43.5634181	
2.605777	43.7031317	43.6245047	43.7118584	43.6855912	
2.615944	43.8251117	43.7466777	43.8338384	43.8077642	
2.626211	43.9483397	43.8775774	43.9570664	43.9299373	
2.636271	44.0690357	44.0172037	44.0777624	44.060837	
2.6465	44.1917957	44.1481034	44.2005224	44.1917367	
2.656666	44.3138117	44.2790031	44.3225384	44.3139097	
2.666792	44.4353357	44.4186295	44.4440624	44.4360828	
2.677005	44.5578437	44.5495292	44.5665704	44.5757091	
2.687099	44.6790077	44.6891555	44.6877344	44.7066088	
2.697237	44.8006277	44.8287818	44.8093544	44.8375085	
2.707401	44.9226317	44.9596815	44.9313584	44.9596815	
2.71756	45.0445637	45.1080345	45.0532904	45.0993079	
2.727798	45.1674077	45.2389342	45.1761344	45.2214809	
2.737881	45.2883677	45.3785606	45.2970944	45.343654	
2.748047	45.4104197	45.5181869	45.4191464	45.4832803	
2.758217	45.5323997	45.6578132	45.5411264	45.6054534	
2.768386	45.6544397	45.7799863	45.6631664	45.7276264	
2.778546	45.7763837	45.910886	45.7851104	45.8585261	
2.788716	45.8984357	46.0417857	45.9071624	45.9719725	
2.79888	46.0203557	46.1639587	46.0290824	46.1028722	
2.809018	46.1420117	46.2861318	46.1507384	46.2163186	
2.819265	46.2649757	46.4083048	46.2737024	46.3384916	
2.829384	46.3864157	46.5304779	46.3951424	46.451938	
2.83953	46.5081437	46.6351976	46.5168704	46.5653844	
2.849648	46.6295717	46.748644	46.6382984	46.6788308	
2.859888	46.7524397	46.8620904	46.7611664	46.7922772	
2.870025	46.8741317	46.9668102	46.8828584	46.9057236	
2.880149	46.9955717	47.0715299	47.0042984	47.01917	
2.890301	47.1178877	47.1849763	47.1266144	47.1238898	
2.900509	47.2399277	47.2896961	47.2486544	47.2286096	
2.918873	47.4602717	47.4729557	47.4689984	47.4293224	
2.923566	47.5166117	47.5253155	47.5253384	47.4729557	
2.933684	47.6380517	47.6300353	47.6467784	47.5776754	
2.943889	47.7604757	47.7260284	47.7692024	47.6911218	
2.954042	47.8822877	47.8307482	47.8910144	47.8045682	
2.964234	48.0045917	47.9354679	48.0133184	47.9180146	
2.974348	48.125075	48.0401877	48.1338017	48.031461	
2.984513	48.2454736	48.1449074	48.2542003	48.1536341	
2.994677	48.3652882	48.2583538	48.3740148	48.2758071	
3.004903	48.4851696	48.3630736	48.4938962	48.3979802	
3.015016	48.6031628	48.4852466	48.6118894	48.5201532	
3.0252	48.7213485	48.5899664	48.7300752	48.6510529	
3.035355	48.838546	48.7121394	48.8472726	48.7819526	
3.045517	48.9552508	48.8343125	48.9639774	48.9041256	
3.055685	49.071359	48.9477589	49.0800857	49.043752	
3.065848	49.186814	49.0699319	49.1955407	49.165925	
3.076051	49.3021207	49.192105	49.3108474	49.2968247	
3.086176	49.4158892	49.3230047	49.4246159	49.4277244	
3.096358	49.5296867	49.4451777	49.5384133	49.5586241	
3.106639	49.6439874	49.5760774	49.6527141	49.6807972	
3.116993	49.7592657	49.7069771	49.7679924	49.8116969	
3.126909	49.8674603	49.8378768	49.8761869	49.9425965	
3.137061	49.9784693	49.9687765	49.9871959	50.0647696	
3.147203	50.0887529	50.0996762	50.0974795	50.1956693	
3.157424	50.1992349	50.2305759	50.2079616	50.3091157	
3.167537	50.3079829	50.3614756	50.3167095	50.4400154	
3.17776	50.4172414	50.4836486	50.4259681	50.5534618	
3.189149	50.5399667	50.6145483	50.5486933	50.6669082	
3.198051	50.6322757	50.7367214	50.6410023	50.7803546	
3.20841	50.741114	50.8588944	50.7498407	50.8850743	
3.218411	50.8455927	50.9723408	50.8543194	50.9897941	
3.228561	50.950986	51.0945139	50.9597126	51.0945139	
3.238729	51.0559776	51.1992336	51.0647042	51.190507	
3.248876	51.1601161	51.31268	51.1688427	51.2865001	
3.259008	51.2634867	51.4173998	51.2722133	51.3824932	
3.269295	51.3678208	51.5133929	51.3765474	51.4697596	
3.279367	51.4693736	51.609386	51.4781003	51.5570261	
3.289573	51.5716299	51.7053791	51.5803566	51.6355659	
3.299699	51.6725031	51.8013722	51.6812298	51.7228324	
3.309825	51.772733	51.8886387	51.7814597	51.8013722	
3.320015	51.8729928	51.9759051	51.8817195	51.8886387	
3.33018	51.9723503	52.0544449	51.981077	51.9671785	
3.340338	52.0710996	52.1329848	52.0798263	52.0457183	
3.350629	52.170436	52.2115246	52.1791626	52.1242581	
3.360717	52.2672386	52.2900644	52.2759652	52.2027979	
3.370943	52.3647071	52.3598776	52.3734337	52.2813377	
3.381172	52.4615973	52.4296907	52.4703239	52.3598776	
3.39126	52.5565289	52.5082305	52.5652556	52.447144	
3.40142	52.6515561	52.5867704	52.6602827	52.5344105	
3.411621	52.7463429	52.6653102	52.7550695	52.6216769	
3.421765	52.8399773	52.74385	52.8487039	52.7089434	
3.431912	52.9329691	52.8311165	52.9416957	52.8049365	
3.442059	53.0254092	52.9183829	53.0341358	52.9009296	
3.452318	53.1182007	53.0056494	53.1269274	52.9969227	
3.46247	53.209483	53.0929158	53.2182096	53.1016425	
3.472601	53.2998924	53.1976356	53.308619	53.2063622	
3.482799	53.3902853	53.2936287	53.3990119	53.311082	
3.492997	53.4800656	53.3896218	53.4887922	53.4245284	
3.503114	53.5685237	53.4943416	53.5772504	53.5292482	
3.513263	53.6566282	53.5990613	53.6653548	53.6426946	
3.523444	53.7444247	53.6950544	53.7531513	53.756141	
3.533587	53.8312461	53.7997742	53.8399727	53.8608607	
3.543757	53.9177224	53.9044939	53.9264491	53.9655805	
3.553937	54.0036225	54.0092137	54.0123491	54.0703002	
3.564093	54.0887217	54.1052068	54.0974483	54.1837466	
3.574258	54.1732955	54.2099266	54.1820222	54.2884664	
3.584409	54.2571053	54.3146463	54.265832	54.3931861	
3.594614	54.3407785	54.4193661	54.3495052	54.4891792	
3.604755	54.4232827	54.5066325	54.4320093	54.593899	
3.614921	54.5053569	54.593899	54.5140836	54.6811655	
3.625202	54.5877735	54.6898921	54.5965002	54.7684319	
3.635268	54.6678451	54.7684319	54.6765717	54.8556984	
3.64546	54.7482797	54.8556984	54.7570064	54.9342382	
3.655591	54.8276228	54.9429649	54.8363494	55.0040514	
3.665733	54.9064691	55.012778	54.9151957	55.0738645	
3.675946	54.9852276	55.0825912	54.9939542	55.1436777	
3.686087	55.0628198	55.1524044	55.0715464	55.1960376	
3.696244	55.1399189	55.2134909	55.1486455	55.2571241	
3.706439	55.2167005	55.2745774	55.2254271	55.309484	
3.716641	55.2929066	55.3269373	55.3016332	55.3618439	
3.726763	55.3678849	55.3880238	55.3766116	55.4142038	
3.736898	55.4423836	55.431657	55.4511102	55.4665636	
3.747082	55.5165865	55.4927436	55.5253132	55.5101969	
3.757287	55.5903217	55.5363768	55.5990484	55.5625567	
3.767389	55.6627575	55.5974633	55.6714842	55.60619	
3.777558	55.7349989	55.6410966	55.7437256	55.6585498	
3.787834	55.8073829	55.6934564	55.8161095	55.7109097	
3.797879	55.8775664	55.7458163	55.8862931	55.754543	
3.808053	55.9480034	55.7981762	55.9567301	55.8156295	
3.818222	56.0177975	55.8505361	56.0265241	55.8679894	
3.828366	56.0868352	55.9203492	56.0955619	55.9203492	
3.846657	56.2088553	56.025069	56.217582	56.0337956	
3.851324	56.2400271	56.0599756	56.2487538	56.0599756	
3.861512	56.307347	56.1297887	56.3160736	56.1297887	
3.87164	56.3736556	56.1996019	56.3823822	56.1996019	
3.881838	56.43977	56.2781417	56.4484966	56.2781417	
3.892019	56.5052033	56.3654082	56.51393	56.3654082	
3.902134	56.5695623	56.443948	56.578289	56.443948	
3.91231	56.633724	56.5312145	56.6424506	56.5312145	
3.922491	56.6973011	56.6184809	56.7060278	56.6184809	
3.932628	56.7600005	56.7057474	56.7687271	56.7057474	
3.942863	56.8226565	56.7930139	56.8313831	56.8017405	
3.953038	56.8843443	56.8977336	56.893071	56.889007	
3.96318	56.9452107	56.9850001	56.9539374	56.9762734	
3.973378	57.005818	57.0722665	57.0145446	57.0722665	
3.983499	57.0653388	57.1682596	57.0740655	57.159533	
3.993673	57.1245904	57.2467995	57.133317	57.2380728	
4.003861	57.1832558	57.3340659	57.1919825	57.3166126	
4.014017	57.2411942	57.4213324	57.2499208	57.3951525	
4.024161	57.298387	57.4911456	57.3071136	57.4736923	
4.034314	57.3550418	57.5609587	57.3637685	57.5435054	
4.044714	57.412443	57.6307719	57.4211696	57.604592	
4.054745	57.4672117	57.6918584	57.4759384	57.6656785	
4.064857	57.5218041	57.7442183	57.5305307	57.7180384	
4.075025	57.5761114	57.7965782	57.584838	57.7703982	
4.08525	57.6300761	57.8402114	57.6388027	57.8053048	
4.095363	57.6828581	57.875118	57.6915848	57.8402114	
4.105505	57.7351769	57.9100246	57.7439036	57.875118	
4.115752	57.7874233	57.9274779	57.79615	57.9100246	
4.135974	57.8875281	57.9798378	57.8962548	57.9449312	
4.148848	57.9505342	57.9885644	57.9592609	57.9711111	
4.153518	57.9733386	57.997291	57.9820653	57.9798378	
4.163759	58.0226592	58.0147443	58.0313859	57.9885644	
4.173859	58.0706935	58.023471	58.0794201	58.0060177	
4.184012	58.1183606	58.0321976	58.1270872	58.0147443	
4.19417	58.1654562	58.0496509	58.1741829	58.0409243	
4.204405	58.2122707	58.0671042	58.2209973	58.0583776	
4.21456	58.2581316	58.0845575	58.2668583	58.0845575	
4.224671	58.3031927	58.1020108	58.3119193	58.1107374	
4.234879	58.3480388	58.1281907	58.3567655	58.145644	
4.245048	58.392149	58.1630973	58.4008757	58.1805506	
4.255201	58.4355412	58.2067306	58.4442678	58.2241838	
4.265354	58.4783563	58.2503638	58.487083	58.2678171	
4.275517	58.5205935	58.293997	58.5293202	58.3289036	
4.285684	58.5622598	58.3550835	58.5709864	58.3812635	
4.295872	58.6033655	58.4074434	58.6120922	58.4510766	
4.306022	58.643734	58.4685299	58.6524606	58.5121632	
4.316242	58.6837656	58.5383431	58.6924922	58.5819763	
4.326416	58.7230185	58.6081563	58.7317452	58.6517895	
4.336617	58.7617531	58.6866961	58.7704798	58.7303293	
4.346729	58.7995604	58.7565093	58.808287	58.8001425	
4.357292	58.838393	58.8350491	58.8471197	58.8699557	
4.36708	58.8738276	58.9135889	58.8825543	58.9484955	
4.377231	58.9099451	58.9921287	58.9186718	59.0183087	
4.387405	58.9455628	59.0619419	58.9542895	59.0793952	
4.397603	58.9806455	59.1317551	58.9893721	59.1492084	
4.407799	59.0151239	59.1928416	59.0238505	59.2015682	
4.417895	59.0486588	59.2539281	59.0573855	59.2626548	
4.428081	59.0819039	59.306288	59.0906306	59.306288	
4.438225	59.1143877	59.3586479	59.1231144	59.3586479	
4.448391	59.1463488	59.4022811	59.1550754	59.3935544	
4.458578	59.1778728	59.428461	59.1865995	59.4110077	
4.468727	59.2084925	59.454641	59.2172192	59.4371877	
4.478905	59.238678	59.4808209	59.2474046	59.4459143	
4.489126	59.2683972	59.4808209	59.2771238	59.4633676	
4.499305	59.2973855	59.4895476	59.3061122	59.4633676	
4.509792	59.326612	59.4895476	59.3353387	59.4633676	
4.519592	59.3533791	59.4808209	59.3621058	59.454641	
4.529711	59.3804232	59.4720943	59.3891499	59.4459143	
4.539919	59.4070845	59.454641	59.4158111	59.4459143	
4.550049	59.4329689	59.4459143	59.4416956	59.4459143	
4.560197	59.4582944	59.428461	59.4670211	59.4371877	
4.570396	59.483146	59.4110077	59.4918727	59.4371877	
4.580541	59.507275	59.4110077	59.5160017	59.4371877	
4.590855	59.5311959	59.4022811	59.5399225	59.4459143	
4.600899	59.55391	59.4022811	59.5626366	59.4459143	
4.611066	59.5763122	59.4022811	59.5850389	59.454641	
4.621296	59.5982476	59.4110077	59.6069743	59.4633676	
4.631392	59.6193205	59.428461	59.6280472	59.4808209	
4.641553	59.6399334	59.4459143	59.6486601	59.4982742	
4.651784	59.6600933	59.4808209	59.6688199	59.5157275	
4.661898	59.6794417	59.5157275	59.6881684	59.5419074	
4.672044	59.6982655	59.5506341	59.7069921	59.5680874	
4.682201	59.7165208	59.5855407	59.7252475	59.602994	
4.692385	59.7342438	59.6291739	59.7429704	59.6291739	
4.70256	59.7513632	59.6815338	59.7600898	59.6728071	
4.712705	59.7678592	59.725167	59.7765858	59.7077137	
4.722851	59.7837704	59.7600736	59.792497	59.7426203	
4.733054	59.7991844	59.8037068	59.8079111	59.7775269	
4.743179	59.81391	59.8473401	59.8226367	59.8124335	
4.75334	59.8281197	59.8822466	59.8368464	59.8473401	
4.763515	59.8417642	59.9171532	59.8504908	59.8822466	
4.773693	59.854848	59.9520598	59.8635746	59.9084266	
4.783866	59.8673486	59.9782397	59.8760753	59.9346065	
4.794017	59.8792561	60.0044197	59.8879827	59.9695131	
4.804198	59.8906335	60.0305996	59.8993602	59.995693	
4.814327	59.9013962	60.0393263	59.9101228	60.021873	
4.824495	59.9116407	60.0567796	59.9203674	60.0393263	
4.834698	59.9213577	60.0742329	59.9300844	60.0655062	
4.844824	59.9304557	60.0742329	59.9391824	60.0742329	
4.854997	59.9390495	60.0742329	59.9477762	60.0916861	
4.865155	59.9470819	60.0742329	59.9558086	60.0916861	
4.875331	59.9545924	60.0655062	59.9633191	60.0916861	
4.885571	59.9616057	60.0567796	59.9703323	60.0916861	
4.895652	59.9679941	60.0393263	59.9767207	60.0742329	
4.905826	59.9739195	60.021873	59.9826461	60.0655062	
4.915994	59.9793309	60.0044197	59.9880576	60.0480529	
4.926189	59.9842454	59.9782397	59.992972	60.0305996	
4.936328	59.9886453	59.9607865	59.997372	60.0044197	
4.946502	59.9926202	59.9433332	60.0013469	59.9869664	
4.95667	59.9960396	59.9258799	60.0047662	59.9695131	
4.966866	59.9990564	59.9171532	60.0077831	59.9520598	
4.977015	60.0016289	59.9084266	60.0103556	59.9346065	
4.987183	60.0037963	59.9084266	60.0125229	59.9258799	
4.997367	60.0055823	59.9084266	60.014309	59.9171532	
5.00751	60.0109365	59.9084266	60.0196631	59.9171532	
5.017729	60.0109365	59.9171532	60.0196631	59.9171532	
5.027883	60.0109365	59.9171532	60.0196631	59.9258799	
5.038037	60.0109365	59.9258799	60.0196631	59.9346065	
5.048349	60.0109365	59.9346065	60.0196631	59.9346065	
5.058333	60.0109365	59.9433332	60.0196631	59.9433332	
5.068514	60.0109365	59.9607865	60.0196631	59.9607865	
5.086792	60.0109365	59.9782397	60.0196631	59.9695131	
5.091453	60.0109365	59.9869664	60.0196631	59.9782397	
5.101635	60.0109365	60.0044197	60.0196631	59.995693	
5.111783	60.0109365	60.0131463	60.0196631	60.0044197	
5.121901	60.0109365	60.021873	60.0196631	60.021873	
5.132077	60.0109365	60.0393263	60.0196631	60.0305996	
5.142124	60.0109365	60.0393263	60.0196631	60.0393263	
5.152259	60.0109365	60.0480529	60.0196631	60.0393263	
5.162392	60.0109365	60.0480529	60.0196631	60.0480529	
5.172589	60.0109365	60.0480529	60.0196631	60.0567796	
5.182768	60.0109365	60.0393263	60.0196631	60.0567796	
5.193029	60.0109365	60.0393263	60.0196631	60.0567796	
5.227538	60.0109365	60.021873	60.0196631	60.0393263	
5.237757	60.0109365	60.0131463	60.0196631	60.0393263	
5.247828	60.0109365	60.0044197	60.0196631	60.0305996	
5.25797	60.0109365	59.995693	60.0196631	60.0305996	
5.268191	60.0109365	59.995693	60.0196631	60.021873	
5.278259	60.0109365	59.9869664	60.0196631	60.021873	
5.2884	60.0109365	59.9782397	60.0196631	60.0131463	
5.306647	60.0109365	59.9782397	60.0196631	60.0044197	
5.311258	60.0109365	59.9869664	60.0196631	60.0044197	
5.321414	60.0109365	59.9869664	60.0196631	60.0044197	
5.331617	60.0109365	59.9869664	60.0196631	60.0044197	
5.341727	60.0109365	59.995693	60.0196631	60.0044197	
5.351886	60.0109365	59.995693	60.0196631	60.0044197	
5.362021	60.0109365	60.0044197	60.0196631	60.0131463	
5.372212	60.0109365	60.0044197	60.0196631	60.0131463	
5.382367	60.0109365	60.0044197	60.0196631	60.0131463	
5.392518	60.0109365	60.0131463	60.0196631	60.0131463	
5.402732	60.0109365	60.0131463	60.0196631	60.0131463	
5.412804	60.0109365	60.0131463	60.0196631	60.0131463	
5.422985	60.0109365	60.0131463	60.0196631	60.0131463	
5.433149	60.0109365	60.0131463	60.0196631	60.0131463	
5.443309	60.0109365	60.0131463	60.0196631	60.0131463	
5.453506	60.0109365	60.0131463	60.0196631	60.0131463	
5.463621	60.0109365	60.0044197	60.0196631	60.0131463	
5.473767	60.0109365	60.0044197	60.0196631	60.0131463	
5.483983	60.0109365	60.0044197	60.0196631	60.0131463	
5.494096	60.0109365	60.0044197	60.0196631	60.0131463	
5.512252	60.0109365	60.0044197	60.0196631	60.0131463	
5.516836	60.0109365	60.0044197	60.0196631	60.0131463	
5.526979	60.0109365	60.0044197	60.0196631	60.0131463	
5.537119	60.0109365	60.0044197	60.0196631	60.0131463	
5.54742	60.0109365	60.0044197	60.0196631	60.0131463	
5.557486	60.0109365	60.0044197	60.0196631	60.0131463	
5.567508	60.0109365	60.0044197	60.0196631	60.0131463	
5.577763	60.0109365	60.0044197	60.0196631	60.0131463	
5.587883	60.0109365	60.0044197	60.0196631	60.0131463	
5.597996	60.0109365	60.0044197	60.0196631	60.0131463	
5.608308	60.0109365	60.0044197	60.0196631	60.0131463	
5.618294	60.0109365	60.0044197	60.0196631	60.0131463	
5.628577	60.0109365	60.0044197	60.0196631	60.0131463	
5.638604	60.0109365	60.0044197	60.0196631	60.0131463	
5.648732	60.0109365	60.0044197	60.0196631	60.0131463	
5.658859	60.0109365	60.0044197	60.0196631	60.0131463	
5.669101	60.0109365	60.0044197	60.0196631	60.0131463	
5.679235	60.0109365	60.0044197	60.0196631	60.0131463	
5.689331	60.0109365	60.0044197	60.0196631	60.0131463	
5.699468	60.0109365	60.0044197	60.0196631	60.0131463	
5.709634	60.0109365	60.0044197	60.0196631	60.0131463	
5.719772	60.0109365	60.0044197	60.0196631	60.0131463	
5.729917	60.0109365	60.0044197	60.0196631	60.0131463	
5.740086	60.0109365	60.0044197	60.0196631	60.0131463	
5.750197	60.0109365	60.0044197	60.0196631	60.0131463	
5.760304	60.0109365	60.0044197	60.0196631	60.0131463	
5.770488	60.0109365	60.0044197	60.0196631	60.0131463	
5.788516	60.0109365	60.0044197	60.0196631	60.0131463	
5.793072	60.0109365	60.0044197	60.0196631	60.0131463	
5.803237	60.0109365	60.0044197	60.0196631	60.0131463	
5.813415	60.0109365	60.0044197	60.0196631	60.0131463	
5.823533	60.0109365	60.0044197	60.0196631	60.0131463	
5.833679	60.0109365	60.0044197	60.0196631	60.0131463	
5.843888	60.0109365	60.0044197	60.0196631	60.0131463	
5.854019	60.0109365	60.0044197	60.0196631	60.0131463	
5.864114	60.0109365	60.0044197	60.0196631	60.0131463	
5.874309	60.0109365	60.0044197	60.0196631	60.0131463	
5.884483	60.0109365	60.0044197	60.0196631	60.0131463	
5.894696	60.0109365	60.0044197	60.0196631	60.0131463	
5.904751	60.0109365	60.0044197	60.0196631	60.0131463	
5.914899	60.0109365	60.0044197	60.0196631	60.0131463	
5.925132	60.0109365	60.0044197	60.0196631	60.0131463	
5.935213	60.0109365	60.0044197	60.0196631	60.0131463	
5.945373	60.0109365	60.0044197	60.0196631	60.0131463	
5.955521	60.0109365	60.0044197	60.0196631	60.0131463	
5.965639	60.0109365	60.0044197	60.0196631	60.0131463	
5.97583	60.0109365	60.0044197	60.0196631	60.0131463	
5.985977	60.0109365	60.0044197	60.0196631	60.0131463	
5.996154	60.0109365	60.0044197	60.0196631	60.0131463	
6.006318	60.0109365	60.0044197	60.0196631	60.0131463	
6.016459	60.0109365	60.0044197	60.0196631	60.0131463	
6.026668	60.0109365	60.0044197	60.0196631	60.0131463	
6.036781	60.0109365	60.0044197	60.0196631	60.0131463	
6.046964	60.0109365	60.0044197	60.0196631	60.0131463	
6.057111	60.0109365	60.0044197	60.0196631	60.0131463	
6.067229	60.0109365	60.0044197	60.0196631	60.0131463	
6.077429	60.0109365	60.0044197	60.0196631	60.0131463	
6.087537	60.0109365	60.0044197	60.0196631	60.0131463	
6.097733	60.0109365	60.0044197	60.0196631	60.0131463	
6.107894	60.0109365	60.0044197	60.0196631	60.0131463	
6.11798	60.0109365	60.0044197	60.0196631	60.0131463	
6.130353	60.0109365	60.0044197	60.0196631	60.0131463	
6.138275	60.0109365	60.0044197	60.0196631	60.0131463	
6.148408	60.0109365	60.0044197	60.0196631	60.0131463	
6.158562	60.0109365	60.0044197	60.0196631	60.0131463	
6.16872	60.0109365	60.0044197	60.0196631	60.0131463	
6.178865	60.0109365	60.0044197	60.0196631	60.0131463	
6.189137	60.0109365	60.0044197	60.0196631	60.0131463	
6.199213	60.0109365	60.0044197	60.0196631	60.0131463	
6.2093	60.0109365	60.0044197	60.0196631	60.0131463	
6.219464	60.0109365	60.0044197	60.0196631	60.0131463	
6.229644	60.0109365	60.0044197	60.0196631	60.0131463	
6.239808	60.0109365	60.0044197	60.0196631	60.0131463	
6.24993	60.0109365	60.0044197	60.0196631	60.0131463	
6.260064	60.0109365	60.0044197	60.0196631	60.0131463	
6.270182	60.0109365	60.0044197	60.0196631	60.0131463	
6.280374	60.0109365	60.0044197	60.0196631	60.0131463	
6.290506	60.0109365	60.0044197	60.0196631	60.0131463	
6.300712	60.0109365	60.0044197	60.0196631	60.0131463	
6.310905	60.0109365	60.0044197	60.0196631	60.0131463	
6.320963	60.0109365	60.0044197	60.0196631	60.0131463	
6.331229	60.0109365	60.0044197	60.0196631	60.0131463	
6.341437	60.0109365	60.0044197	60.0196631	60.0131463	
6.351522	60.0109365	60.0044197	60.0196631	60.0131463	
6.361648	60.0109365	60.0044197	60.0196631	60.0131463	
6.371902	60.0109365	60.0044197	60.0196631	60.0131463	
6.382003	60.0109365	60.0044197	60.0196631	60.0131463	
6.392133	60.0109365	60.0044197	60.0196631	60.0131463	
6.402295	60.0109365	60.0044197	60.0196631	60.0131463	
6.412419	60.0109365	60.0044197	60.0196631	60.0131463	
6.422603	60.0109365	60.0044197	60.0196631	60.0131463	
6.432746	60.0109365	60.0044197	60.0196631	60.0131463	
6.442913	60.0109365	60.0044197	60.0196631	60.0131463	
6.453136	60.0109365	60.0044197	60.0196631	60.0131463	
6.463234	60.0109365	60.0044197	60.0196631	60.0131463	
6.473374	60.0109365	60.0044197	60.0196631	60.0131463	
6.483556	60.0109365	60.0044197	60.0196631	60.0131463	
6.493726	60.0109365	60.0044197	60.0196631	60.0131463	
6.503858	60.0109365	60.0044197	60.0196631	60.0131463	
6.514	60.0109365	60.0044197	60.0196631	60.0131463	
6.524196	60.0109365	60.0044197	60.0196631	60.0131463	
6.534336	60.0109365	60.0044197	60.0196631	60.0131463	
6.544464	60.0109365	60.0044197	60.0196631	60.0131463	
6.554643	60.0109365	60.0044197	60.0196631	60.0131463	
6.564763	60.0109365	60.0044197	60.0196631	60.0131463	
6.574968	60.0109365	60.0044197	60.0196631	60.0131463	
6.585085	60.0109365	60.0044197	60.0196631	60.0131463	
6.595265	60.0109365	60.0044197	60.0196631	60.0131463	
6.605467	60.0109365	60.0044197	60.0196631	60.0131463	
6.615537	60.0109365	60.0044197	60.0196631	60.0131463	
6.625711	60.0109365	60.0044197	60.0196631	60.0131463	
6.635955	60.0109365	60.0044197	60.0196631	60.0131463	
6.646046	60.0109365	60.0044197	60.0196631	60.0131463	
6.65622	60.0109365	60.0044197	60.0196631	60.0131463	
6.666351	60.0109365	60.0044197	60.0196631	60.0131463	
6.676599	60.0109365	60.0044197	60.0196631	60.0131463	
6.694664	60.0109365	60.0044197	60.0196631	60.0131463	
6.699264	60.0109365	60.0044197	60.0196631	60.0131463	
6.709448	60.0109365	60.0044197	60.0196631	60.0131463	
6.719517	60.0109365	60.0044197	60.0196631	60.0131463	
6.729667	60.0109365	60.0044197	60.0196631	60.0131463	
6.739858	60.0109365	60.0044197	60.0196631	60.0131463	
6.749952	60.0109365	60.0044197	60.0196631	60.0131463	
6.76008	60.0109365	60.0044197	60.0196631	60.0131463	
6.770232	60.0109365	60.0044197	60.0196631	60.0131463	
6.780385	60.0109365	60.0044197	60.0196631	60.0131463	
6.79061	60.0109365	60.0044197	60.0196631	60.0131463	
6.80074	60.0109365	60.0044197	60.0196631	60.0131463	
6.8109	60.0109365	60.0044197	60.0196631	60.0131463	
6.821041	60.0109365	60.0044197	60.0196631	60.0131463	
6.831273	60.0109365	60.0044197	60.0196631	60.0131463	
6.841428	60.0109365	60.0044197	60.0196631	60.0131463	
6.851588	60.0109365	60.0044197	60.0196631	60.0131463	
6.86177	60.0109365	60.0044197	60.0196631	60.0131463	
6.871914	60.0109365	60.0044197	60.0196631	60.0131463	
6.882065	60.0109365	60.0044197	60.0196631	60.0131463	
6.89224	60.0109365	60.0044197	60.0196631	60.0131463	
6.902348	60.0109365	60.0044197	60.0196631	60.0131463	
6.91248	60.0109365	60.0044197	60.0196631	60.0131463	
6.922659	60.0109365	60.0044197	60.0196631	60.0131463	
6.932824	60.0109365	60.0044197	60.0196631	60.0131463	
6.943011	60.0109365	60.0044197	60.0196631	60.0131463	
6.953174	60.0109365	60.0044197	60.0196631	60.0131463	
6.963273	60.0109365	60.0044197	60.0196631	60.0131463	
6.973508	60.0109365	60.0044197	60.0196631	60.0131463	
6.983615	60.0109365	60.0044197	60.0196631	60.0131463	
6.993756	60.0109365	60.0044197	60.0196631	60.0131463	
7.003979	60.0109365	60.0044197	60.0196631	60.0131463	
7.014086	60.0109365	60.0044197	60.0196631	60.0131463	
7.024224	60.0109365	60.0044197	60.0196631	60.0131463	
7.034374	60.0109365	60.0044197	60.0196631	60.0131463	
7.044543	60.0109365	60.0044197	60.0196631	60.0131463	
7.05473	60.0109365	60.0044197	60.0196631	60.0131463	
7.064841	60.0109365	60.0044197	60.0196631	60.0131463	
7.075002	60.0109365	60.0044197	60.0196631	60.0131463	
7.085213	60.0109365	60.0044197	60.0196631	60.0131463	
7.095304	60.0109365	60.0044197	60.0196631	60.0131463	
7.105465	60.0109365	60.0044197	60.0196631	60.0131463	
7.11559	60.0109365	60.0044197	60.0196631	60.0131463	
7.125767	60.0109365	60.0044197	60.0196631	60.0131463	
7.135943	60.0109365	60.0044197	60.0196631	60.0131463	
7.146073	60.0109365	60.0044197	60.0196631	60.0131463	
7.156221	60.0109365	60.0044197	60.0196631	60.0131463	
7.166342	60.0109365	60.0044197	60.0196631	60.0131463	
7.176601	60.0109365	60.0044197	60.0196631	60.0131463	
7.186967	60.0109365	60.0044197	60.0196631	60.0131463	
7.196854	60.0109365	60.0044197	60.0196631	60.0131463	
7.207008	60.0109365	60.0044197	60.0196631	60.0131463	
7.217128	60.0109365	60.0044197	60.0196631	60.0131463	
7.227319	60.0109365	60.0044197	60.0196631	60.0131463	
7.237507	60.0109365	60.0044197	60.0196631	60.0131463	
7.247586	60.0109365	60.0044197	60.0196631	60.0131463	
7.25778	60.0109365	60.0044197	60.0196631	60.0131463	
7.268246	60.0109365	60.0044197	60.0196631	60.0131463	
7.278068	60.0109365	60.0044197	60.0196631	60.0131463	
7.288191	60.0109365	60.0044197	60.0196631	60.0131463	
7.298349	60.0109365	60.0044197	60.0196631	60.0131463	
7.308497	60.0109365	60.0044197	60.0196631	60.0131463	
7.318626	60.0109365	60.0044197	60.0196631	60.0131463	
7.328778	60.0109365	60.0044197	60.0196631	60.0131463	
7.338931	60.0109365	60.0044197	60.0196631	60.0131463	
7.349148	60.0109365	60.0044197	60.0196631	60.0131463	
7.35925	60.0109365	60.0044197	60.0196631	60.0131463	
7.369361	60.0109365	60.0044197	60.0196631	60.0131463	
7.379483	60.0109365	60.0044197	60.0196631	60.0131463	
7.389719	60.0109365	60.0044197	60.0196631	60.0131463	
7.399821	60.0109365	60.0044197	60.0196631	60.0131463	
7.409911	60.0109365	60.0044197	60.0196631	60.0131463	
7.420133	60.0109365	60.0044197	60.0196631	60.0131463	
7.430246	60.0109365	60.0044197	60.0196631	60.0131463	
7.440371	60.0109365	60.0044197	60.0196631	60.0131463	
7.450552	60.0109365	60.0044197	60.0196631	60.0131463	
7.460723	60.0109365	60.0044197	60.0196631	60.0131463	
7.470877	60.0109365	60.0044197	60.0196631	60.0131463	
7.480977	60.0109365	60.0044197	60.0196631	60.0131463	
7.491336	60.0109365	60.0044197	60.0196631	60.0131463	
7.501528	60.0109365	60.0044197	60.0196631	60.0131463	
7.511576	60.0109365	60.0044197	60.0196631	60.0131463	
7.521751	60.0109365	60.0044197	60.0196631	60.0131463	
7.531934	60.0109365	60.0044197	60.0196631	60.0131463	
7.542064	60.0109365	60.0044197	60.0196631	60.0131463	
7.552416	60.0109365	60.0044197	60.0196631	60.0131463	
7.562332	60.0109365	60.0044197	60.0196631	60.0131463	
7.572561	60.0109365	60.0044197	60.0196631	60.0131463	
7.58265	60.0109365	60.0044197	60.0196631	60.0131463	
7.592829	60.0109365	60.0044197	60.0196631	60.0131463	
7.602994	60.0109365	60.0044197	60.0196631	60.0131463	
7.613146	60.0109365	60.0044197	60.0196631	60.0131463	
7.623282	60.0109365	60.0044197	60.0196631	60.0131463	
7.633558	60.0109365	60.0044197	60.0196631	60.0131463	
7.643712	60.0109365	60.0044197	60.0196631	60.0131463	
7.65389	60.0109365	60.0044197	60.0196631	60.0131463	
7.663985	60.0109365	60.0044197	60.0196631	60.0131463	
7.674182	60.0109365	60.0044197	60.0196631	60.0131463	
7.684337	60.0109365	60.0044197	60.0196631	60.0131463	
7.694497	60.0109365	60.0044197	60.0196631	60.0131463	
7.704657	60.0109365	60.0044197	60.0196631	60.0131463	
7.714826	60.0109365	60.0044197	60.0196631	60.0131463	
7.724982	60.0109365	60.0044197	60.0196631	60.0131463	
7.73511	60.0109365	60.0044197	60.0196631	60.0131463	
7.74526	60.0109365	60.0044197	60.0196631	60.0131463	
7.755408	60.0109365	60.0044197	60.0196631	60.0131463	
7.765568	60.0109365	60.0044197	60.0196631	60.0131463	
7.775758	60.0109365	60.0044197	60.0196631	60.0131463	
7.785875	60.0109365	60.0044197	60.0196631	60.0131463	
7.796069	60.0109365	60.0044197	60.0196631	60.0131463	
7.806188	60.0109365	60.0044197	60.0196631	60.0131463	
7.816331	60.0109365	60.0044197	60.0196631	60.0131463	
7.826482	60.0109365	60.0044197	60.0196631	60.0131463	
7.836677	60.0109365	60.0044197	60.0196631	60.0131463	
7.846889	60.0109365	60.0044197	60.0196631	60.0131463	
7.856958	60.0109365	60.0044197	60.0196631	60.0131463	
7.867093	60.0109365	60.0044197	60.0196631	60.0131463	
7.877314	60.0109365	60.0044197	60.0196631	60.0131463	
7.887417	60.0109365	60.0044197	60.0196631	60.0131463	
7.89754	60.0109365	60.0044197	60.0196631	60.0131463	
7.907828	60.0109365	60.0044197	60.0196631	60.0131463	
7.917825	60.0109365	60.0044197	60.0196631	60.0131463	
7.927973	60.0109365	60.0044197	60.0196631	60.0131463	
7.938088	60.0109365	60.0044197	60.0196631	60.0131463	
7.948311	60.0109365	60.0044197	60.0196631	60.0131463	
7.958402	60.0109365	60.0044197	60.0196631	60.0131463	
7.968552	60.0109365	60.0044197	60.0196631	60.0131463	
7.97869	60.0109365	60.0044197	60.0196631	60.0131463	
7.988865	60.0109365	60.0044197	60.0196631	60.0131463	
7.999109	60.0109365	60.0044197	60.0196631	60.0131463	
8.009218	60.0109365	60.0044197	60.0196631	60.0131463	
8.019342	60.0109365	60.0044197	60.0196631	60.0131463	
8.029562	60.0109365	60.0044197	60.0196631	60.0131463	
8.039618	60.0109365	60.0044197	60.0196631	60.0131463	
8.049946	60.0109365	60.0044197	60.0196631	60.0131463	
8.059946	60.0109365	60.0044197	60.0196631	60.0131463	
8.070065	60.0109365	60.0044197	60.0196631	60.0131463	
8.080198	60.0109365	60.0044197	60.0196631	60.0131463	
8.090333	60.0109365	60.0044197	60.0196631	60.0131463	
8.100483	60.0109365	60.0044197	60.0196631	60.0131463	
8.118497	60.0109365	60.0044197	60.0196631	60.0131463	
8.12305	60.0109365	60.0044197	60.0196631	60.0131463	
8.135219	60.0109365	60.0044197	60.0196631	60.0131463	
8.143339	60.0109365	60.0044197	60.0196631	60.0131463	
8.153463	60.0109365	60.0044197	60.0196631	60.0131463	
8.163604	60.0109365	60.0044197	60.0196631	60.0131463	
8.173838	60.0109365	60.0044197	60.0196631	60.0131463	
8.183947	60.0109365	60.0044197	60.0196631	60.0131463	
8.194087	60.0109365	60.0044197	60.0196631	60.0131463	
8.204249	60.0109365	60.0044197	60.0196631	60.0131463	
8.214425	60.0109365	60.0044197	60.0196631	60.0131463	
8.224594	60.0109365	60.0044197	60.0196631	60.0131463	
8.234741	60.0109365	60.0044197	60.0196631	60.0131463	
8.244909	60.0109365	60.0044197	60.0196631	60.0131463	
8.255088	60.0109365	60.0044197	60.0196631	60.0131463	
8.2652	60.0109365	60.0044197	60.0196631	60.0131463	
8.275401	60.0109365	60.0044197	60.0196631	60.0131463	
8.285599	60.0109365	60.0044197	60.0196631	60.0131463	
8.295713	60.0109365	60.0044197	60.0196631	60.0131463	
8.305853	60.0109365	60.0044197	60.0196631	60.0131463	
8.316017	60.0109365	60.0044197	60.0196631	60.0131463	
8.326361	60.0109365	60.0044197	60.0196631	60.0131463	
8.336344	60.0109365	60.0044197	60.0196631	60.0131463	
8.346484	60.0109365	60.0044197	60.0196631	60.0131463	
8.356663	60.0109365	60.0044197	60.0196631	60.0131463	
8.366761	60.0109365	60.0044197	60.0196631	60.0131463	
8.376957	60.0109365	60.0044197	60.0196631	60.0131463	
8.387089	60.0109365	60.0044197	60.0196631	60.0131463	
8.397255	60.0109365	60.0044197	60.0196631	60.0131463	
8.407403	60.0109365	60.0044197	60.0196631	60.0131463	
8.417483	60.0109365	60.0044197	60.0196631	60.0131463	
8.427735	60.0109365	60.0044197	60.0196631	60.0131463	
8.437951	60.0109365	60.0044197	60.0196631	60.0131463	
8.447991	60.0109365	60.0044197	60.0196631	60.0131463	
8.458142	60.0109365	60.0044197	60.0196631	60.0131463	
8.468284	60.0109365	60.0044197	60.0196631	60.0131463	
8.478445	60.0109365	60.0044197	60.0196631	60.0131463	
8.48858	60.0109365	60.0044197	60.0196631	60.0131463	
8.498723	60.0109365	60.0044197	60.0196631	60.0131463	
8.508885	60.0109365	60.0044197	60.0196631	60.0131463	
8.527031	60.0109365	60.0044197	60.0196631	60.0131463	
8.531602	60.0109365	60.0044197	60.0196631	60.0131463	
8.541818	60.0109365	60.0044197	60.0196631	60.0131463	
8.552003	60.0109365	60.0044197	60.0196631	60.0131463	
8.562026	60.0109365	60.0044197	60.0196631	60.0131463	
8.572263	60.0109365	60.0044197	60.0196631	60.0131463	
8.582329	60.0109365	60.0044197	60.0196631	60.0131463	
8.59251	60.0109365	60.0044197	60.0196631	60.0131463	
8.602679	60.0109365	60.0044197	60.0196631	60.0131463	
8.612845	60.0109365	60.0044197	60.0196631	60.0131463	
8.623083	60.0109365	60.0044197	60.0196631	60.0131463	
8.633323	60.0109365	60.0044197	60.0196631	60.0131463	
8.643375	60.0109365	60.0044197	60.0196631	60.0131463	
8.653607	60.0109365	60.0044197	60.0196631	60.0131463	
8.663614	60.0109365	60.0044197	60.0196631	60.0131463	
8.673805	60.0109365	60.0044197	60.0196631	60.0131463	
8.684	60.0109365	60.0044197	60.0196631	60.0131463	
8.694132	60.0109365	60.0044197	60.0196631	60.0131463	
8.704274	60.0109365	60.0044197	60.0196631	60.0131463	
8.714403	60.0109365	60.0044197	60.0196631	60.0131463	
8.724587	60.0109365	60.0044197	60.0196631	60.0131463	
8.734753	60.0109365	60.0044197	60.0196631	60.0131463	
8.744899	60.0109365	60.0044197	60.0196631	60.0131463	
8.755055	60.0109365	60.0044197	60.0196631	60.0131463	
8.76517	60.0109365	60.0044197	60.0196631	60.0131463	
8.775364	60.0109365	60.0044197	60.0196631	60.0131463	
8.785505	60.0109365	60.0044197	60.0196631	60.0131463	
8.79565	60.0109365	60.0044197	60.0196631	60.0131463	
8.805858	60.0109365	60.0044197	60.0196631	60.0131463	
8.815968	60.0109365	60.0044197	60.0196631	60.0131463	
8.826119	60.0109365	60.0044197	60.0196631	60.0131463	
8.836287	60.0109365	60.0044197	60.0196631	60.0131463	
8.846416	60.0109365	60.0044197	60.0196631	60.0131463	
8.856591	60.0109365	60.0044197	60.0196631	60.0131463	
8.866716	60.0109365	60.0044197	60.0196631	60.0131463	
8.876887	60.0109365	60.0044197	60.0196631	60.0131463	
8.887098	60.0109365	60.0044197	60.0196631	60.0131463	
8.897204	60.0109365	60.0044197	60.0196631	60.0131463	
8.907289	60.0109365	60.0044197	60.0196631	60.0131463	
8.917539	60.0109365	60.0044197	60.0196631	60.0131463	
8.927632	60.0109365	60.0044197	60.0196631	60.0131463	
8.937777	60.0109365	60.0044197	60.0196631	60.0131463	
8.947956	60.0109365	60.0044197	60.0196631	60.0131463	
8.958102	60.0109365	60.0044197	60.0196631	60.0131463	
8.968219	60.0109365	60.0044197	60.0196631	60.0131463	
8.978372	60.0109365	60.0044197	60.0196631	60.0131463	
8.988519	60.0109365	60.0044197	60.0196631	60.0131463	
8.998659	60.0109365	60.0044197	60.0196631	60.0131463	
9.008788	60.0109365	60.0044197	60.0196631	60.0131463	
9.018963	60.0109365	60.0044197	60.0196631	60.0131463	
9.036963	60.0109365	60.0044197	60.0196631	60.0131463	
9.041514	60.0109365	60.0044197	60.0196631	60.0131463	
9.051676	60.0109365	60.0044197	60.0196631	60.0131463	
9.061906	60.0109365	60.0044197	60.0196631	60.0131463	
9.071998	60.0109365	60.0044197	60.0196631	60.0131463	
9.08214	60.0109365	60.0044197	60.0196631	60.0131463	
9.092305	60.0109365	60.0044197	60.0196631	60.0131463	
9.102458	60.0109365	60.0044197	60.0196631	60.0131463	
9.11261	60.0109365	60.0044197	60.0196631	60.0131463	
9.122767	60.0109365	60.0044197	60.0196631	60.0131463	
9.13292	60.0109365	60.0044197	60.0196631	60.0131463	
9.143162	60.0109365	60.0044197	60.0196631	60.0131463	
9.153246	60.0109365	60.0044197	60.0196631	60.0131463	
9.163458	60.0109365	60.0044197	60.0196631	60.0131463	
9.173675	60.0109365	60.0044197	60.0196631	60.0131463	
9.183733	60.0109365	60.0044197	60.0196631	60.0131463	
9.193929	60.0109365	60.0044197	60.0196631	60.0131463	
9.204151	60.0109365	60.0044197	60.0196631	60.0131463	
9.214211	60.0109365	60.0044197	60.0196631	60.0131463	
9.224404	60.0109365	60.0044197	60.0196631	60.0131463	
9.234529	60.0109365	60.0044197	60.0196631	60.0131463	
9.2447	60.0109365	60.0044197	60.0196631	60.0131463	
9.254872	60.0109365	60.0044197	60.0196631	60.0131463	
9.264975	60.0109365	60.0044197	60.0196631	60.0131463	
9.275183	60.0109365	60.0044197	60.0196631	60.0131463	
9.285376	60.0109365	60.0044197	60.0196631	60.0131463	
9.295498	60.0109365	60.0044197	60.0196631	60.0131463	
9.305641	60.0109365	60.0044197	60.0196631	60.0131463	
9.315787	60.0109365	60.0044197	60.0196631	60.0131463	
9.325975	60.0109365	60.0044197	60.0196631	60.0131463	
9.336108	60.0109365	60.0044197	60.0196631	60.0131463	
9.346263	60.0109365	60.0044197	60.0196631	60.0131463	
9.356443	60.0109365	60.0044197	60.0196631	60.0131463	
9.366826	60.0109365	60.0044197	60.0196631	60.0131463	
9.377028	60.0109365	60.0044197	60.0196631	60.0131463	
9.38715	60.0109365	60.0044197	60.0196631	60.0131463	
9.397321	60.0109365	60.0044197	60.0196631	60.0131463	
9.407448	60.0109365	60.0044197	60.0196631	60.0131463	
9.41755	60.0109365	60.0044197	60.0196631	60.0131463	
9.427785	60.0109365	60.0044197	60.0196631	60.0131463	
9.43797	60.0109365	60.0044197	60.0196631	60.0131463	
9.448048	60.0109365	60.0044197	60.0196631	60.0131463	
9.458158	60.0109365	60.0044197	60.0196631	60.0131463	
9.468474	60.0109365	60.0044197	60.0196631	60.0131463	
9.478468	60.0109365	60.0044197	60.0196631	60.0131463	
9.48861	60.0109365	60.0044197	60.0196631	60.0131463	
9.498742	60.0109365	60.0044197	60.0196631	60.0131463	
9.508915	60.0109365	60.0044197	60.0196631	60.0131463	
9.519193	60.0109365	60.0044197	60.0196631	60.0131463	
9.529241	60.0109365	60.0044197	60.0196631	60.0131463	
9.539429	60.0109365	60.0044197	60.0196631	60.0131463	
9.549614	60.0109365	60.0044197	60.0196631	60.0131463	
9.559658	60.0109365	60.0044197	60.0196631	60.0131463	
9.569835	60.0109365	60.0044197	60.0196631	60.0131463	
9.580122	60.0109365	60.0044197	60.0196631	60.0131463	
9.590122	60.0109365	60.0044197	60.0196631	60.0131463	
9.600251	60.0109365	60.0044197	60.0196631	60.0131463	
9.610385	60.0109365	60.0044197	60.0196631	60.0131463	
9.620649	60.0109365	60.0044197	60.0196631	60.0131463	
9.630841	60.0109365	60.0044197	60.0196631	60.0131463	
9.640922	60.0109365	60.0044197	60.0196631	60.0131463	
9.651096	60.0109365	60.0044197	60.0196631	60.0131463	
9.661184	60.0109365	60.0044197	60.0196631	60.0131463	
9.671376	60.0109365	60.0044197	60.0196631	60.0131463	
9.681634	60.0109365	60.0044197	60.0196631	60.0131463	
9.691723	60.0109365	60.0044197	60.0196631	60.0131463	
9.701922	60.0109365	60.0044197	60.0196631	60.0131463	
9.712024	60.0109365	60.0044197	60.0196631	60.0131463	
9.722181	60.0109365	60.0044197	60.0196631	60.0131463	
9.73237	60.0109365	60.0044197	60.0196631	60.0131463	
9.742501	60.0109365	60.0044197	60.0196631	60.0131463	
9.752646	60.0109365	60.0044197	60.0196631	60.0131463	
9.762758	60.0109365	60.0044197	60.0196631	60.0131463	
9.772962	60.0109365	60.0044197	60.0196631	60.0131463	
9.783195	60.0109365	60.0044197	60.0196631	60.0131463	
9.793333	60.0109365	60.0044197	60.0196631	60.0131463	
9.803467	60.0109365	60.0044197	60.0196631	60.0131463	
9.813707	60.0109365	60.0044197	60.0196631	60.0131463	
9.82377	60.0109365	60.0044197	60.0196631	60.0131463	
9.833922	60.0109365	60.0044197	60.0196631	60.0131463	
9.84412	60.0109365	60.0044197	60.0196631	60.0131463	
9.854243	60.0109365	60.0044197	60.0196631	60.0131463	
9.864372	60.0109365	60.0044197	60.0196631	60.0131463	
9.874532	60.0109365	60.0044197	60.0196631	60.0131463	
9.884741	60.0109365	60.0044197	60.0196631	60.0131463	
9.895213	60.0109365	60.0044197	60.0196631	60.0131463	
9.905243	60.0109365	60.0044197	60.0196631	60.0131463	
9.915402	60.0109365	60.0044197	60.0196631	60.0131463	
9.92566	60.0109365	60.0044197	60.0196631	60.0131463	
9.935729	60.0109365	60.0044197	60.0196631	60.0131463	
9.945896	60.0109365	60.0044197	60.0196631	60.0131463	
9.956035	60.0109365	60.0044197	60.0196631	60.0131463	
9.966148	60.0109365	60.0044197	60.0196631	60.0131463	
9.976353	60.0109365	60.0044197	60.0196631	60.0131463	
9.986486	60.0109365	60.0044197	60.0196631	60.0131463	
9.996682	60.0109365	60.0044197	60.0196631	60.0131463	
10.0068	60.0109365	60.0044197	60.0196631	60.0131463	
10.01695	60.0109365	60.0044197	60.0196631	60.0131463	
10.02708	60.0109365	60.0044197	60.0196631	60.0131463	
10.03721	60.0109365	60.0044197	60.0196631	60.0131463	
10.04738	60.0109365	60.0044197	60.0196631	60.0131463	
10.05753	60.0109365	60.0044197	60.0196631	60.0131463	
10.06773	60.0109365	60.0044197	60.0196631	60.0131463	
10.07787	60.0109365	60.0044197	60.0196631	60.0131463	
10.08831	60.0109365	60.0044197	60.0196631	60.0131463	
10.09811	60.0109365	60.0044197	60.0196631	60.0131463	
10.10833	60.0109365	60.0044197	60.0196631	60.0131463	
